1,1,150.9,182.05,59.508,119.02,2,1,1,2,0,0,0,0,0,0,0,0,0,0,0,0,0,0,0,0
1,2,227.9,192.87,52.866,105.73,2,1,2,2,0,0,0,0,0,0,0,0,0,0,0,0,0,0,0,0
1,3,303.87,190.71,55.298,110.6,2,1,3,2,0,0,0,0,0,0,0,0,0,0,0,0,0,0,0,0
2,1,154.41,181.95,59.601,119.2,2,1,0,0,0,0,0,0,0,0,0,0,0,0,0,0,0,0,0,0
2,2,230.98,192.79,52.935,105.87,2,1,0,0,0,0,0,0,0,0,0,0,0,0,0,0,0,0,0,0
2,3,307.15,190.61,55.442,110.88,2,1,0,0,0,0,0,0,0,0,0,0,0,0,0,0,0,0,0,0
3,1,157.16,182.41,59.711,119.42,2,1,0,0,0,0,0,0,0,0,0,0,0,0,0,0,0,0,0,0
3,2,233.35,193.29,53.009,106.02,2,1,0,0,0,0,0,0,0,0,0,0,0,0,0,0,0,0,0,0
3,3,309.74,191.09,55.579,111.16,2,1,0,0,0,0,0,0,0,0,0,0,0,0,0,0,0,0,0,0
4,1,163.69,181.93,59.671,119.34,2,1,0,0,0,0,0,0,0,0,0,0,0,0,0,0,0,0,0,0
4,2,239.19,192.79,52.998,106,2,1,0,0,0,0,0,0,0,0,0,0,0,0,0,0,0,0,0,0
4,3,315.64,190.56,55.683,111.37,2,1,0,0,0,0,0,0,0,0,0,0,0,0,0,0,0,0,0,0
5,1,170.74,180.99,59.621,119.24,2,1,0,0,0,0,0,0,0,0,0,0,0,0,0,0,0,0,0,0
5,2,245.53,191.84,52.985,105.97,2,1,0,0,0,0,0,0,0,0,0,0,0,0,0,0,0,0,0,0
5,3,322.04,189.58,55.796,111.59,2,1,0,0,0,0,0,0,0,0,0,0,0,0,0,0,0,0,0,0
6,1,172.15,179.66,59.763,119.53,2,1,0,0,0,0,0,0,0,0,0,0,0,0,0,0,0,0,0,0
6,2,246.64,190.54,53.068,106.14,2,1,0,0,0,0,0,0,0,0,0,0,0,0,0,0,0,0,0,0
6,3,323.42,188.27,55.922,111.84,2,1,0,0,0,0,0,0,0,0,0,0,0,0,0,0,0,0,0,0
7,1,176.78,179.02,59.799,119.6,2,1,0,0,0,0,0,0,0,0,0,0,0,0,0,0,0,0,0,0
7,2,250.74,189.91,53.099,106.2,2,1,0,0,0,0,0,0,0,0,0,0,0,0,0,0,0,0,0,0
7,3,327.68,187.62,56.045,112.09,2,1,0,0,0,0,0,0,0,0,0,0,0,0,0,0,0,0,0,0
8,1,179.82,176.99,59.896,119.79,2,1,0,0,0,0,0,0,0,0,0,0,0,0,0,0,0,0,0,0
8,2,253.36,187.9,53.162,106.32,2,1,0,0,0,0,0,0,0,0,0,0,0,0,0,0,0,0,0,0
8,3,330.55,185.59,56.177,112.35,2,1,0,0,0,0,0,0,0,0,0,0,0,0,0,0,0,0,0,0
9,1,185.84,176.07,59.899,119.8,2,1,0,0,0,0,0,0,0,0,0,0,0,0,0,0,0,0,0,0
9,2,258.78,186.97,53.181,106.36,2,1,0,0,0,0,0,0,0,0,0,0,0,0,0,0,0,0,0,0
9,3,336.13,184.63,56.311,112.62,2,1,0,0,0,0,0,0,0,0,0,0,0,0,0,0,0,0,0,0
10,1,192.46,178.65,59.889,119.78,2,1,0,0,0,0,0,0,0,0,0,0,0,0,0,0,0,0,0,0
10,2,264.77,189.54,53.196,106.39,2,1,0,0,0,0,0,0,0,0,0,0,0,0,0,0,0,0,0,0
10,3,342.29,187.17,56.452,112.9,2,1,0,0,0,0,0,0,0,0,0,0,0,0,0,0,0,0,0,0
11,1,194.09,178.01,60.032,120.06,2,1,1,2,4.5478,-0.54264,0.043231,0.086462,2,1,224.11,298.07,60.032,120.06,224.11,224.11,393.9,298.07,382.97,298.07
11,2,266.07,188.94,53.281,106.56,2,1,2,2,4.0257,-0.54897,0.035766,0.071531,2,1,292.71,295.5,53.281,106.56,292.71,292.71,443.41,295.5,370.85,295.5
11,3,343.89,186.55,56.587,113.17,2,1,3,2,4.2498,-0.39136,0.12622,0.25244,2,1,372.19,299.73,56.587,113.17,372.19,372.19,532.24,299.73,379.75,299.73
11,4,65.713,156.86,53.053,106.11,6,1,4,2,0,0,0,0,0,0,0,0,0,0,0,0,0,0,0,0
11,5,131.13,158.43,55.37,110.74,5,1,5,2,0,0,0,0,0,0,0,0,0,0,0,0,0,0,0,0
12,1,195.76,180.05,60.175,120.35,2,1,0,0,0,0,0,0,0,0,0,0,0,0,0,0,0,0,0,0
12,2,267.41,191.02,53.365,106.73,2,1,0,0,0,0,0,0,0,0,0,0,0,0,0,0,0,0,0,0
12,3,345.54,188.62,56.723,113.45,2,1,0,0,0,0,0,0,0,0,0,0,0,0,0,0,0,0,0,0
12,4,64.949,159.44,52.467,104.93,6,1,0,0,0,0,0,0,0,0,0,0,0,0,0,0,0,0,0,0
12,5,129.52,160.62,55.251,110.5,5,1,0,0,0,0,0,0,0,0,0,0,0,0,0,0,0,0,0,0
13,1,196.9,181.85,60.333,120.67,2,1,0,0,0,0,0,0,0,0,0,0,0,0,0,0,0,0,0,0
13,2,268.24,192.86,53.455,106.91,2,1,0,0,0,0,0,0,0,0,0,0,0,0,0,0,0,0,0,0
13,3,346.71,190.44,56.855,113.71,2,1,0,0,0,0,0,0,0,0,0,0,0,0,0,0,0,0,0,0
13,4,63.54,161.75,51.921,103.84,6,1,0,0,0,0,0,0,0,0,0,0,0,0,0,0,0,0,0,0
13,5,127.32,162.56,55.153,110.31,5,1,0,0,0,0,0,0,0,0,0,0,0,0,0,0,0,0,0,0
14,1,198.97,181.21,60.462,120.92,2,1,0,0,0,0,0,0,0,0,0,0,0,0,0,0,0,0,0,0
14,2,269.94,192.25,53.532,107.06,2,1,0,0,0,0,0,0,0,0,0,0,0,0,0,0,0,0,0,0
14,3,348.72,189.82,56.99,113.98,2,1,0,0,0,0,0,0,0,0,0,0,0,0,0,0,0,0,0,0
14,4,63.238,161.64,51.34,102.68,6,1,0,0,0,0,0,0,0,0,0,0,0,0,0,0,0,0,0,0
14,5,126.13,162.07,55.018,110.04,5,1,0,0,0,0,0,0,0,0,0,0,0,0,0,0,0,0,0,0
15,1,202.39,180.73,60.558,121.12,2,1,0,0,0,0,0,0,0,0,0,0,0,0,0,0,0,0,0,0
15,2,272.91,191.79,53.597,107.19,2,1,0,0,0,0,0,0,0,0,0,0,0,0,0,0,0,0,0,0
15,3,352,189.34,57.134,114.27,2,1,0,0,0,0,0,0,0,0,0,0,0,0,0,0,0,0,0,0
15,4,64.575,161.71,50.708,101.42,6,1,0,0,0,0,0,0,0,0,0,0,0,0,0,0,0,0,0,0
15,5,126.41,161.77,54.831,109.66,5,1,0,0,0,0,0,0,0,0,0,0,0,0,0,0,0,0,0,0
16,1,203.47,180.34,60.72,121.44,2,1,0,0,0,0,0,0,0,0,0,0,0,0,0,0,0,0,0,0
16,2,273.67,191.44,53.689,107.38,2,1,0,0,0,0,0,0,0,0,0,0,0,0,0,0,0,0,0,0
16,3,353.11,188.97,57.269,114.54,2,1,0,0,0,0,0,0,0,0,0,0,0,0,0,0,0,0,0,0
16,4,63.043,161.78,50.206,100.41,6,1,0,0,0,0,0,0,0,0,0,0,0,0,0,0,0,0,0,0
16,5,124.11,161.5,54.742,109.48,5,1,0,0,0,0,0,0,0,0,0,0,0,0,0,0,0,0,0,0
17,1,204.02,179.05,60.897,121.79,2,1,0,0,0,0,0,0,0,0,0,0,0,0,0,0,0,0,0,0
17,2,273.91,190.19,53.787,107.57,2,1,0,0,0,0,0,0,0,0,0,0,0,0,0,0,0,0,0,0
17,3,353.73,187.72,57.401,114.8,2,1,0,0,0,0,0,0,0,0,0,0,0,0,0,0,0,0,0,0
17,4,60.85,160.94,49.744,99.487,6,1,0,0,0,0,0,0,0,0,0,0,0,0,0,0,0,0,0,0
17,5,121.2,160.32,54.677,109.35,5,1,0,0,0,0,0,0,0,0,0,0,0,0,0,0,0,0,0,0
18,1,204.2,179.72,61.08,122.16,2,1,0,0,0,0,0,0,0,0,0,0,0,0,0,0,0,0,0,0
18,2,273.81,190.91,53.886,107.77,2,1,0,0,0,0,0,0,0,0,0,0,0,0,0,0,0,0,0,0
18,3,354,188.43,57.526,115.05,2,1,0,0,0,0,0,0,0,0,0,0,0,0,0,0,0,0,0,0
18,4,58.191,162.03,49.308,98.617,6,1,0,0,0,0,0,0,0,0,0,0,0,0,0,0,0,0,0,0
18,5,117.86,161.1,54.627,109.25,5,1,0,0,0,0,0,0,0,0,0,0,0,0,0,0,0,0,0,0
19,1,205.95,180.04,61.224,122.45,2,1,0,0,0,0,0,0,0,0,0,0,0,0,0,0,0,0,0,0
19,2,275.17,191.27,53.97,107.94,2,1,0,0,0,0,0,0,0,0,0,0,0,0,0,0,0,0,0,0
19,3,355.72,188.77,57.663,115.33,2,1,0,0,0,0,0,0,0,0,0,0,0,0,0,0,0,0,0,0
19,4,57.429,162.82,48.81,97.62,6,1,0,0,0,0,0,0,0,0,0,0,0,0,0,0,0,0,0,0
19,5,116.24,161.56,54.515,109.03,5,1,0,0,0,0,0,0,0,0,0,0,0,0,0,0,0,0,0,0
20,1,208.57,180.56,61.343,122.69,2,1,0,0,0,0,0,0,0,0,0,0,0,0,0,0,0,0,0,0
20,2,277.36,191.81,54.044,108.09,2,1,0,0,0,0,0,0,0,0,0,0,0,0,0,0,0,0,0,0
20,3,358.26,189.29,57.804,115.61,2,1,0,0,0,0,0,0,0,0,0,0,0,0,0,0,0,0,0,0
20,4,57.757,163.81,48.279,96.557,6,1,0,0,0,0,0,0,0,0,0,0,0,0,0,0,0,0,0,0
20,5,115.61,162.23,54.365,108.73,5,1,0,0,0,0,0,0,0,0,0,0,0,0,0,0,0,0,0,0
21,1,210.85,181.24,61.47,122.94,2,1,1,2,1.6395,0.24214,0.14708,0.29416,2,1,241.59,304.18,61.47,122.94,241.59,241.59,415.45,304.18,391.11,304.18
21,2,279.23,192.53,54.119,108.24,2,1,2,2,1.2511,0.15493,0.085229,0.17046,2,1,306.29,300.77,54.119,108.24,306.29,306.29,459.36,300.77,377.3,300.77
21,3,360.48,189.99,57.941,115.88,2,1,3,2,1.6249,0.23984,0.13502,0.27003,2,1,389.46,305.87,57.941,115.88,389.46,389.46,553.34,305.87,387.81,305.87
21,4,57.662,164.96,47.774,95.548,6,1,4,2,-1.2059,-0.60562,-0.51541,-1.0308,6,1,81.549,260.51,47.774,95.548,81.549,81.549,-53.576,260.51,192.94,260.51
21,5,114.6,163.07,54.229,108.46,5,1,5,2,-1.8376,-0.13211,-0.10848,-0.21695,5,1,141.71,271.52,54.229,108.46,141.71,33.252,33.252,271.52,217.29,325.75
22,1,213.56,181.6,61.588,123.18,2,1,0,0,0,0,0,0,0,0,0,0,0,0,0,0,0,0,0,0
22,2,281.5,192.92,54.193,108.39,2,1,0,0,0,0,0,0,0,0,0,0,0,0,0,0,0,0,0,0
22,3,363.12,190.36,58.084,116.17,2,1,0,0,0,0,0,0,0,0,0,0,0,0,0,0,0,0,0,0
22,4,58.094,165.78,47.261,94.523,6,1,0,0,0,0,0,0,0,0,0,0,0,0,0,0,0,0,0,0
22,5,114.06,163.59,54.077,108.15,5,1,0,0,0,0,0,0,0,0,0,0,0,0,0,0,0,0,0,0
23,1,215.94,180.63,61.716,123.43,2,1,0,0,0,0,0,0,0,0,0,0,0,0,0,0,0,0,0,0
23,2,283.45,191.98,54.271,108.54,2,1,0,0,0,0,0,0,0,0,0,0,0,0,0,0,0,0,0,0
23,3,365.44,189.41,58.226,116.45,2,1,0,0,0,0,0,0,0,0,0,0,0,0,0,0,0,0,0,0
23,4,58.099,165.26,46.777,93.554,6,1,0,0,0,0,0,0,0,0,0,0,0,0,0,0,0,0,0,0
23,5,113.13,162.77,53.941,107.88,5,1,0,0,0,0,0,0,0,0,0,0,0,0,0,0,0,0,0,0
24,1,217.02,179.72,61.88,123.76,2,1,0,0,0,0,0,0,0,0,0,0,0,0,0,0,0,0,0,0
24,2,284.16,191.11,54.364,108.73,2,1,0,0,0,0,0,0,0,0,0,0,0,0,0,0,0,0,0,0
24,3,366.54,188.52,58.359,116.72,2,1,0,0,0,0,0,0,0,0,0,0,0,0,0,0,0,0,0,0
24,4,56.472,164.75,46.366,92.731,6,1,0,0,0,0,0,0,0,0,0,0,0,0,0,0,0,0,0,0
24,5,110.72,161.98,53.865,107.73,5,1,0,0,0,0,0,0,0,0,0,0,0,0,0,0,0,0,0,0
25,1,219.31,180.3,62.016,124.03,2,1,0,0,0,0,0,0,0,0,0,0,0,0,0,0,0,0,0,0
25,2,286.02,191.72,54.448,108.9,2,1,0,0,0,0,0,0,0,0,0,0,0,0,0,0,0,0,0,0
25,3,368.8,189.12,58.505,117.01,2,1,0,0,0,0,0,0,0,0,0,0,0,0,0,0,0,0,0,0
25,4,56.349,165.75,45.908,91.817,6,1,0,0,0,0,0,0,0,0,0,0,0,0,0,0,0,0,0,0
25,5,109.68,162.7,53.738,107.48,5,1,0,0,0,0,0,0,0,0,0,0,0,0,0,0,0,0,0,0
26,1,222.8,178.37,62.119,124.24,2,1,0,0,0,0,0,0,0,0,0,0,0,0,0,0,0,0,0,0
26,2,289.02,189.82,54.518,109.04,2,1,0,0,0,0,0,0,0,0,0,0,0,0,0,0,0,0,0,0
26,3,372.18,187.19,58.658,117.32,2,1,0,0,0,0,0,0,0,0,0,0,0,0,0,0,0,0,0,0
26,4,57.729,164.28,45.401,90.803,6,1,0,0,0,0,0,0,0,0,0,0,0,0,0,0,0,0,0,0
26,5,110.01,160.95,53.556,107.11,5,1,0,0,0,0,0,0,0,0,0,0,0,0,0,0,0,0,0,0
27,1,224.49,178.65,62.263,124.53,2,1,0,0,0,0,0,0,0,0,0,0,0,0,0,0,0,0,0,0
27,2,290.3,190.13,54.601,109.2,2,1,0,0,0,0,0,0,0,0,0,0,0,0,0,0,0,0,0,0
27,3,373.86,187.49,58.791,117.58,2,1,0,0,0,0,0,0,0,0,0,0,0,0,0,0,0,0,0,0
27,4,56.854,164.95,44.986,89.972,6,1,0,0,0,0,0,0,0,0,0,0,0,0,0,0,0,0,0,0
27,5,108.29,161.36,53.45,106.9,5,1,0,0,0,0,0,0,0,0,0,0,0,0,0,0,0,0,0,0
28,1,225.28,180.79,62.438,124.88,2,1,0,0,0,0,0,0,0,0,0,0,0,0,0,0,0,0,0,0
28,2,290.72,192.31,54.7,109.4,2,1,0,0,0,0,0,0,0,0,0,0,0,0,0,0,0,0,0,0
28,3,374.71,189.66,58.924,117.85,2,1,0,0,0,0,0,0,0,0,0,0,0,0,0,0,0,0,0,0
28,4,54.798,167.45,44.628,89.257,6,1,0,0,0,0,0,0,0,0,0,0,0,0,0,0,0,0,0,0
28,5,105.48,163.61,53.394,106.79,5,1,0,0,0,0,0,0,0,0,0,0,0,0,0,0,0,0,0,0
29,1,227.62,181.1,62.569,125.14,2,1,0,0,0,0,0,0,0,0,0,0,0,0,0,0,0,0,0,0
29,2,292.6,192.66,54.78,109.56,2,1,0,0,0,0,0,0,0,0,0,0,0,0,0,0,0,0,0,0
29,3,377,189.99,59.066,118.13,2,1,0,0,0,0,0,0,0,0,0,0,0,0,0,0,0,0,0,0
29,4,54.701,168.16,44.202,88.405,6,1,0,0,0,0,0,0,0,0,0,0,0,0,0,0,0,0,0,0
29,5,104.48,164.07,53.264,106.53,5,1,0,0,0,0,0,0,0,0,0,0,0,0,0,0,0,0,0,0
30,1,229.63,181.59,62.711,125.42,2,1,0,0,0,0,0,0,0,0,0,0,0,0,0,0,0,0,0,0
30,2,294.18,193.18,54.866,109.73,2,1,0,0,0,0,0,0,0,0,0,0,0,0,0,0,0,0,0,0
30,3,379,190.49,59.207,118.41,2,1,0,0,0,0,0,0,0,0,0,0,0,0,0,0,0,0,0,0
30,4,54.174,169.02,43.802,87.604,6,1,0,0,0,0,0,0,0,0,0,0,0,0,0,0,0,0,0,0
30,5,103.08,164.69,53.152,106.3,5,1,0,0,0,0,0,0,0,0,0,0,0,0,0,0,0,0,0,0
31,1,232.01,181.75,62.845,125.69,2,1,1,2,2.0971,0.38183,0.14022,0.28043,2,1,263.44,307.45,62.845,125.69,263.44,263.44,441.19,307.45,396.32,307.45
31,2,296.12,193.38,54.95,109.9,2,1,2,2,1.6436,0.30398,0.084211,0.16842,2,1,323.59,303.28,54.95,109.9,323.59,323.59,479.01,303.28,380.99,303.28
31,3,381.37,190.68,59.352,118.7,2,1,3,2,2.0756,0.40059,0.14064,0.28129,2,1,411.04,309.38,59.352,118.7,411.04,411.04,578.91,309.38,393.32,309.38
31,5,102.12,165.01,53.023,106.05,5,1,5,2,-1.4118,0.0092832,-0.11609,-0.23219,5,1,128.63,271.05,53.023,106.05,128.63,22.584,22.584,271.05,218.03,324.08
31,6,165.85,171.71,48.104,96.209,1,1,6,2,0,0,0,0,0,0,0,0,0,0,0,0,0,0,0,0
31,7,193.84,173,48.523,97.046,7,1,6,2,0,0,0,0,0,0,0,0,0,0,0,0,0,0,0,0
31,8,265.4,203.83,51.563,103.13,2,1,7,0,0,0,0,0,0,0,0,0,0,0,0,0,0,0,0,0
32,1,234.8,183.85,62.968,125.94,2,1,0,0,0,0,0,0,0,0,0,0,0,0,0,0,0,0,0,0
32,2,298.43,195.5,55.03,110.06,2,1,0,0,0,0,0,0,0,0,0,0,0,0,0,0,0,0,0,0
32,3,384.11,192.78,59.5,119,2,1,0,0,0,0,0,0,0,0,0,0,0,0,0,0,0,0,0,0
32,5,101.63,167.26,52.874,105.75,5,1,0,0,0,0,0,0,0,0,0,0,0,0,0,0,0,0,0,0
32,6,167.53,174.02,47.866,95.731,1,1,0,0,0,0,0,0,0,0,0,0,0,0,0,0,0,0,0,0
32,7,195.29,175.28,48.317,96.635,7,1,0,0,0,0,0,0,0,0,0,0,0,0,0,0,0,0,0,0
32,8,268.94,205.97,51.693,103.39,2,1,0,0,0,0,0,0,0,0,0,0,0,0,0,0,0,0,0,0
33,1,236.78,184.02,63.109,126.22,2,1,0,0,0,0,0,0,0,0,0,0,0,0,0,0,0,0,0,0
33,2,299.97,195.7,55.115,110.23,2,1,0,0,0,0,0,0,0,0,0,0,0,0,0,0,0,0,0,0
33,3,386.09,192.97,59.638,119.28,2,1,0,0,0,0,0,0,0,0,0,0,0,0,0,0,0,0,0,0
33,5,100.19,167.57,52.762,105.52,5,1,0,0,0,0,0,0,0,0,0,0,0,0,0,0,0,0,0,0
33,6,168.32,174.39,47.653,95.307,1,1,0,0,0,0,0,0,0,0,0,0,0,0,0,0,0,0,0,0
33,7,195.89,175.62,48.134,96.268,7,1,0,0,0,0,0,0,0,0,0,0,0,0,0,0,0,0,0,0
33,8,271.71,206.18,51.834,103.67,2,1,0,0,0,0,0,0,0,0,0,0,0,0,0,0,0,0,0,0
34,1,238.42,183.59,63.259,126.52,2,1,0,0,0,0,0,0,0,0,0,0,0,0,0,0,0,0,0,0
34,2,301.19,195.32,55.205,110.41,2,1,0,0,0,0,0,0,0,0,0,0,0,0,0,0,0,0,0,0
34,3,387.75,192.57,59.772,119.54,2,1,0,0,0,0,0,0,0,0,0,0,0,0,0,0,0,0,0,0
34,5,98.34,167.27,52.668,105.34,5,1,0,0,0,0,0,0,0,0,0,0,0,0,0,0,0,0,0,0
34,6,168.72,174.16,47.455,94.909,1,1,0,0,0,0,0,0,0,0,0,0,0,0,0,0,0,0,0,0
34,7,196.12,175.37,47.962,95.924,7,1,0,0,0,0,0,0,0,0,0,0,0,0,0,0,0,0,0,0
34,8,274.16,205.81,51.981,103.96,2,1,0,0,0,0,0,0,0,0,0,0,0,0,0,0,0,0,0,0
35,1,238.7,183.48,63.435,126.87,2,1,0,0,0,0,0,0,0,0,0,0,0,0,0,0,0,0,0,0
35,2,301.07,195.25,55.3,110.6,2,1,0,0,0,0,0,0,0,0,0,0,0,0,0,0,0,0,0,0
35,3,388.08,192.49,59.884,119.77,2,1,0,0,0,0,0,0,0,0,0,0,0,0,0,0,0,0,0,0
35,5,94.846,167.24,52.637,105.27,5,1,0,0,0,0,0,0,0,0,0,0,0,0,0,0,0,0,0,0
35,6,167.63,174.22,47.297,94.594,1,1,0,0,0,0,0,0,0,0,0,0,0,0,0,0,0,0,0,0
35,7,194.89,175.41,47.824,95.647,7,1,0,0,0,0,0,0,0,0,0,0,0,0,0,0,0,0,0,0
35,8,275.27,205.76,52.14,104.28,2,1,0,0,0,0,0,0,0,0,0,0,0,0,0,0,0,0,0,0
36,1,241.28,183.52,63.564,127.13,2,1,0,0,0,0,0,0,0,0,0,0,0,0,0,0,0,0,0,0
36,2,303.19,195.32,55.383,110.77,2,1,0,0,0,0,0,0,0,0,0,0,0,0,0,0,0,0,0,0
36,3,390.65,192.54,60.029,120.06,2,1,0,0,0,0,0,0,0,0,0,0,0,0,0,0,0,0,0,0
36,5,94.103,167.44,52.5,105,5,1,0,0,0,0,0,0,0,0,0,0,0,0,0,0,0,0,0,0
36,6,169.01,174.46,47.073,94.147,1,1,0,0,0,0,0,0,0,0,0,0,0,0,0,0,0,0,0,0
36,7,196.07,175.62,47.63,95.26,7,1,0,0,0,0,0,0,0,0,0,0,0,0,0,0,0,0,0,0
36,8,278.65,205.84,52.275,104.55,2,1,0,0,0,0,0,0,0,0,0,0,0,0,0,0,0,0,0,0
37,1,246.55,183.25,63.64,127.28,2,1,0,0,0,0,0,0,0,0,0,0,0,0,0,0,0,0,0,0
37,2,307.91,195.06,55.454,110.91,2,1,0,0,0,0,0,0,0,0,0,0,0,0,0,0,0,0,0,0
37,3,395.84,192.25,60.216,120.43,2,1,0,0,0,0,0,0,0,0,0,0,0,0,0,0,0,0,0,0
37,5,96.593,167.39,52.235,104.47,5,1,0,0,0,0,0,0,0,0,0,0,0,0,0,0,0,0,0,0
37,6,173.27,174.42,46.774,93.549,1,1,0,0,0,0,0,0,0,0,0,0,0,0,0,0,0,0,0,0
37,7,200.05,175.55,47.373,94.745,7,1,0,0,0,0,0,0,0,0,0,0,0,0,0,0,0,0,0,0
37,8,284.68,205.6,52.386,104.77,2,1,0,0,0,0,0,0,0,0,0,0,0,0,0,0,0,0,0,0
38,1,250.98,183.36,63.74,127.48,2,1,0,0,0,0,0,0,0,0,0,0,0,0,0,0,0,0,0,0
38,2,311.82,195.2,55.535,111.07,2,1,0,0,0,0,0,0,0,0,0,0,0,0,0,0,0,0,0,0
38,3,400.23,192.36,60.396,120.79,2,1,0,0,0,0,0,0,0,0,0,0,0,0,0,0,0,0,0,0
38,5,98.073,167.71,52.013,104.03,5,1,0,0,0,0,0,0,0,0,0,0,0,0,0,0,0,0,0,0
38,6,176.6,174.76,46.506,93.012,1,1,0,0,0,0,0,0,0,0,0,0,0,0,0,0,0,0,0,0
38,7,203.12,175.86,47.141,94.282,7,1,0,0,0,0,0,0,0,0,0,0,0,0,0,0,0,0,0,0
38,8,289.89,205.75,52.511,105.02,2,1,0,0,0,0,0,0,0,0,0,0,0,0,0,0,0,0,0,0
39,1,252.82,183.46,63.888,127.78,2,1,0,0,0,0,0,0,0,0,0,0,0,0,0,0,0,0,0,0
39,2,313.22,195.32,55.627,111.25,2,1,0,0,0,0,0,0,0,0,0,0,0,0,0,0,0,0,0,0
39,3,402.11,192.48,60.533,121.07,2,1,0,0,0,0,0,0,0,0,0,0,0,0,0,0,0,0,0,0
39,5,96.449,167.94,51.911,103.82,5,1,0,0,0,0,0,0,0,0,0,0,0,0,0,0,0,0,0,0
39,6,177.12,175.05,46.312,92.625,1,1,0,0,0,0,0,0,0,0,0,0,0,0,0,0,0,0,0,0
39,7,203.48,176.12,46.972,93.944,7,1,0,0,0,0,0,0,0,0,0,0,0,0,0,0,0,0,0,0
39,8,292.58,205.89,52.659,105.32,2,1,0,0,0,0,0,0,0,0,0,0,0,0,0,0,0,0,0,0
40,1,257.26,184.45,63.99,127.98,2,1,0,0,0,0,0,0,0,0,0,0,0,0,0,0,0,0,0,0
40,2,317.15,196.34,55.71,111.42,2,1,0,0,0,0,0,0,0,0,0,0,0,0,0,0,0,0,0,0
40,3,406.54,193.47,60.716,121.43,2,1,0,0,0,0,0,0,0,0,0,0,0,0,0,0,0,0,0,0
40,5,97.969,169.14,51.687,103.37,5,1,0,0,0,0,0,0,0,0,0,0,0,0,0,0,0,0,0,0
40,6,180.43,176.26,46.048,92.096,1,1,0,0,0,0,0,0,0,0,0,0,0,0,0,0,0,0,0,0
40,7,206.55,177.3,46.744,93.487,7,1,0,0,0,0,0,0,0,0,0,0,0,0,0,0,0,0,0,0
40,8,297.83,206.92,52.788,105.58,2,1,0,0,0,0,0,0,0,0,0,0,0,0,0,0,0,0,0,0
41,1,259.56,185.81,64.132,128.26,2,1,1,2,2.974,0.36948,0.12591,0.25182,2,1,291.62,314.08,64.132,128.26,291.62,291.62,473.01,314.08,404.77,314.08
41,2,318.99,197.73,55.803,111.61,2,1,2,2,2.4814,0.3162,0.084929,0.16986,2,1,346.89,309.34,55.803,111.61,346.89,346.89,504.73,309.34,388.25,309.34
41,3,408.87,194.84,60.862,121.72,2,1,3,2,2.9823,0.43408,0.15349,0.30697,2,1,439.3,316.57,60.862,121.72,439.3,439.3,611.44,316.57,402.64,316.57
41,5,96.888,170.65,51.564,103.13,5,1,4,2,-0.41301,-0.025566,-0.15294,-0.30588,5,1,122.67,273.78,51.564,103.13,122.67,19.542,19.542,273.78,222.21,325.34
41,6,181.39,177.82,45.847,91.694,7,1,5,2,1.5984,-0.13431,-0.22902,-0.45804,1,1,204.32,269.51,45.847,91.694,204.32,296.01,296.01,269.51,315.36,223.66
41,7,207.35,178.83,46.568,93.135,7,1,5,0,1.4073,-0.10081,-0.19839,-0.39678,7,1,230.63,271.97,46.568,93.135,230.63,323.77,137.5,271.97,225.4,225.4
41,8,300.99,208.33,52.935,105.87,2,1,6,0,3.7846,0.43328,0.13611,0.27223,2,1,327.45,314.2,52.935,105.87,327.45,327.45,477.18,314.2,389.06,314.2
42,1,260.84,184.16,64.29,128.58,2,1,0,0,0,0,0,0,0,0,0,0,0,0,0,0,0,0,0,0
42,2,319.84,196.12,55.898,111.8,2,1,0,0,0,0,0,0,0,0,0,0,0,0,0,0,0,0,0,0
42,3,410.2,193.22,60.988,121.98,2,1,0,0,0,0,0,0,0,0,0,0,0,0,0,0,0,0,0,0
42,5,94.578,169.12,51.489,102.98,5,1,0,0,0,0,0,0,0,0,0,0,0,0,0,0,0,0,0,0
42,6,181.25,176.35,45.675,91.35,7,1,0,0,0,0,0,0,0,0,0,0,0,0,0,0,0,0,0,0
42,7,207.07,177.34,46.416,92.833,7,1,0,0,0,0,0,0,0,0,0,0,0,0,0,0,0,0,0,0
42,8,303.17,206.74,53.089,106.18,2,1,0,0,0,0,0,0,0,0,0,0,0,0,0,0,0,0,0,0
43,1,262.34,184.61,64.442,128.88,2,1,0,0,0,0,0,0,0,0,0,0,0,0,0,0,0,0,0,0
43,2,320.9,196.61,55.991,111.98,2,1,0,0,0,0,0,0,0,0,0,0,0,0,0,0,0,0,0,0
43,3,411.73,193.7,61.114,122.23,2,1,0,0,0,0,0,0,0,0,0,0,0,0,0,0,0,0,0,0
43,5,92.519,169.68,51.403,102.81,5,1,0,0,0,0,0,0,0,0,0,0,0,0,0,0,0,0,0,0
43,6,181.32,176.97,45.498,90.996,7,1,0,0,0,0,0,0,0,0,0,0,0,0,0,0,0,0,0,0
43,7,207,177.95,46.26,92.52,7,1,0,0,0,0,0,0,0,0,0,0,0,0,0,0,0,0,0,0
43,8,305.56,207.24,53.239,106.48,2,1,0,0,0,0,0,0,0,0,0,0,0,0,0,0,0,0,0,0
44,1,265.81,183.57,64.564,129.13,2,1,0,0,0,0,0,0,0,0,0,0,0,0,0,0,0,0,0,0
44,2,323.88,195.59,56.081,112.16,2,1,0,0,0,0,0,0,0,0,0,0,0,0,0,0,0,0,0,0
44,3,415.23,192.66,61.28,122.56,2,1,0,0,0,0,0,0,0,0,0,0,0,0,0,0,0,0,0,0
44,5,92.876,168.83,51.223,102.45,5,1,0,0,0,0,0,0,0,0,0,0,0,0,0,0,0,0,0,0
44,6,183.51,176.14,45.269,90.538,7,1,0,0,0,0,0,0,0,0,0,0,0,0,0,0,0,0,0,0
44,7,209,177.09,46.06,92.12,7,1,0,0,0,0,0,0,0,0,0,0,0,0,0,0,0,0,0,0
44,8,309.91,206.24,53.38,106.76,2,1,0,0,0,0,0,0,0,0,0,0,0,0,0,0,0,0,0,0
45,1,268.28,185.26,64.704,129.41,2,1,0,0,0,0,0,0,0,0,0,0,0,0,0,0,0,0,0,0
45,2,325.88,197.31,56.175,112.35,2,1,0,0,0,0,0,0,0,0,0,0,0,0,0,0,0,0,0,0
45,3,417.73,194.37,61.428,122.86,2,1,0,0,0,0,0,0,0,0,0,0,0,0,0,0,0,0,0,0
45,5,91.993,170.67,51.093,102.19,5,1,0,0,0,0,0,0,0,0,0,0,0,0,0,0,0,0,0,0
45,6,184.58,178.02,45.071,90.143,7,1,0,0,0,0,0,0,0,0,0,0,0,0,0,0,0,0,0,0
45,7,209.92,178.94,45.886,91.772,7,1,0,0,0,0,0,0,0,0,0,0,0,0,0,0,0,0,0,0
45,8,313.28,207.98,53.529,107.06,2,1,0,0,0,0,0,0,0,0,0,0,0,0,0,0,0,0,0,0
46,1,269.5,185.46,64.865,129.73,2,1,0,0,0,0,0,0,0,0,0,0,0,0,0,0,0,0,0,0
46,2,326.67,197.55,56.274,112.55,2,1,0,0,0,0,0,0,0,0,0,0,0,0,0,0,0,0,0,0
46,3,419,194.6,61.551,123.1,2,1,0,0,0,0,0,0,0,0,0,0,0,0,0,0,0,0,0,0
46,5,89.571,170.98,51.024,102.05,5,1,0,0,0,0,0,0,0,0,0,0,0,0,0,0,0,0,0,0
46,6,184.29,178.39,44.91,89.82,7,1,0,0,0,0,0,0,0,0,0,0,0,0,0,0,0,0,0,0
46,7,209.52,179.3,45.743,91.486,7,1,0,0,0,0,0,0,0,0,0,0,0,0,0,0,0,0,0,0
46,8,315.45,208.23,53.684,107.37,2,1,0,0,0,0,0,0,0,0,0,0,0,0,0,0,0,0,0,0
47,1,271.09,184.68,65.017,130.03,2,1,0,0,0,0,0,0,0,0,0,0,0,0,0,0,0,0,0,0
47,2,327.81,196.81,56.37,112.74,2,1,0,0,0,0,0,0,0,0,0,0,0,0,0,0,0,0,0,0
47,3,420.63,193.84,61.679,123.36,2,1,0,0,0,0,0,0,0,0,0,0,0,0,0,0,0,0,0,0
47,5,87.601,170.32,50.936,101.87,5,1,0,0,0,0,0,0,0,0,0,0,0,0,0,0,0,0,0,0
47,6,184.38,177.78,44.739,89.479,7,1,0,0,0,0,0,0,0,0,0,0,0,0,0,0,0,0,0,0
47,7,209.5,178.68,45.591,91.183,7,1,0,0,0,0,0,0,0,0,0,0,0,0,0,0,0,0,0,0
47,8,317.99,207.51,53.837,107.67,2,1,0,0,0,0,0,0,0,0,0,0,0,0,0,0,0,0,0,0
48,1,273.63,184.13,65.153,130.31,2,1,0,0,0,0,0,0,0,0,0,0,0,0,0,0,0,0,0,0
48,2,329.88,196.28,56.462,112.92,2,1,0,0,0,0,0,0,0,0,0,0,0,0,0,0,0,0,0,0
48,3,423.19,193.3,61.822,123.64,2,1,0,0,0,0,0,0,0,0,0,0,0,0,0,0,0,0,0,0
48,5,86.803,169.92,50.8,101.6,5,1,0,0,0,0,0,0,0,0,0,0,0,0,0,0,0,0,0,0
48,6,185.49,177.42,44.543,89.085,7,1,0,0,0,0,0,0,0,0,0,0,0,0,0,0,0,0,0,0
48,7,210.46,178.29,45.417,90.835,7,1,0,0,0,0,0,0,0,0,0,0,0,0,0,0,0,0,0,0
48,8,321.47,207,53.983,107.97,2,1,0,0,0,0,0,0,0,0,0,0,0,0,0,0,0,0,0,0
49,1,276.72,183.04,65.282,130.56,2,1,0,0,0,0,0,0,0,0,0,0,0,0,0,0,0,0,0,0
49,2,332.49,195.22,56.556,113.11,2,1,0,0,0,0,0,0,0,0,0,0,0,0,0,0,0,0,0,0
49,3,426.33,192.22,61.979,123.96,2,1,0,0,0,0,0,0,0,0,0,0,0,0,0,0,0,0,0,0
49,5,86.704,169,50.636,101.27,5,1,0,0,0,0,0,0,0,0,0,0,0,0,0,0,0,0,0,0
49,6,187.18,176.52,44.334,88.669,7,1,0,0,0,0,0,0,0,0,0,0,0,0,0,0,0,0,0,0
49,7,212.01,177.37,45.233,90.466,7,1,0,0,0,0,0,0,0,0,0,0,0,0,0,0,0,0,0,0
49,8,325.51,205.95,54.131,108.26,2,1,0,0,0,0,0,0,0,0,0,0,0,0,0,0,0,0,0,0
50,1,277.15,184.66,65.448,130.9,2,1,0,0,0,0,0,0,0,0,0,0,0,0,0,0,0,0,0,0
50,2,332.48,196.88,56.652,113.3,2,1,0,0,0,0,0,0,0,0,0,0,0,0,0,0,0,0,0,0
50,3,426.77,193.88,62.075,124.15,2,1,0,0,0,0,0,0,0,0,0,0,0,0,0,0,0,0,0,0
50,5,83.252,170.71,50.606,101.21,5,1,0,0,0,0,0,0,0,0,0,0,0,0,0,0,0,0,0,0
50,6,185.95,178.29,44.199,88.398,7,1,0,0,0,0,0,0,0,0,0,0,0,0,0,0,0,0,0,0
50,7,210.71,179.13,45.111,90.222,7,1,0,0,0,0,0,0,0,0,0,0,0,0,0,0,0,0,0,0
50,8,326.94,207.63,54.284,108.57,2,1,0,0,0,0,0,0,0,0,0,0,0,0,0,0,0,0,0,0
51,1,278.21,184.15,65.606,131.21,2,1,1,2,2.0857,0.25036,0.14528,0.29056,2,1,311.01,315.37,65.606,131.21,311.01,311.01,496.58,315.37,408.15,315.37
51,3,427.85,193.41,62.186,124.37,2,1,2,2,2.1136,0.25135,0.13522,0.27045,2,1,458.94,317.78,62.186,124.37,458.94,458.94,634.83,317.78,405.73,317.78
51,5,80.581,170.31,50.545,101.09,5,1,3,2,-1.5044,-0.12156,-0.10896,-0.21792,5,1,105.85,271.4,50.545,101.09,105.85,4.7633,4.7633,271.4,220.86,321.95
51,6,185.39,177.96,44.05,88.099,7,1,4,0,0.45891,-0.22458,-0.18274,-0.36548,7,1,207.41,266.06,44.05,88.099,207.41,295.51,119.31,266.06,222.01,222.01
51,7,210.08,178.78,44.977,89.954,7,1,4,0,0.34141,-0.20243,-0.16173,-0.32346,7,1,232.57,268.73,44.977,89.954,232.57,322.53,142.62,268.73,223.75,223.75
51,8,329.01,207.18,54.437,108.87,2,1,5,0,3.0279,0.30968,0.14981,0.29963,2,1,356.22,316.06,54.437,108.87,356.22,356.22,510.19,316.06,393.04,316.06
52,1,281.27,184.36,65.736,131.47,2,1,0,0,0,0,0,0,0,0,0,0,0,0,0,0,0,0,0,0
52,3,430.94,193.63,62.34,124.68,2,1,0,0,0,0,0,0,0,0,0,0,0,0,0,0,0,0,0,0
52,5,80.43,170.68,50.383,100.77,5,1,0,0,0,0,0,0,0,0,0,0,0,0,0,0,0,0,0,0
52,6,186.99,178.35,43.848,87.696,7,1,0,0,0,0,0,0,0,0,0,0,0,0,0,0,0,0,0,0
52,7,211.56,179.15,44.798,89.596,7,1,0,0,0,0,0,0,0,0,0,0,0,0,0,0,0,0,0,0
52,8,333.05,207.43,54.586,109.17,2,1,0,0,0,0,0,0,0,0,0,0,0,0,0,0,0,0,0,0
53,1,284.11,183.49,65.872,131.74,2,1,0,0,0,0,0,0,0,0,0,0,0,0,0,0,0,0,0,0
53,3,433.81,192.77,62.491,124.98,2,1,0,0,0,0,0,0,0,0,0,0,0,0,0,0,0,0,0,0
53,5,79.993,169.98,50.233,100.47,5,1,0,0,0,0,0,0,0,0,0,0,0,0,0,0,0,0,0,0
53,6,188.33,177.66,43.656,87.311,7,1,0,0,0,0,0,0,0,0,0,0,0,0,0,0,0,0,0,0
53,7,212.79,178.44,44.627,89.253,7,1,0,0,0,0,0,0,0,0,0,0,0,0,0,0,0,0,0,0
53,8,336.9,206.61,54.738,109.48,2,1,0,0,0,0,0,0,0,0,0,0,0,0,0,0,0,0,0,0
54,1,285.34,184.04,66.027,132.05,2,1,0,0,0,0,0,0,0,0,0,0,0,0,0,0,0,0,0,0
54,3,435.06,193.35,62.603,125.21,2,1,0,0,0,0,0,0,0,0,0,0,0,0,0,0,0,0,0,0
54,5,77.519,170.64,50.165,100.33,5,1,0,0,0,0,0,0,0,0,0,0,0,0,0,0,0,0,0,0
54,6,187.91,178.37,43.508,87.016,7,1,0,0,0,0,0,0,0,0,0,0,0,0,0,0,0,0,0,0
54,7,212.32,179.14,44.493,88.987,7,1,0,0,0,0,0,0,0,0,0,0,0,0,0,0,0,0,0,0
54,8,339.18,207.21,54.891,109.78,2,1,0,0,0,0,0,0,0,0,0,0,0,0,0,0,0,0,0,0
55,1,287.4,184.63,66.169,132.34,2,1,0,0,0,0,0,0,0,0,0,0,0,0,0,0,0,0,0,0
55,3,437.11,193.97,62.728,125.46,2,1,0,0,0,0,0,0,0,0,0,0,0,0,0,0,0,0,0,0
55,5,76.086,171.37,50.052,100.1,5,1,0,0,0,0,0,0,0,0,0,0,0,0,0,0,0,0,0,0
55,6,188.37,179.14,43.338,86.675,7,1,0,0,0,0,0,0,0,0,0,0,0,0,0,0,0,0,0,0
55,7,212.7,179.89,44.34,88.68,7,1,0,0,0,0,0,0,0,0,0,0,0,0,0,0,0,0,0,0
55,8,342.28,207.86,55.04,110.08,2,1,0,0,0,0,0,0,0,0,0,0,0,0,0,0,0,0,0,0
56,1,291.05,183.74,66.298,132.6,2,1,0,0,0,0,0,0,0,0,0,0,0,0,0,0,0,0,0,0
56,3,440.82,193.08,62.901,125.8,2,1,0,0,0,0,0,0,0,0,0,0,0,0,0,0,0,0,0,0
56,5,76.693,170.68,49.861,99.721,5,1,0,0,0,0,0,0,0,0,0,0,0,0,0,0,0,0,0,0
56,6,190.56,178.44,43.131,86.262,7,1,0,0,0,0,0,0,0,0,0,0,0,0,0,0,0,0,0,0
56,7,214.78,179.17,44.156,88.312,7,1,0,0,0,0,0,0,0,0,0,0,0,0,0,0,0,0,0,0
56,8,346.98,207.01,55.198,110.4,2,1,0,0,0,0,0,0,0,0,0,0,0,0,0,0,0,0,0,0
57,1,295.28,185.4,66.426,132.85,2,1,0,0,0,0,0,0,0,0,0,0,0,0,0,0,0,0,0,0
57,3,445.13,194.74,63.094,126.19,2,1,0,0,0,0,0,0,0,0,0,0,0,0,0,0,0,0,0,0
57,5,78.026,172.54,49.642,99.283,5,1,0,0,0,0,0,0,0,0,0,0,0,0,0,0,0,0,0,0
57,6,193.35,180.29,42.915,85.83,7,1,0,0,0,0,0,0,0,0,0,0,0,0,0,0,0,0,0,0
57,7,217.46,181,43.964,87.927,7,1,0,0,0,0,0,0,0,0,0,0,0,0,0,0,0,0,0,0
57,8,352.28,208.71,55.363,110.73,2,1,0,0,0,0,0,0,0,0,0,0,0,0,0,0,0,0,0,0
58,1,298.43,186.35,66.567,133.13,2,1,0,0,0,0,0,0,0,0,0,0,0,0,0,0,0,0,0,0
58,3,448.33,195.71,63.257,126.51,2,1,0,0,0,0,0,0,0,0,0,0,0,0,0,0,0,0,0,0
58,5,77.981,173.67,49.477,98.954,5,1,0,0,0,0,0,0,0,0,0,0,0,0,0,0,0,0,0,0
58,6,194.95,181.43,42.728,85.457,7,1,0,0,0,0,0,0,0,0,0,0,0,0,0,0,0,0,0,0
58,7,218.98,182.11,43.796,87.593,7,1,0,0,0,0,0,0,0,0,0,0,0,0,0,0,0,0,0,0
58,8,356.52,209.71,55.527,111.05,2,1,0,0,0,0,0,0,0,0,0,0,0,0,0,0,0,0,0,0
59,1,301.33,186.33,66.709,133.42,2,1,0,0,0,0,0,0,0,0,0,0,0,0,0,0,0,0,0,0
59,3,451.27,195.7,63.412,126.82,2,1,0,0,0,0,0,0,0,0,0,0,0,0,0,0,0,0,0,0
59,5,77.623,173.82,49.324,98.647,5,1,0,0,0,0,0,0,0,0,0,0,0,0,0,0,0,0,0,0
59,6,196.27,181.58,42.549,85.098,7,1,0,0,0,0,0,0,0,0,0,0,0,0,0,0,0,0,0,0
59,7,220.24,182.25,43.635,87.269,7,1,0,0,0,0,0,0,0,0,0,0,0,0,0,0,0,0,0,0
59,8,360.53,209.74,55.69,111.38,2,1,0,0,0,0,0,0,0,0,0,0,0,0,0,0,0,0,0,0
60,1,304.96,187.47,66.853,133.71,2,1,0,0,0,0,0,0,0,0,0,0,0,0,0,0,0,0,0,0
60,3,454.98,196.85,63.597,127.19,2,1,0,0,0,0,0,0,0,0,0,0,0,0,0,0,0,0,0,0
60,5,78.19,175.16,49.137,98.275,5,1,0,0,0,0,0,0,0,0,0,0,0,0,0,0,0,0,0,0
60,6,198.37,182.91,42.359,84.717,7,1,0,0,0,0,0,0,0,0,0,0,0,0,0,0,0,0,0,0
60,7,222.26,183.56,43.464,86.928,7,1,0,0,0,0,0,0,0,0,0,0,0,0,0,0,0,0,0,0
60,8,365.3,210.93,55.865,111.73,2,1,0,0,0,0,0,0,0,0,0,0,0,0,0,0,0,0,0,0
61,1,308.11,188.75,66.997,133.99,2,1,1,2,3.1285,0.7975,0.13906,0.27811,2,1,341.61,322.75,66.997,133.99,341.61,341.61,531.1,322.75,417.49,322.75
61,3,458.18,198.14,63.762,127.52,2,1,2,2,3.1853,0.85182,0.15982,0.31964,2,1,490.07,325.67,63.762,127.52,490.07,490.07,670.41,325.67,415.84,325.67
61,5,78.154,176.62,48.972,97.944,5,1,3,2,-0.23534,0.3713,-0.16077,-0.32154,5,1,102.64,274.56,48.972,97.944,102.64,4.696,4.696,274.56,225.59,323.53
61,6,199.93,184.37,42.18,84.359,7,1,4,0,1.428,0.32651,-0.18746,-0.37493,7,1,221.02,268.73,42.18,84.359,221.02,305.38,136.66,268.73,226.55,226.55
61,7,223.77,185,43.302,86.603,7,1,4,0,1.3539,0.34641,-0.16802,-0.33604,7,1,245.42,271.6,43.302,86.603,245.42,332.02,158.82,271.6,228.3,228.3
61,8,369.6,212.26,56.036,112.07,2,1,5,0,4.2167,0.88889,0.16093,0.32185,2,1,397.62,324.33,56.036,112.07,397.62,397.62,556.11,324.33,403.57,324.33
62,1,310.11,187.87,67.147,134.29,2,1,0,0,0,0,0,0,0,0,0,0,0,0,0,0,0,0,0,0
62,3,460.18,197.28,63.889,127.78,2,1,0,0,0,0,0,0,0,0,0,0,0,0,0,0,0,0,0,0
62,5,76.646,175.87,48.863,97.725,5,1,0,0,0,0,0,0,0,0,0,0,0,0,0,0,0,0,0,0
62,6,200.25,183.65,42.028,84.057,7,1,0,0,0,0,0,0,0,0,0,0,0,0,0,0,0,0,0,0
62,7,224.06,184.27,43.163,86.326,7,1,0,0,0,0,0,0,0,0,0,0,0,0,0,0,0,0,0,0
62,8,372.78,211.43,56.197,112.39,2,1,0,0,0,0,0,0,0,0,0,0,0,0,0,0,0,0,0,0
63,1,309.94,188.08,67.306,134.61,2,1,0,0,0,0,0,0,0,0,0,0,0,0,0,0,0,0,0,0
63,3,459.89,197.55,63.943,127.89,2,1,0,0,0,0,0,0,0,0,0,0,0,0,0,0,0,0,0,0
63,5,72.324,176.15,48.864,97.728,5,1,0,0,0,0,0,0,0,0,0,0,0,0,0,0,0,0,0,0
63,6,198.19,183.99,41.93,83.861,7,1,0,0,0,0,0,0,0,0,0,0,0,0,0,0,0,0,0,0
63,7,222.05,184.6,43.069,86.138,7,1,0,0,0,0,0,0,0,0,0,0,0,0,0,0,0,0,0,0
63,8,373.81,211.7,56.339,112.68,2,1,0,0,0,0,0,0,0,0,0,0,0,0,0,0,0,0,0,0
64,1,313.02,187.89,67.454,134.91,2,1,0,0,0,0,0,0,0,0,0,0,0,0,0,0,0,0,0,0
64,3,463.01,197.37,64.106,128.21,2,1,0,0,0,0,0,0,0,0,0,0,0,0,0,0,0,0,0,0
64,5,72.194,176.13,48.703,97.405,5,1,0,0,0,0,0,0,0,0,0,0,0,0,0,0,0,0,0,0
64,6,199.65,183.98,41.76,83.52,7,1,0,0,0,0,0,0,0,0,0,0,0,0,0,0,0,0,0,0
64,7,223.47,184.57,42.913,85.827,7,1,0,0,0,0,0,0,0,0,0,0,0,0,0,0,0,0,0,0
64,8,378.1,211.56,56.514,113.03,2,1,0,0,0,0,0,0,0,0,0,0,0,0,0,0,0,0,0,0
65,1,316.95,187.47,67.598,135.2,2,1,0,0,0,0,0,0,0,0,0,0,0,0,0,0,0,0,0,0
65,3,467.01,196.96,64.298,128.6,2,1,0,0,0,0,0,0,0,0,0,0,0,0,0,0,0,0,0,0
65,5,73.174,175.92,48.497,96.993,5,1,0,0,0,0,0,0,0,0,0,0,0,0,0,0,0,0,0,0
65,6,202.03,183.74,41.571,83.143,7,1,0,0,0,0,0,0,0,0,0,0,0,0,0,0,0,0,0,0
65,7,225.8,184.32,42.742,85.484,7,1,0,0,0,0,0,0,0,0,0,0,0,0,0,0,0,0,0,0
65,8,383.27,211.19,56.698,113.4,2,1,0,0,0,0,0,0,0,0,0,0,0,0,0,0,0,0,0,0
66,1,320.54,188.25,67.743,135.49,2,1,0,0,0,0,0,0,0,0,0,0,0,0,0,0,0,0,0,0
66,3,470.66,197.74,64.477,128.95,2,1,0,0,0,0,0,0,0,0,0,0,0,0,0,0,0,0,0,0
66,5,73.732,176.89,48.307,96.613,5,1,0,0,0,0,0,0,0,0,0,0,0,0,0,0,0,0,0,0
66,6,204.03,184.69,41.392,82.784,7,1,0,0,0,0,0,0,0,0,0,0,0,0,0,0,0,0,0,0
66,7,227.76,185.25,42.578,85.155,7,1,0,0,0,0,0,0,0,0,0,0,0,0,0,0,0,0,0,0
66,8,388.12,212.01,56.88,113.76,2,1,0,0,0,0,0,0,0,0,0,0,0,0,0,0,0,0,0,0
67,1,322.97,188.34,67.896,135.79,2,1,0,0,0,0,0,0,0,0,0,0,0,0,0,0,0,0,0,0
67,3,473.09,197.86,64.618,129.24,2,1,0,0,0,0,0,0,0,0,0,0,0,0,0,0,0,0,0,0
67,5,72.779,177.14,48.177,96.355,5,1,0,0,0,0,0,0,0,0,0,0,0,0,0,0,0,0,0,0
67,6,204.76,184.95,41.243,82.486,7,1,0,0,0,0,0,0,0,0,0,0,0,0,0,0,0,0,0,0
67,7,228.49,185.5,42.439,84.879,7,1,0,0,0,0,0,0,0,0,0,0,0,0,0,0,0,0,0,0
67,8,391.83,212.16,57.053,114.11,2,1,0,0,0,0,0,0,0,0,0,0,0,0,0,0,0,0,0,0
68,1,325.3,188.45,68.049,136.1,2,1,0,0,0,0,0,0,0,0,0,0,0,0,0,0,0,0,0,0
68,3,475.4,197.99,64.755,129.51,2,1,0,0,0,0,0,0,0,0,0,0,0,0,0,0,0,0,0,0
68,5,71.687,177.4,48.054,96.107,5,1,0,0,0,0,0,0,0,0,0,0,0,0,0,0,0,0,0,0
68,6,205.36,185.22,41.098,82.197,7,1,0,0,0,0,0,0,0,0,0,0,0,0,0,0,0,0,0,0
68,7,229.11,185.76,42.304,84.609,7,1,0,0,0,0,0,0,0,0,0,0,0,0,0,0,0,0,0,0
68,8,395.45,212.32,57.225,114.45,2,1,0,0,0,0,0,0,0,0,0,0,0,0,0,0,0,0,0,0
69,1,327.72,188.4,68.205,136.41,2,1,0,0,0,0,0,0,0,0,0,0,0,0,0,0,0,0,0,0
69,3,477.8,197.96,64.898,129.8,2,1,0,0,0,0,0,0,0,0,0,0,0,0,0,0,0,0,0,0
69,5,70.707,177.5,47.927,95.855,5,1,0,0,0,0,0,0,0,0,0,0,0,0,0,0,0,0,0,0
69,6,206.05,185.32,40.956,81.911,7,1,0,0,0,0,0,0,0,0,0,0,0,0,0,0,0,0,0,0
69,7,229.81,185.85,42.171,84.342,7,1,0,0,0,0,0,0,0,0,0,0,0,0,0,0,0,0,0,0
69,8,399.18,212.32,57.402,114.8,2,1,0,0,0,0,0,0,0,0,0,0,0,0,0,0,0,0,0,0
70,1,329.78,188.87,68.357,136.71,2,1,0,0,0,0,0,0,0,0,0,0,0,0,0,0,0,0,0,0
70,3,479.8,198.46,65.021,130.04,2,1,0,0,0,0,0,0,0,0,0,0,0,0,0,0,0,0,0,0
70,5,69.278,178.12,47.816,95.632,5,1,0,0,0,0,0,0,0,0,0,0,0,0,0,0,0,0,0,0
70,6,206.35,185.94,40.82,81.639,7,1,0,0,0,0,0,0,0,0,0,0,0,0,0,0,0,0,0,0
70,7,230.14,186.46,42.042,84.085,7,1,0,0,0,0,0,0,0,0,0,0,0,0,0,0,0,0,0,0
70,8,402.56,212.85,57.57,115.14,2,1,0,0,0,0,0,0,0,0,0,0,0,0,0,0,0,0,0,0
71,1,333.43,189.39,68.515,137.03,2,1,1,2,2.8019,0.45259,0.15108,0.30216,2,1,367.69,326.43,68.515,137.03,367.69,367.69,561.48,326.43,423.32,326.43
71,2,379.7,202.28,58.902,117.8,2,1,1,2,0,0,0,0,0,0,0,0,0,0,0,0,0,0,0,0
71,3,483.51,199,65.211,130.42,2,1,2,2,2.8083,0.47182,0.15098,0.30197,2,1,516.11,329.42,65.211,130.42,516.11,516.11,700.56,329.42,421.64,329.42
71,5,69.913,178.84,47.628,95.256,6,1,3,2,-0.64643,0.027523,-0.14412,-0.28823,5,1,93.728,274.1,47.628,95.256,93.728,-1.5288,-1.5288,274.1,226.47,321.73
71,6,208.35,186.64,40.654,81.309,8,1,4,0,0.96965,0.003157,-0.15595,-0.3119,7,1,228.68,267.95,40.654,81.309,228.68,309.99,147.37,267.95,227.29,227.29
71,7,232.14,187.15,41.889,83.779,8,1,4,0,0.96856,0.013642,-0.14431,-0.28862,7,1,253.08,270.92,41.889,83.779,253.08,336.86,169.3,270.92,229.03,229.03
71,8,407.58,213.42,57.77,115.54,2,1,5,0,4.0883,0.55333,0.17557,0.35115,2,1,436.46,328.96,57.77,115.54,436.46,436.46,599.86,328.96,410.66,328.96
72,1,336.05,190.17,68.673,137.35,2,1,0,0,0,0,0,0,0,0,0,0,0,0,0,0,0,0,0,0
72,2,381.95,203.09,59.02,118.04,2,1,0,0,0,0,0,0,0,0,0,0,0,0,0,0,0,0,0,0
72,3,486.1,199.79,65.36,130.72,2,1,0,0,0,0,0,0,0,0,0,0,0,0,0,0,0,0,0,0
72,5,69.215,179.78,47.491,94.983,6,1,0,0,0,0,0,0,0,0,0,0,0,0,0,0,0,0,0,0
72,6,209.23,187.57,40.513,81.025,8,1,0,0,0,0,0,0,0,0,0,0,0,0,0,0,0,0,0,0
72,7,233.05,188.06,41.756,83.511,8,1,0,0,0,0,0,0,0,0,0,0,0,0,0,0,0,0,0,0
72,8,411.56,214.25,57.953,115.91,2,1,0,0,0,0,0,0,0,0,0,0,0,0,0,0,0,0,0,0
73,1,336.55,189,68.822,137.64,2,1,0,0,0,0,0,0,0,0,0,0,0,0,0,0,0,0,0,0
73,2,382.08,201.95,59.111,118.22,2,1,0,0,0,0,0,0,0,0,0,0,0,0,0,0,0,0,0,0
73,3,486.4,198.66,65.419,130.84,2,1,0,0,0,0,0,0,0,0,0,0,0,0,0,0,0,0,0,0
73,5,65.748,178.69,47.461,94.922,6,1,0,0,0,0,0,0,0,0,0,0,0,0,0,0,0,0,0,0
73,6,207.82,186.52,40.416,80.832,8,1,0,0,0,0,0,0,0,0,0,0,0,0,0,0,0,0,0,0
73,7,231.72,187.02,41.66,83.319,8,1,0,0,0,0,0,0,0,0,0,0,0,0,0,0,0,0,0,0
73,8,413.41,213.13,58.094,116.19,2,1,0,0,0,0,0,0,0,0,0,0,0,0,0,0,0,0,0,0
74,1,337.97,188.49,68.978,137.96,2,1,0,0,0,0,0,0,0,0,0,0,0,0,0,0,0,0,0,0
74,2,383.14,201.48,59.217,118.43,2,1,0,0,0,0,0,0,0,0,0,0,0,0,0,0,0,0,0,0
74,3,487.67,198.19,65.517,131.03,2,1,0,0,0,0,0,0,0,0,0,0,0,0,0,0,0,0,0,0
74,5,63.454,178.29,47.388,94.776,6,1,0,0,0,0,0,0,0,0,0,0,0,0,0,0,0,0,0,0
74,6,207.38,186.15,40.305,80.61,8,1,0,0,0,0,0,0,0,0,0,0,0,0,0,0,0,0,0,0
74,7,231.35,186.63,41.551,83.103,8,1,0,0,0,0,0,0,0,0,0,0,0,0,0,0,0,0,0,0
74,8,416.2,212.67,58.256,116.51,2,1,0,0,0,0,0,0,0,0,0,0,0,0,0,0,0,0,0,0
75,1,340.91,188.8,69.141,138.28,2,1,0,0,0,0,0,0,0,0,0,0,0,0,0,0,0,0,0,0
75,2,385.73,201.82,59.343,118.69,2,1,0,0,0,0,0,0,0,0,0,0,0,0,0,0,0,0,0,0
75,3,490.59,198.52,65.68,131.36,2,1,0,0,0,0,0,0,0,0,0,0,0,0,0,0,0,0,0,0
75,5,63.169,178.77,47.238,94.476,6,1,0,0,0,0,0,0,0,0,0,0,0,0,0,0,0,0,0,0
75,6,208.58,186.61,40.164,80.328,8,1,0,0,0,0,0,0,0,0,0,0,0,0,0,0,0,0,0,0
75,7,232.59,187.09,41.418,82.837,8,1,0,0,0,0,0,0,0,0,0,0,0,0,0,0,0,0,0,0
75,8,420.56,213.04,58.449,116.9,2,1,0,0,0,0,0,0,0,0,0,0,0,0,0,0,0,0,0,0
76,1,344.42,189.45,69.305,138.61,2,1,0,0,0,0,0,0,0,0,0,0,0,0,0,0,0,0,0,0
76,2,388.91,202.51,59.476,118.95,2,1,0,0,0,0,0,0,0,0,0,0,0,0,0,0,0,0,0,0
76,3,494.12,199.19,65.866,131.73,2,1,0,0,0,0,0,0,0,0,0,0,0,0,0,0,0,0,0,0
76,5,63.653,179.62,47.058,94.116,6,1,0,0,0,0,0,0,0,0,0,0,0,0,0,0,0,0,0,0
76,6,210.39,187.43,40.012,80.025,8,1,0,0,0,0,0,0,0,0,0,0,0,0,0,0,0,0,0,0
76,7,234.42,187.9,41.276,82.551,8,1,0,0,0,0,0,0,0,0,0,0,0,0,0,0,0,0,0,0
76,8,425.52,213.75,58.655,117.31,2,1,0,0,0,0,0,0,0,0,0,0,0,0,0,0,0,0,0,0
77,1,348.32,190.68,69.475,138.95,2,1,0,0,0,0,0,0,0,0,0,0,0,0,0,0,0,0,0,0
77,2,392.5,203.77,59.617,119.23,2,1,0,0,0,0,0,0,0,0,0,0,0,0,0,0,0,0,0,0
77,3,498.07,200.43,66.071,132.14,2,1,0,0,0,0,0,0,0,0,0,0,0,0,0,0,0,0,0,0
77,5,64.651,181.07,46.859,93.718,6,1,0,0,0,0,0,0,0,0,0,0,0,0,0,0,0,0,0,0
77,6,212.6,188.84,39.856,79.712,8,1,0,0,0,0,0,0,0,0,0,0,0,0,0,0,0,0,0,0
77,7,236.66,189.29,41.129,82.257,8,1,0,0,0,0,0,0,0,0,0,0,0,0,0,0,0,0,0,0
77,8,430.9,215.04,58.873,117.75,2,1,0,0,0,0,0,0,0,0,0,0,0,0,0,0,0,0,0,0
78,1,350.82,190.89,69.641,139.28,2,1,0,0,0,0,0,0,0,0,0,0,0,0,0,0,0,0,0,0
78,2,394.68,204.01,59.741,119.48,2,1,0,0,0,0,0,0,0,0,0,0,0,0,0,0,0,0,0,0
78,3,500.49,200.66,66.218,132.44,2,1,0,0,0,0,0,0,0,0,0,0,0,0,0,0,0,0,0,0
78,5,63.788,181.43,46.733,93.467,6,1,0,0,0,0,0,0,0,0,0,0,0,0,0,0,0,0,0,0
78,6,213.3,189.19,39.732,79.464,8,1,0,0,0,0,0,0,0,0,0,0,0,0,0,0,0,0,0,0
78,7,237.42,189.64,41.009,82.018,8,1,0,0,0,0,0,0,0,0,0,0,0,0,0,0,0,0,0,0
78,8,434.87,215.3,59.064,118.13,2,1,0,0,0,0,0,0,0,0,0,0,0,0,0,0,0,0,0,0
79,1,352.9,191.88,69.801,139.6,2,1,0,0,0,0,0,0,0,0,0,0,0,0,0,0,0,0,0,0
79,2,396.44,205.04,59.857,119.71,2,1,0,0,0,0,0,0,0,0,0,0,0,0,0,0,0,0,0,0
79,3,502.43,201.69,66.342,132.68,2,1,0,0,0,0,0,0,0,0,0,0,0,0,0,0,0,0,0,0
79,5,62.377,182.57,46.627,93.255,6,1,0,0,0,0,0,0,0,0,0,0,0,0,0,0,0,0,0,0
79,6,213.54,190.33,39.617,79.234,8,1,0,0,0,0,0,0,0,0,0,0,0,0,0,0,0,0,0,0
79,7,237.73,190.77,40.896,81.792,8,1,0,0,0,0,0,0,0,0,0,0,0,0,0,0,0,0,0,0
79,8,438.4,216.35,59.242,118.48,2,1,0,0,0,0,0,0,0,0,0,0,0,0,0,0,0,0,0,0
80,1,355.28,191.58,69.963,139.93,2,1,0,0,0,0,0,0,0,0,0,0,0,0,0,0,0,0,0,0
80,2,398.53,204.78,59.977,119.95,2,1,0,0,0,0,0,0,0,0,0,0,0,0,0,0,0,0,0,0
80,3,504.69,201.42,66.479,132.96,2,1,0,0,0,0,0,0,0,0,0,0,0,0,0,0,0,0,0,0
80,5,61.379,182.42,46.506,93.011,6,1,0,0,0,0,0,0,0,0,0,0,0,0,0,0,0,0,0,0
80,6,214.11,190.17,39.497,78.995,8,1,0,0,0,0,0,0,0,0,0,0,0,0,0,0,0,0,0,0
80,7,238.37,190.61,40.779,81.558,8,1,0,0,0,0,0,0,0,0,0,0,0,0,0,0,0,0,0,0
80,8,442.27,216.11,59.428,118.86,2,1,0,0,0,0,0,0,0,0,0,0,0,0,0,0,0,0,0,0
81,1,358.46,191.46,70.133,140.27,2,1,1,2,2.7547,0.65497,0.16313,0.32626,2,1,393.53,331.73,70.133,140.27,393.53,393.53,591.89,331.73,430.91,331.73
81,2,401.42,204.69,60.11,120.22,2,1,1,2,2.4095,0.61026,0.12366,0.24732,2,1,431.48,324.91,60.11,120.22,431.48,431.48,601.5,324.91,409.92,324.91
81,3,507.82,201.31,66.652,133.3,2,1,2,2,2.6873,0.65542,0.15146,0.30293,2,1,541.15,334.62,66.652,133.3,541.15,541.15,729.67,334.62,428.88,334.62
81,5,61.43,182.48,46.344,92.688,6,1,3,2,-0.69358,0.2197,-0.13654,-0.27309,6,1,84.602,275.17,46.344,92.688,84.602,84.602,-46.478,275.17,209.63,275.17
81,6,215.52,190.2,39.364,78.728,7,1,4,0,0.82954,0.21813,-0.13126,-0.26253,8,1,235.2,268.93,39.364,78.728,235.2,346.54,235.2,268.93,268.93,213.26
81,8,446.97,216.04,59.636,119.27,2,1,5,0,4.2166,0.76606,0.19075,0.3815,2,1,476.79,335.31,59.636,119.27,476.79,476.79,645.47,335.31,419.65,335.31
82,1,362.24,192.28,70.314,140.63,2,1,0,0,0,0,0,0,0,0,0,0,0,0,0,0,0,0,0,0
82,2,404.94,205.54,60.259,120.52,2,1,0,0,0,0,0,0,0,0,0,0,0,0,0,0,0,0,0,0
82,3,511.61,202.15,66.86,133.72,2,1,0,0,0,0,0,0,0,0,0,0,0,0,0,0,0,0,0,0
82,5,62.258,183.51,46.155,92.31,6,1,0,0,0,0,0,0,0,0,0,0,0,0,0,0,0,0,0,0
82,6,217.56,191.19,39.224,78.448,7,1,0,0,0,0,0,0,0,0,0,0,0,0,0,0,0,0,0,0
82,8,452.32,216.92,59.867,119.73,2,1,0,0,0,0,0,0,0,0,0,0,0,0,0,0,0,0,0,0
83,1,364.94,192.54,70.487,140.97,2,1,0,0,0,0,0,0,0,0,0,0,0,0,0,0,0,0,0,0
83,2,407.38,205.84,60.39,120.78,2,1,0,0,0,0,0,0,0,0,0,0,0,0,0,0,0,0,0,0
83,3,514.21,202.44,67.016,134.03,2,1,0,0,0,0,0,0,0,0,0,0,0,0,0,0,0,0,0,0
83,5,61.67,183.94,46.02,92.04,6,1,0,0,0,0,0,0,0,0,0,0,0,0,0,0,0,0,0,0
83,6,218.45,191.6,39.107,78.214,7,1,0,0,0,0,0,0,0,0,0,0,0,0,0,0,0,0,0,0
83,8,456.57,217.25,60.07,120.14,2,1,0,0,0,0,0,0,0,0,0,0,0,0,0,0,0,0,0,0
84,1,367.46,192.59,70.656,141.31,2,1,0,0,0,0,0,0,0,0,0,0,0,0,0,0,0,0,0,0
84,2,409.65,205.92,60.516,121.03,2,1,0,0,0,0,0,0,0,0,0,0,0,0,0,0,0,0,0,0
84,3,516.59,202.51,67.161,134.32,2,1,0,0,0,0,0,0,0,0,0,0,0,0,0,0,0,0,0,0
84,5,60.842,184.14,45.893,91.787,6,1,0,0,0,0,0,0,0,0,0,0,0,0,0,0,0,0,0,0
84,6,219.14,191.78,38.995,77.989,7,1,0,0,0,0,0,0,0,0,0,0,0,0,0,0,0,0,0,0
84,8,460.64,217.35,60.266,120.53,2,1,0,0,0,0,0,0,0,0,0,0,0,0,0,0,0,0,0,0
85,1,369.9,191.98,70.821,141.64,2,1,0,0,0,0,0,0,0,0,0,0,0,0,0,0,0,0,0,0
85,2,411.84,205.35,60.638,121.28,2,1,0,0,0,0,0,0,0,0,0,0,0,0,0,0,0,0,0,0
85,3,518.86,201.93,67.298,134.6,2,1,0,0,0,0,0,0,0,0,0,0,0,0,0,0,0,0,0,0
85,5,59.917,183.69,45.769,91.538,6,1,0,0,0,0,0,0,0,0,0,0,0,0,0,0,0,0,0,0
85,6,219.74,191.31,38.884,77.768,7,1,0,0,0,0,0,0,0,0,0,0,0,0,0,0,0,0,0,0
85,8,464.62,216.79,60.458,120.92,2,1,0,0,0,0,0,0,0,0,0,0,0,0,0,0,0,0,0,0
86,1,372.38,191.07,70.994,141.99,2,1,0,0,0,0,0,0,0,0,0,0,0,0,0,0,0,0,0,0
86,2,414.08,204.48,60.766,121.53,2,1,0,0,0,0,0,0,0,0,0,0,0,0,0,0,0,0,0,0
86,3,521.17,201.05,67.443,134.89,2,1,0,0,0,0,0,0,0,0,0,0,0,0,0,0,0,0,0,0
86,5,59.013,182.94,45.647,91.294,6,1,0,0,0,0,0,0,0,0,0,0,0,0,0,0,0,0,0,0
86,6,220.37,190.54,38.779,77.557,7,1,0,0,0,0,0,0,0,0,0,0,0,0,0,0,0,0,0,0
86,8,468.67,215.95,60.657,121.31,2,1,0,0,0,0,0,0,0,0,0,0,0,0,0,0,0,0,0,0
87,1,374.87,190,71.168,142.34,2,1,0,0,0,0,0,0,0,0,0,0,0,0,0,0,0,0,0,0
87,2,416.35,203.45,60.895,121.79,2,1,0,0,0,0,0,0,0,0,0,0,0,0,0,0,0,0,0,0
87,3,523.49,200.01,67.589,135.18,2,1,0,0,0,0,0,0,0,0,0,0,0,0,0,0,0,0,0,0
87,5,58.126,182.03,45.525,91.049,6,1,0,0,0,0,0,0,0,0,0,0,0,0,0,0,0,0,0,0
87,6,221.02,189.61,38.675,77.351,7,1,0,0,0,0,0,0,0,0,0,0,0,0,0,0,0,0,0,0
87,8,472.75,214.94,60.858,121.72,2,1,0,0,0,0,0,0,0,0,0,0,0,0,0,0,0,0,0,0
88,1,378.12,189.3,71.357,142.71,2,1,0,0,0,0,0,0,0,0,0,0,0,0,0,0,0,0,0,0
88,2,419.4,202.79,61.043,122.09,2,1,0,0,0,0,0,0,0,0,0,0,0,0,0,0,0,0,0,0
88,3,526.65,199.34,67.777,135.55,2,1,0,0,0,0,0,0,0,0,0,0,0,0,0,0,0,0,0,0
88,5,58.218,181.52,45.367,90.734,6,1,0,0,0,0,0,0,0,0,0,0,0,0,0,0,0,0,0,0
88,6,222.45,189.06,38.562,77.124,7,1,0,0,0,0,0,0,0,0,0,0,0,0,0,0,0,0,0,0
88,8,477.64,214.3,61.088,122.18,2,1,0,0,0,0,0,0,0,0,0,0,0,0,0,0,0,0,0,0
89,1,381.91,189.48,71.556,143.11,2,1,0,0,0,0,0,0,0,0,0,0,0,0,0,0,0,0,0,0
89,2,423.02,203.01,61.205,122.41,2,1,0,0,0,0,0,0,0,0,0,0,0,0,0,0,0,0,0,0
89,3,530.42,199.54,67.996,135.99,2,1,0,0,0,0,0,0,0,0,0,0,0,0,0,0,0,0,0,0
89,5,59.037,181.91,45.182,90.364,6,1,0,0,0,0,0,0,0,0,0,0,0,0,0,0,0,0,0,0
89,6,224.46,189.4,38.441,76.883,7,1,0,0,0,0,0,0,0,0,0,0,0,0,0,0,0,0,0,0
89,8,483.14,214.55,61.341,122.68,2,1,0,0,0,0,0,0,0,0,0,0,0,0,0,0,0,0,0,0
90,1,384.64,189.46,71.736,143.47,2,1,0,0,0,0,0,0,0,0,0,0,0,0,0,0,0,0,0,0
90,2,425.55,203.02,61.341,122.68,2,1,0,0,0,0,0,0,0,0,0,0,0,0,0,0,0,0,0,0
90,3,532.97,199.54,68.155,136.31,2,1,0,0,0,0,0,0,0,0,0,0,0,0,0,0,0,0,0,0
90,5,58.445,182.06,45.049,90.098,6,1,0,0,0,0,0,0,0,0,0,0,0,0,0,0,0,0,0,0
90,6,225.33,189.51,38.341,76.681,7,1,0,0,0,0,0,0,0,0,0,0,0,0,0,0,0,0,0,0
90,8,487.51,214.59,61.555,123.11,2,1,0,0,0,0,0,0,0,0,0,0,0,0,0,0,0,0,0,0
91,1,386.8,189.71,71.91,143.82,2,1,1,2,2.8664,-0.063943,0.17808,0.35617,2,1,422.75,333.53,71.91,143.82,422.75,422.75,626.15,333.53,435.23,333.53
91,2,427.53,203.31,61.466,122.93,2,1,1,2,2.627,-0.11227,0.13526,0.27053,2,1,458.26,326.24,61.466,122.93,458.26,458.26,632.12,326.24,413.17,326.24
91,3,534.88,199.83,68.284,136.57,1,1,2,2,2.7205,-0.071193,0.16094,0.32187,2,1,569.02,336.39,68.284,136.57,569.02,569.02,762.16,336.39,432.96,336.39
91,5,57.091,182.45,44.946,89.891,7,1,3,2,-0.57803,-0.5238,-0.13676,-0.27352,6,1,79.564,272.34,44.946,89.891,79.564,79.564,-47.561,272.34,208.78,272.34
91,6,225.61,189.89,38.253,76.507,7,1,4,0,0.89128,-0.49569,-0.10873,-0.21747,7,1,244.74,266.39,38.253,76.507,244.74,321.24,168.23,266.39,228.14,228.14
91,7,250.67,190.28,39.543,79.085,7,1,4,0,0,0,0,0,0,0,0,0,0,0,0,0,0,0,0,0
91,8,491.3,214.9,61.749,123.5,2,1,5,0,4.4877,0.062643,0.21093,0.42186,2,1,522.17,338.4,61.749,123.5,522.17,522.17,696.82,338.4,425.72,338.4
92,1,389.73,191.34,72.095,144.19,2,1,0,0,0,0,0,0,0,0,0,0,0,0,0,0,0,0,0,0
92,2,430.3,204.98,61.607,123.21,2,1,0,0,0,0,0,0,0,0,0,0,0,0,0,0,0,0,0,0
92,3,537.64,201.49,68.453,136.91,1,1,0,0,0,0,0,0,0,0,0,0,0,0,0,0,0,0,0,0
92,5,56.775,184.26,44.801,89.603,7,1,0,0,0,0,0,0,0,0,0,0,0,0,0,0,0,0,0,0
92,6,226.71,191.66,38.153,76.305,7,1,0,0,0,0,0,0,0,0,0,0,0,0,0,0,0,0,0,0
92,7,251.85,192.05,39.44,78.879,7,1,0,0,0,0,0,0,0,0,0,0,0,0,0,0,0,0,0,0
92,8,495.92,216.59,61.971,123.94,2,1,0,0,0,0,0,0,0,0,0,0,0,0,0,0,0,0,0,0
93,1,391.53,190.14,72.27,144.54,2,1,0,0,0,0,0,0,0,0,0,0,0,0,0,0,0,0,0,0
93,2,431.93,203.82,61.73,123.46,2,1,0,0,0,0,0,0,0,0,0,0,0,0,0,0,0,0,0,0
93,3,539.12,200.32,68.568,137.14,1,1,0,0,0,0,0,0,0,0,0,0,0,0,0,0,0,0,0,0
93,5,54.883,183.19,44.722,89.444,7,1,0,0,0,0,0,0,0,0,0,0,0,0,0,0,0,0,0,0
93,6,226.58,190.57,38.08,76.16,7,1,0,0,0,0,0,0,0,0,0,0,0,0,0,0,0,0,0,0
93,7,251.83,190.96,39.36,78.721,7,1,0,0,0,0,0,0,0,0,0,0,0,0,0,0,0,0,0,0
93,8,499.34,215.45,62.157,124.31,2,1,0,0,0,0,0,0,0,0,0,0,0,0,0,0,0,0,0,0
94,1,393.96,190.28,72.45,144.9,2,1,0,0,0,0,0,0,0,0,0,0,0,0,0,0,0,0,0,0
94,2,434.21,204,61.862,123.72,2,1,0,0,0,0,0,0,0,0,0,0,0,0,0,0,0,0,0,0
94,3,541.3,200.49,68.711,137.42,1,1,0,0,0,0,0,0,0,0,0,0,0,0,0,0,0,0,0,0
94,5,53.866,183.48,44.606,89.213,7,1,0,0,0,0,0,0,0,0,0,0,0,0,0,0,0,0,0,0
94,6,227.14,190.84,37.995,75.99,7,1,0,0,0,0,0,0,0,0,0,0,0,0,0,0,0,0,0,0
94,7,252.48,191.23,39.27,78.54,7,1,0,0,0,0,0,0,0,0,0,0,0,0,0,0,0,0,0,0
94,8,503.45,215.65,62.364,124.73,2,1,0,0,0,0,0,0,0,0,0,0,0,0,0,0,0,0,0,0
95,1,395.35,189.27,72.613,145.23,2,1,0,0,0,0,0,0,0,0,0,0,0,0,0,0,0,0,0,0
95,2,435.43,203.02,61.97,123.94,2,1,0,0,0,0,0,0,0,0,0,0,0,0,0,0,0,0,0,0
95,3,542.26,199.52,68.796,137.59,1,1,0,0,0,0,0,0,0,0,0,0,0,0,0,0,0,0,0,0
95,5,51.426,182.57,44.546,89.091,7,1,0,0,0,0,0,0,0,0,0,0,0,0,0,0,0,0,0,0
95,6,226.58,189.93,37.932,75.863,7,1,0,0,0,0,0,0,0,0,0,0,0,0,0,0,0,0,0,0
95,7,252.04,190.33,39.197,78.395,7,1,0,0,0,0,0,0,0,0,0,0,0,0,0,0,0,0,0,0
95,8,506.42,214.7,62.527,125.05,2,1,0,0,0,0,0,0,0,0,0,0,0,0,0,0,0,0,0,0
96,1,397.2,188.68,72.784,145.57,2,1,0,0,0,0,0,0,0,0,0,0,0,0,0,0,0,0,0,0
96,2,437.13,202.47,62.09,124.18,2,1,0,0,0,0,0,0,0,0,0,0,0,0,0,0,0,0,0,0
96,3,543.74,198.97,68.907,137.81,1,1,0,0,0,0,0,0,0,0,0,0,0,0,0,0,0,0,0,0
96,5,49.588,182.11,44.463,88.926,7,1,0,0,0,0,0,0,0,0,0,0,0,0,0,0,0,0,0,0
96,6,226.51,189.45,37.863,75.726,7,1,0,0,0,0,0,0,0,0,0,0,0,0,0,0,0,0,0,0
96,7,252.07,189.85,39.121,78.241,7,1,0,0,0,0,0,0,0,0,0,0,0,0,0,0,0,0,0,0
96,8,509.91,214.17,62.71,125.42,2,1,0,0,0,0,0,0,0,0,0,0,0,0,0,0,0,0,0,0
97,1,401.15,189.62,73.002,146,2,1,0,0,0,0,0,0,0,0,0,0,0,0,0,0,0,0,0,0
97,2,440.99,203.46,62.266,124.53,2,1,0,0,0,0,0,0,0,0,0,0,0,0,0,0,0,0,0,0
97,3,547.63,199.93,69.144,138.29,1,1,0,0,0,0,0,0,0,0,0,0,0,0,0,0,0,0,0,0
97,5,50.561,183.27,44.276,88.552,7,1,0,0,0,0,0,0,0,0,0,0,0,0,0,0,0,0,0,0
97,6,228.65,190.55,37.762,75.523,7,1,0,0,0,0,0,0,0,0,0,0,0,0,0,0,0,0,0,0
97,7,254.26,190.94,39.018,78.036,7,1,0,0,0,0,0,0,0,0,0,0,0,0,0,0,0,0,0,0
97,8,515.73,215.18,62.989,125.98,2,1,0,0,0,0,0,0,0,0,0,0,0,0,0,0,0,0,0,0
98,1,403.69,189.06,73.19,146.38,2,1,0,0,0,0,0,0,0,0,0,0,0,0,0,0,0,0,0,0
98,2,443.4,202.94,62.405,124.81,2,1,0,0,0,0,0,0,0,0,0,0,0,0,0,0,0,0,0,0
98,3,549.87,199.41,69.295,138.59,1,1,0,0,0,0,0,0,0,0,0,0,0,0,0,0,0,0,0,0
98,5,49.625,182.88,44.161,88.321,7,1,0,0,0,0,0,0,0,0,0,0,0,0,0,0,0,0,0,0
98,6,229.29,190.11,37.686,75.373,7,1,0,0,0,0,0,0,0,0,0,0,0,0,0,0,0,0,0,0
98,7,254.99,190.51,38.936,77.871,7,1,0,0,0,0,0,0,0,0,0,0,0,0,0,0,0,0,0,0
98,8,520,214.69,63.204,126.41,2,1,0,0,0,0,0,0,0,0,0,0,0,0,0,0,0,0,0,0
99,1,405.99,189.74,73.37,146.74,2,1,0,0,0,0,0,0,0,0,0,0,0,0,0,0,0,0,0,0
99,2,445.59,203.65,62.536,125.07,2,1,0,0,0,0,0,0,0,0,0,0,0,0,0,0,0,0,0,0
99,3,551.82,200.12,69.431,138.86,1,1,0,0,0,0,0,0,0,0,0,0,0,0,0,0,0,0,0,0
99,5,48.384,183.69,44.056,88.112,7,1,0,0,0,0,0,0,0,0,0,0,0,0,0,0,0,0,0,0
99,6,229.69,190.9,37.616,75.232,7,1,0,0,0,0,0,0,0,0,0,0,0,0,0,0,0,0,0,0
99,7,255.49,191.3,38.857,77.715,7,1,0,0,0,0,0,0,0,0,0,0,0,0,0,0,0,0,0,0
99,8,524.02,215.43,63.407,126.81,2,1,0,0,0,0,0,0,0,0,0,0,0,0,0,0,0,0,0,0
100,1,408.39,189.65,73.556,147.11,2,1,0,0,0,0,0,0,0,0,0,0,0,0,0,0,0,0,0,0
100,2,447.87,203.6,62.673,125.35,2,1,0,0,0,0,0,0,0,0,0,0,0,0,0,0,0,0,0,0
100,3,553.87,200.06,69.575,139.15,1,1,0,0,0,0,0,0,0,0,0,0,0,0,0,0,0,0,0,0
100,5,47.249,183.76,43.949,87.898,7,1,0,0,0,0,0,0,0,0,0,0,0,0,0,0,0,0,0,0
100,6,230.18,190.93,37.548,75.097,7,1,0,0,0,0,0,0,0,0,0,0,0,0,0,0,0,0,0,0
100,7,256.08,191.34,38.781,77.563,7,1,0,0,0,0,0,0,0,0,0,0,0,0,0,0,0,0,0,0
100,8,528.16,215.4,63.617,127.23,2,1,0,0,0,0,0,0,0,0,0,0,0,0,0,0,0,0,0,0
101,1,411.18,189.51,73.754,147.51,2,1,1,2,2.5174,0.23444,0.18477,0.36955,2,1,448.06,337.02,73.754,147.51,448.06,448.06,656.66,337.02,441.32,337.02
101,2,450.56,203.51,62.822,125.64,2,1,1,2,2.3626,0.1761,0.13576,0.27151,2,1,481.98,329.15,62.822,125.64,481.98,481.98,659.66,329.15,418,329.15
101,3,556.37,199.96,69.743,139.49,1,1,2,2,2.2004,0.18903,0.14541,0.29081,1,1,591.24,339.45,69.743,139.49,591.24,730.72,730.72,339.45,409.19,269.7
101,5,46.617,183.79,43.825,87.649,7,1,3,2,-1.1264,-0.20416,-0.11087,-0.22175,7,1,68.53,271.44,43.825,87.649,68.53,156.18,-19.12,271.44,227.61,227.61
101,7,257.05,191.32,38.703,77.406,7,1,4,0,0.58115,-0.17686,-0.082629,-0.16526,7,1,276.4,268.73,38.703,77.406,276.4,353.81,199,268.73,230.03,230.03
101,8,532.75,215.34,63.848,127.7,1,1,5,0,4.2422,0.34805,0.20987,0.41974,2,1,564.67,343.03,63.848,127.7,564.67,564.67,745.26,343.03,433.32,343.03
102,1,413.92,190.6,73.952,147.9,2,1,0,0,0,0,0,0,0,0,0,0,0,0,0,0,0,0,0,0
102,2,453.21,204.64,62.973,125.95,2,1,0,0,0,0,0,0,0,0,0,0,0,0,0,0,0,0,0,0
102,3,558.79,201.08,69.911,139.82,1,1,0,0,0,0,0,0,0,0,0,0,0,0,0,0,0,0,0,0
102,5,45.897,185.04,43.705,87.41,7,1,0,0,0,0,0,0,0,0,0,0,0,0,0,0,0,0,0,0
102,7,257.96,192.53,38.629,77.257,7,1,0,0,0,0,0,0,0,0,0,0,0,0,0,0,0,0,0,0
102,8,537.3,216.49,64.079,128.16,1,1,0,0,0,0,0,0,0,0,0,0,0,0,0,0,0,0,0,0
103,1,417.05,190.45,74.16,148.32,2,1,0,0,0,0,0,0,0,0,0,0,0,0,0,0,0,0,0,0
103,2,456.25,204.53,63.134,126.27,2,1,0,0,0,0,0,0,0,0,0,0,0,0,0,0,0,0,0,0
103,3,561.64,200.96,70.102,140.2,1,1,0,0,0,0,0,0,0,0,0,0,0,0,0,0,0,0,0,0
103,5,45.694,185.07,43.566,87.132,7,1,0,0,0,0,0,0,0,0,0,0,0,0,0,0,0,0,0,0
103,7,259.27,192.51,38.551,77.101,7,1,0,0,0,0,0,0,0,0,0,0,0,0,0,0,0,0,0,0
103,8,542.29,216.41,64.33,128.66,1,1,0,0,0,0,0,0,0,0,0,0,0,0,0,0,0,0,0,0
104,1,420.9,189.64,74.386,148.77,2,1,0,0,0,0,0,0,0,0,0,0,0,0,0,0,0,0,0,0
104,2,460.05,203.77,63.317,126.63,2,1,0,0,0,0,0,0,0,0,0,0,0,0,0,0,0,0,0,0
104,3,565.32,200.18,70.338,140.68,1,1,0,0,0,0,0,0,0,0,0,0,0,0,0,0,0,0,0,0
104,5,46.464,184.48,43.391,86.781,7,1,0,0,0,0,0,0,0,0,0,0,0,0,0,0,0,0,0,0
104,7,261.3,191.85,38.465,76.929,7,1,0,0,0,0,0,0,0,0,0,0,0,0,0,0,0,0,0,0
104,8,548.13,215.68,64.619,129.24,1,1,0,0,0,0,0,0,0,0,0,0,0,0,0,0,0,0,0,0
105,1,423.88,189.51,74.594,149.19,2,1,0,0,0,0,0,0,0,0,0,0,0,0,0,0,0,0,0,0
105,2,462.95,203.68,63.478,126.96,2,1,0,0,0,0,0,0,0,0,0,0,0,0,0,0,0,0,0,0
105,3,567.97,200.08,70.522,141.04,1,1,0,0,0,0,0,0,0,0,0,0,0,0,0,0,0,0,0,0
105,5,46.039,184.52,43.262,86.523,7,1,0,0,0,0,0,0,0,0,0,0,0,0,0,0,0,0,0,0
105,7,262.44,191.84,38.393,76.787,7,1,0,0,0,0,0,0,0,0,0,0,0,0,0,0,0,0,0,0
105,8,553,215.62,64.867,129.73,1,1,0,0,0,0,0,0,0,0,0,0,0,0,0,0,0,0,0,0
106,1,428.16,188.9,74.843,149.69,2,1,0,0,0,0,0,0,0,0,0,0,0,0,0,0,0,0,0,0
106,2,467.19,203.11,63.685,127.37,2,1,0,0,0,0,0,0,0,0,0,0,0,0,0,0,0,0,0,0
106,3,572.14,199.49,70.795,141.59,1,1,0,0,0,0,0,0,0,0,0,0,0,0,0,0,0,0,0,0
106,5,47.317,184.15,43.072,86.144,7,1,0,0,0,0,0,0,0,0,0,0,0,0,0,0,0,0,0,0
106,7,264.87,191.37,38.311,76.621,7,1,0,0,0,0,0,0,0,0,0,0,0,0,0,0,0,0,0,0
106,8,559.38,215.09,65.193,130.39,1,1,0,0,0,0,0,0,0,0,0,0,0,0,0,0,0,0,0,0
107,1,432.12,188,75.088,150.18,2,1,0,0,0,0,0,0,0,0,0,0,0,0,0,0,0,0,0,0
107,2,471.11,202.27,63.885,127.77,2,1,0,0,0,0,0,0,0,0,0,0,0,0,0,0,0,0,0,0
107,3,575.94,198.63,71.051,142.1,1,1,0,0,0,0,0,0,0,0,0,0,0,0,0,0,0,0,0,0
107,5,48.141,183.48,42.9,85.801,7,1,0,0,0,0,0,0,0,0,0,0,0,0,0,0,0,0,0,0
107,7,266.95,190.62,38.235,76.47,7,1,0,0,0,0,0,0,0,0,0,0,0,0,0,0,0,0,0,0
107,8,565.42,214.28,65.506,131.01,1,1,0,0,0,0,0,0,0,0,0,0,0,0,0,0,0,0,0,0
108,1,434.93,187.03,75.292,150.58,2,1,0,0,0,0,0,0,0,0,0,0,0,0,0,0,0,0,0,0
108,2,473.85,201.34,64.042,128.08,2,1,0,0,0,0,0,0,0,0,0,0,0,0,0,0,0,0,0,0
108,3,578.35,197.69,71.223,142.45,1,1,0,0,0,0,0,0,0,0,0,0,0,0,0,0,0,0,0,0
108,5,47.462,182.67,42.782,85.563,7,1,0,0,0,0,0,0,0,0,0,0,0,0,0,0,0,0,0,0
108,7,267.89,189.77,38.172,76.343,7,1,0,0,0,0,0,0,0,0,0,0,0,0,0,0,0,0,0,0
108,8,570.14,213.38,65.748,131.5,1,1,0,0,0,0,0,0,0,0,0,0,0,0,0,0,0,0,0,0
109,1,436.85,187.2,75.465,150.93,2,1,0,0,0,0,0,0,0,0,0,0,0,0,0,0,0,0,0,0
109,2,475.66,201.55,64.165,128.33,2,1,0,0,0,0,0,0,0,0,0,0,0,0,0,0,0,0,0,0
109,3,579.69,197.9,71.332,142.66,1,1,0,0,0,0,0,0,0,0,0,0,0,0,0,0,0,0,0,0
109,5,45.617,182.97,42.705,85.41,7,1,0,0,0,0,0,0,0,0,0,0,0,0,0,0,0,0,0,0
109,7,267.95,190.04,38.119,76.237,7,1,0,0,0,0,0,0,0,0,0,0,0,0,0,0,0,0,0,0
109,8,573.84,213.61,65.935,131.87,1,1,0,0,0,0,0,0,0,0,0,0,0,0,0,0,0,0,0,0
110,1,440.92,190.23,75.719,151.44,2,1,0,0,0,0,0,0,0,0,0,0,0,0,0,0,0,0,0,0
110,2,479.69,204.63,64.375,128.75,2,1,0,0,0,0,0,0,0,0,0,0,0,0,0,0,0,0,0,0
110,3,583.57,200.96,71.598,143.2,1,1,0,0,0,0,0,0,0,0,0,0,0,0,0,0,0,0,0,0
110,5,46.532,186.22,42.533,85.066,7,1,0,0,0,0,0,0,0,0,0,0,0,0,0,0,0,0,0,0
110,7,270.11,193.21,38.05,76.099,7,1,0,0,0,0,0,0,0,0,0,0,0,0,0,0,0,0,0,0
110,8,580.07,216.72,66.263,132.53,1,1,0,0,0,0,0,0,0,0,0,0,0,0,0,0,0,0,0,0
111,1,444.12,190.58,75.942,151.88,2,1,1,2,3.4796,0.30856,0.22149,0.44299,2,1,482.09,342.46,75.942,151.88,482.09,482.09,696.89,342.46,449.86,342.46
111,2,482.83,205.02,64.551,129.1,2,1,1,2,3.3931,0.2621,0.17587,0.35175,2,1,515.11,334.13,64.551,129.1,515.11,515.11,697.69,334.13,425.41,334.13
111,7,271.4,193.68,37.99,75.98,8,1,3,0,1.4706,-0.14701,-0.071057,-0.14211,7,1,290.4,269.66,37.99,75.98,290.4,366.38,214.42,269.66,231.67,231.67
111,8,585.3,217.15,66.536,133.07,1,1,4,0,5.4851,0.48864,0.27381,0.54762,1,1,618.56,350.22,66.536,133.07,618.56,751.63,751.63,350.22,416.76,283.68
112,1,446.21,190.23,76.125,152.25,2,1,0,0,0,0,0,0,0,0,0,0,0,0,0,0,0,0,0,0
112,2,484.82,204.71,64.686,129.37,2,1,0,0,0,0,0,0,0,0,0,0,0,0,0,0,0,0,0,0
112,7,271.59,193.43,37.944,75.888,8,1,0,0,0,0,0,0,0,0,0,0,0,0,0,0,0,0,0,0
112,8,589.22,216.86,66.736,133.47,1,1,0,0,0,0,0,0,0,0,0,0,0,0,0,0,0,0,0,0
113,1,448.45,189.81,76.309,152.62,2,1,0,0,0,0,0,0,0,0,0,0,0,0,0,0,0,0,0,0
113,2,486.95,204.33,64.822,129.64,2,1,0,0,0,0,0,0,0,0,0,0,0,0,0,0,0,0,0,0
113,7,271.93,193.11,37.896,75.792,8,1,0,0,0,0,0,0,0,0,0,0,0,0,0,0,0,0,0,0
113,8,593.31,216.5,66.942,133.88,1,1,0,0,0,0,0,0,0,0,0,0,0,0,0,0,0,0,0,0
114,1,453.32,189.87,76.592,153.18,2,1,0,0,0,0,0,0,0,0,0,0,0,0,0,0,0,0,0,0
114,2,491.82,204.44,65.064,130.13,2,1,0,0,0,0,0,0,0,0,0,0,0,0,0,0,0,0,0,0
114,7,274.84,193.32,37.825,75.65,8,1,0,0,0,0,0,0,0,0,0,0,0,0,0,0,0,0,0,0
114,8,600.58,216.66,67.33,134.66,1,1,0,0,0,0,0,0,0,0,0,0,0,0,0,0,0,0,0,0
115,1,457.42,189.79,76.848,153.7,2,1,0,0,0,0,0,0,0,0,0,0,0,0,0,0,0,0,0,0
115,2,495.89,204.42,65.278,130.56,2,1,0,0,0,0,0,0,0,0,0,0,0,0,0,0,0,0,0,0
115,7,276.98,193.38,37.764,75.528,8,1,0,0,0,0,0,0,0,0,0,0,0,0,0,0,0,0,0,0
115,8,606.96,216.67,67.669,135.34,1,1,0,0,0,0,0,0,0,0,0,0,0,0,0,0,0,0,0,0
116,1,459.34,189.5,77.022,154.04,2,1,0,0,0,0,0,0,0,0,0,0,0,0,0,0,0,0,0,0
116,2,497.68,204.16,65.404,130.81,2,1,0,0,0,0,0,0,0,0,0,0,0,0,0,0,0,0,0,0
116,7,276.98,193.17,37.726,75.453,8,1,0,0,0,0,0,0,0,0,0,0,0,0,0,0,0,0,0,0
116,8,610.7,216.43,67.854,135.71,1,1,0,0,0,0,0,0,0,0,0,0,0,0,0,0,0,0,0,0
117,1,460.77,189.75,77.173,154.35,2,1,0,0,0,0,0,0,0,0,0,0,0,0,0,0,0,0,0,0
117,2,498.98,204.45,65.507,131.01,2,1,0,0,0,0,0,0,0,0,0,0,0,0,0,0,0,0,0,0
117,7,276.51,193.5,37.694,75.388,8,1,0,0,0,0,0,0,0,0,0,0,0,0,0,0,0,0,0,0
117,8,613.86,216.74,68.001,136,1,1,0,0,0,0,0,0,0,0,0,0,0,0,0,0,0,0,0,0
118,1,462.77,188.91,77.353,154.71,2,1,0,0,0,0,0,0,0,0,0,0,0,0,0,0,0,0,0,0
118,2,500.87,203.64,65.64,131.28,2,1,0,0,0,0,0,0,0,0,0,0,0,0,0,0,0,0,0,0
118,7,276.58,192.75,37.663,75.325,8,1,0,0,0,0,0,0,0,0,0,0,0,0,0,0,0,0,0,0
118,8,617.74,215.96,68.194,136.39,1,1,0,0,0,0,0,0,0,0,0,0,0,0,0,0,0,0,0,0
119,1,467.68,189.36,77.656,155.31,2,1,0,0,0,0,0,0,0,0,0,0,0,0,0,0,0,0,0,0
119,2,505.78,204.15,65.9,131.8,2,1,0,0,0,0,0,0,0,0,0,0,0,0,0,0,0,0,0,0
119,7,279.42,193.35,37.609,75.217,8,1,0,0,0,0,0,0,0,0,0,0,0,0,0,0,0,0,0,0
119,8,625.2,216.51,68.607,137.21,1,1,0,0,0,0,0,0,0,0,0,0,0,0,0,0,0,0,0,0
120,1,468.76,188.83,77.798,155.6,2,1,0,0,0,0,0,0,0,0,0,0,0,0,0,0,0,0,0,0
120,2,506.71,203.66,65.995,131.99,2,1,0,0,0,0,0,0,0,0,0,0,0,0,0,0,0,0,0,0
120,7,278.59,192.89,37.591,75.182,8,1,0,0,0,0,0,0,0,0,0,0,0,0,0,0,0,0,0,0
120,8,627.95,216.04,68.73,137.46,1,1,0,0,0,0,0,0,0,0,0,0,0,0,0,0,0,0,0,0
121,1,469.85,189.4,77.937,155.87,2,1,1,2,2.7942,0.29214,0.20433,0.40866,2,1,508.81,345.28,77.937,155.87,508.81,508.81,729.25,345.28,455.5,345.28
121,2,507.64,204.26,66.086,132.17,2,1,1,2,2.6841,0.24292,0.15868,0.31736,2,1,540.69,336.43,66.086,132.17,540.69,540.69,727.61,336.43,429.89,336.43
121,3,606.4,200.53,73.354,146.71,1,1,2,2,0,0,0,0,0,0,0,0,0,0,0,0,0,0,0,0
121,6,250.49,192.98,36.586,73.171,8,1,3,0,0,0,0,0,0,0,0,0,0,0,0,0,0,0,0,0
121,7,277.76,193.52,37.574,75.148,8,1,3,0,0.72687,-0.096297,-0.041743,-0.083486,8,1,296.55,268.67,37.574,75.148,296.55,402.82,296.55,268.67,268.67,215.53
122,1,470.64,188.98,78.056,156.11,2,1,0,0,0,0,0,0,0,0,0,0,0,0,0,0,0,0,0,0
122,2,508.27,203.86,66.16,132.32,2,1,0,0,0,0,0,0,0,0,0,0,0,0,0,0,0,0,0,0
122,3,606.18,200.14,73.367,146.73,1,1,0,0,0,0,0,0,0,0,0,0,0,0,0,0,0,0,0,0
122,6,249.32,192.59,36.597,73.193,8,1,0,0,0,0,0,0,0,0,0,0,0,0,0,0,0,0,0,0
122,7,276.66,193.15,37.56,75.12,8,1,0,0,0,0,0,0,0,0,0,0,0,0,0,0,0,0,0,0
123,1,475.21,189.92,78.341,156.68,2,1,0,0,0,0,0,0,0,0,0,0,0,0,0,0,0,0,0,0
123,2,512.82,204.85,66.403,132.81,2,1,0,0,0,0,0,0,0,0,0,0,0,0,0,0,0,0,0,0
123,3,610.48,201.11,73.673,147.35,1,1,0,0,0,0,0,0,0,0,0,0,0,0,0,0,0,0,0,0
123,6,251.83,193.66,36.564,73.128,8,1,0,0,0,0,0,0,0,0,0,0,0,0,0,0,0,0,0,0
123,7,279.17,194.22,37.515,75.031,8,1,0,0,0,0,0,0,0,0,0,0,0,0,0,0,0,0,0,0
124,1,479.79,190.07,78.628,157.26,2,1,0,0,0,0,0,0,0,0,0,0,0,0,0,0,0,0,0,0
124,2,517.39,205.06,66.649,133.3,2,1,0,0,0,0,0,0,0,0,0,0,0,0,0,0,0,0,0,0
124,3,614.79,201.3,73.981,147.96,1,1,0,0,0,0,0,0,0,0,0,0,0,0,0,0,0,0,0,0
124,6,254.34,193.94,36.534,73.068,8,1,0,0,0,0,0,0,0,0,0,0,0,0,0,0,0,0,0,0
124,7,281.67,194.51,37.473,74.945,8,1,0,0,0,0,0,0,0,0,0,0,0,0,0,0,0,0,0,0
125,1,482.79,190.09,78.845,157.69,2,1,0,0,0,0,0,0,0,0,0,0,0,0,0,0,0,0,0,0
125,2,520.3,205.13,66.822,133.64,2,1,0,0,0,0,0,0,0,0,0,0,0,0,0,0,0,0,0,0
125,3,617.17,201.36,74.165,148.33,1,1,0,0,0,0,0,0,0,0,0,0,0,0,0,0,0,0,0,0
125,6,255.29,194.05,36.526,73.052,8,1,0,0,0,0,0,0,0,0,0,0,0,0,0,0,0,0,0,0
125,7,282.65,194.63,37.446,74.892,8,1,0,0,0,0,0,0,0,0,0,0,0,0,0,0,0,0,0,0
126,1,484.98,190.2,79.025,158.05,2,1,0,0,0,0,0,0,0,0,0,0,0,0,0,0,0,0,0,0
126,2,522.38,205.27,66.959,133.92,2,1,0,0,0,0,0,0,0,0,0,0,0,0,0,0,0,0,0,0
126,3,618.58,201.5,74.284,148.57,1,1,0,0,0,0,0,0,0,0,0,0,0,0,0,0,0,0,0,0
126,6,255.47,194.22,36.53,73.061,8,1,0,0,0,0,0,0,0,0,0,0,0,0,0,0,0,0,0,0
126,7,282.87,194.82,37.429,74.857,8,1,0,0,0,0,0,0,0,0,0,0,0,0,0,0,0,0,0,0
127,1,487.47,189.75,79.215,158.43,2,1,0,0,0,0,0,0,0,0,0,0,0,0,0,0,0,0,0,0
127,2,524.76,204.86,67.107,134.21,2,1,0,0,0,0,0,0,0,0,0,0,0,0,0,0,0,0,0,0
127,3,620.33,201.09,74.425,148.85,1,1,0,0,0,0,0,0,0,0,0,0,0,0,0,0,0,0,0,0
127,6,255.95,193.84,36.533,73.065,8,1,0,0,0,0,0,0,0,0,0,0,0,0,0,0,0,0,0,0
127,7,283.36,194.45,37.41,74.819,8,1,0,0,0,0,0,0,0,0,0,0,0,0,0,0,0,0,0,0
128,1,490.53,188.69,79.441,158.88,2,1,0,0,0,0,0,0,0,0,0,0,0,0,0,0,0,0,0,0
128,2,527.75,203.84,67.29,134.58,2,1,0,0,0,0,0,0,0,0,0,0,0,0,0,0,0,0,0,0
128,3,622.77,200.06,74.618,149.24,1,1,0,0,0,0,0,0,0,0,0,0,0,0,0,0,0,0,0,0
128,6,256.94,192.86,36.535,73.07,8,1,0,0,0,0,0,0,0,0,0,0,0,0,0,0,0,0,0,0
128,7,284.37,193.48,37.392,74.785,8,1,0,0,0,0,0,0,0,0,0,0,0,0,0,0,0,0,0,0
129,1,493.62,186.65,79.661,159.32,2,1,0,0,0,0,0,0,0,0,0,0,0,0,0,0,0,0,0,0
129,2,530.75,201.85,67.468,134.94,2,1,0,0,0,0,0,0,0,0,0,0,0,0,0,0,0,0,0,0
129,3,625.22,198.06,74.806,149.61,1,1,0,0,0,0,0,0,0,0,0,0,0,0,0,0,0,0,0,0
129,6,257.96,190.91,36.536,73.073,8,1,0,0,0,0,0,0,0,0,0,0,0,0,0,0,0,0,0,0
129,7,285.4,191.54,37.374,74.747,8,1,0,0,0,0,0,0,0,0,0,0,0,0,0,0,0,0,0,0
130,1,496.57,187.97,79.879,159.76,2,1,0,0,0,0,0,0,0,0,0,0,0,0,0,0,0,0,0,0
130,2,533.62,203.22,67.644,135.29,2,1,0,0,0,0,0,0,0,0,0,0,0,0,0,0,0,0,0,0
130,3,627.51,199.42,74.987,149.97,1,1,0,0,0,0,0,0,0,0,0,0,0,0,0,0,0,0,0,0
130,6,258.84,192.3,36.544,73.088,8,1,0,0,0,0,0,0,0,0,0,0,0,0,0,0,0,0,0,0
130,7,286.29,192.95,37.36,74.721,8,1,0,0,0,0,0,0,0,0,0,0,0,0,0,0,0,0,0,0
131,1,499.19,188.53,80.076,160.15,1,1,1,2,3.1476,0.19874,0.2187,0.43741,2,1,539.22,348.68,80.076,160.15,539.22,539.22,765.71,348.68,461.93,348.68
131,2,536.13,203.81,67.799,135.6,1,1,1,2,3.0446,0.15757,0.1763,0.35259,2,1,570.03,339.41,67.799,135.6,570.03,570.03,761.79,339.41,435.3,339.41
132,1,502.41,188.39,80.312,160.62,1,1,0,0,0,0,0,0,0,0,0,0,0,0,0,0,0,0,0,0
132,2,539.28,203.72,67.993,135.99,1,1,0,0,0,0,0,0,0,0,0,0,0,0,0,0,0,0,0,0
133,1,507.01,187.68,80.611,161.22,1,1,0,0,0,0,0,0,0,0,0,0,0,0,0,0,0,0,0,0
133,2,543.86,203.07,68.249,136.5,1,1,0,0,0,0,0,0,0,0,0,0,0,0,0,0,0,0,0,0
134,1,510.78,186.83,80.87,161.74,1,1,0,0,0,0,0,0,0,0,0,0,0,0,0,0,0,0,0,0
134,2,547.58,202.26,68.467,136.93,1,1,0,0,0,0,0,0,0,0,0,0,0,0,0,0,0,0,0,0
135,1,513.3,186.35,81.06,162.12,1,1,0,0,0,0,0,0,0,0,0,0,0,0,0,0,0,0,0,0
135,2,549.98,201.83,68.616,137.23,1,1,0,0,0,0,0,0,0,0,0,0,0,0,0,0,0,0,0,0
136,1,514.89,186.53,81.2,162.4,1,1,0,0,0,0,0,0,0,0,0,0,0,0,0,0,0,0,0,0
136,2,551.42,202.04,68.717,137.43,1,1,0,0,0,0,0,0,0,0,0,0,0,0,0,0,0,0,0,0
137,1,518.98,187.25,81.474,162.95,1,1,0,0,0,0,0,0,0,0,0,0,0,0,0,0,0,0,0,0
137,2,555.46,202.8,68.95,137.9,1,1,0,0,0,0,0,0,0,0,0,0,0,0,0,0,0,0,0,0
138,1,523.29,186.87,81.767,163.53,1,1,0,0,0,0,0,0,0,0,0,0,0,0,0,0,0,0,0,0
138,2,559.74,202.49,69.199,138.4,1,1,0,0,0,0,0,0,0,0,0,0,0,0,0,0,0,0,0,0
139,1,526.29,187.42,81.985,163.97,1,1,0,0,0,0,0,0,0,0,0,0,0,0,0,0,0,0,0,0
139,2,562.64,203.08,69.377,138.75,1,1,0,0,0,0,0,0,0,0,0,0,0,0,0,0,0,0,0,0
140,1,526.96,187.87,82.059,164.12,1,1,0,0,0,0,0,0,0,0,0,0,0,0,0,0,0,0,0,0
140,2,563.1,203.54,69.416,138.83,1,1,0,0,0,0,0,0,0,0,0,0,0,0,0,0,0,0,0,0
141,1,529.36,186.8,82.237,164.47,1,1,1,2,3.0996,0.3826,0.21473,0.42946,1,1,570.48,351.28,82.237,164.47,570.48,734.96,734.96,351.28,433.51,269.04
141,2,565.37,202.52,69.555,139.11,1,1,1,0,2.9845,0.34429,0.17427,0.34854,1,1,600.15,341.62,69.555,139.11,600.15,739.26,739.26,341.62,411.18,272.07
142,1,534.31,187.13,82.565,165.13,1,1,0,0,0,0,0,0,0,0,0,0,0,0,0,0,0,0,0,0
142,2,570.31,202.9,69.839,139.68,1,1,0,0,0,0,0,0,0,0,0,0,0,0,0,0,0,0,0,0
143,1,540.7,187.84,82.986,165.97,1,1,0,0,0,0,0,0,0,0,0,0,0,0,0,0,0,0,0,0
143,2,576.74,203.69,70.213,140.43,1,1,0,0,0,0,0,0,0,0,0,0,0,0,0,0,0,0,0,0
144,1,542.37,188.52,83.118,166.24,1,1,0,0,0,0,0,0,0,0,0,0,0,0,0,0,0,0,0,0
144,2,578.24,204.4,70.308,140.62,1,1,0,0,0,0,0,0,0,0,0,0,0,0,0,0,0,0,0,0
145,1,544.4,188.16,83.264,166.53,1,1,0,0,0,0,0,0,0,0,0,0,0,0,0,0,0,0,0,0
145,2,580.1,204.07,70.417,140.83,1,1,0,0,0,0,0,0,0,0,0,0,0,0,0,0,0,0,0,0
146,1,548.85,189.36,83.571,167.14,1,1,0,0,0,0,0,0,0,0,0,0,0,0,0,0,0,0,0,0
146,2,584.52,205.33,70.68,141.36,1,1,0,0,0,0,0,0,0,0,0,0,0,0,0,0,0,0,0,0
147,1,550.45,189.33,83.688,167.38,1,1,0,0,0,0,0,0,0,0,0,0,0,0,0,0,0,0,0,0
147,2,585.92,205.33,70.762,141.52,1,1,0,0,0,0,0,0,0,0,0,0,0,0,0,0,0,0,0,0
148,1,554.12,189.99,83.941,167.88,1,1,0,0,0,0,0,0,0,0,0,0,0,0,0,0,0,0,0,0
148,2,589.5,206.03,70.974,141.95,1,1,0,0,0,0,0,0,0,0,0,0,0,0,0,0,0,0,0,0
149,1,558.86,190.25,84.263,168.53,1,1,0,0,0,0,0,0,0,0,0,0,0,0,0,0,0,0,0,0
149,2,594.2,206.35,71.251,142.5,1,1,0,0,0,0,0,0,0,0,0,0,0,0,0,0,0,0,0,0
150,1,562.48,190.15,84.507,169.01,1,1,0,0,0,0,0,0,0,0,0,0,0,0,0,0,0,0,0,0
150,2,597.72,206.3,71.454,142.91,1,1,0,0,0,0,0,0,0,0,0,0,0,0,0,0,0,0,0,0
161,6,294.22,191.53,37.507,75.014,8,1,1,0,0,0,0,0,0,0,0,0,0,0,0,0,0,0,0,0
161,7,320.82,192.65,37.655,75.309,8,1,1,0,0,0,0,0,0,0,0,0,0,0,0,0,0,0,0,0
162,6,294.92,193.72,37.56,75.12,8,1,0,0,0,0,0,0,0,0,0,0,0,0,0,0,0,0,0,0
162,7,321.48,194.86,37.687,75.374,8,1,0,0,0,0,0,0,0,0,0,0,0,0,0,0,0,0,0,0
163,6,296.49,193.37,37.606,75.211,8,1,0,0,0,0,0,0,0,0,0,0,0,0,0,0,0,0,0,0
163,7,323,194.53,37.715,75.43,8,1,0,0,0,0,0,0,0,0,0,0,0,0,0,0,0,0,0,0
164,6,298.49,193.36,37.65,75.3,8,1,0,0,0,0,0,0,0,0,0,0,0,0,0,0,0,0,0,0
164,7,324.96,194.52,37.745,75.49,8,1,0,0,0,0,0,0,0,0,0,0,0,0,0,0,0,0,0,0
165,6,298.83,192.96,37.705,75.41,8,1,0,0,0,0,0,0,0,0,0,0,0,0,0,0,0,0,0,0
165,7,325.27,194.14,37.779,75.558,8,1,0,0,0,0,0,0,0,0,0,0,0,0,0,0,0,0,0,0
166,6,299.97,192.33,37.756,75.512,8,1,0,0,0,0,0,0,0,0,0,0,0,0,0,0,0,0,0,0
166,7,326.37,193.52,37.813,75.625,8,1,0,0,0,0,0,0,0,0,0,0,0,0,0,0,0,0,0,0
167,6,301.44,191.74,37.806,75.612,8,1,0,0,0,0,0,0,0,0,0,0,0,0,0,0,0,0,0,0
167,7,327.81,192.94,37.847,75.694,8,1,0,0,0,0,0,0,0,0,0,0,0,0,0,0,0,0,0,0
168,6,301.08,190.53,37.867,75.733,8,1,0,0,0,0,0,0,0,0,0,0,0,0,0,0,0,0,0,0
168,7,327.42,191.76,37.885,75.771,8,1,0,0,0,0,0,0,0,0,0,0,0,0,0,0,0,0,0,0
169,6,302.82,190.57,37.916,75.831,8,1,0,0,0,0,0,0,0,0,0,0,0,0,0,0,0,0,0,0
169,7,329.11,191.8,37.921,75.842,8,1,0,0,0,0,0,0,0,0,0,0,0,0,0,0,0,0,0,0
170,6,304.53,190.18,37.966,75.933,8,1,0,0,0,0,0,0,0,0,0,0,0,0,0,0,0,0,0,0
170,7,330.79,191.42,37.959,75.917,8,1,0,0,0,0,0,0,0,0,0,0,0,0,0,0,0,0,0,0
171,6,306.22,189.13,38.016,76.033,8,1,1,0,1.1643,-0.41536,0.051478,0.10296,8,1,325.23,265.16,38.016,76.033,325.23,432.76,325.23,265.16,265.16,211.4
171,7,332.45,190.38,37.996,75.991,8,1,1,0,1.1194,-0.43619,0.034646,0.069292,8,1,351.44,266.37,37.996,75.991,351.44,458.91,351.44,266.37,266.37,212.64
172,6,307.15,188.57,38.07,76.14,8,1,0,0,0,0,0,0,0,0,0,0,0,0,0,0,0,0,0,0
172,7,333.34,189.84,38.034,76.068,8,1,0,0,0,0,0,0,0,0,0,0,0,0,0,0,0,0,0,0
173,6,308.52,187.57,38.123,76.246,8,1,0,0,0,0,0,0,0,0,0,0,0,0,0,0,0,0,0,0
173,7,334.68,188.84,38.074,76.148,8,1,0,0,0,0,0,0,0,0,0,0,0,0,0,0,0,0,0,0
174,6,311.95,187.19,38.165,76.331,8,1,0,0,0,0,0,0,0,0,0,0,0,0,0,0,0,0,0,0
174,7,338.07,188.47,38.112,76.223,8,1,0,0,0,0,0,0,0,0,0,0,0,0,0,0,0,0,0,0
175,6,315.29,187.62,38.208,76.416,8,1,0,0,0,0,0,0,0,0,0,0,0,0,0,0,0,0,0,0
175,7,341.37,188.9,38.15,76.3,8,1,0,0,0,0,0,0,0,0,0,0,0,0,0,0,0,0,0,0
176,6,317.23,187.04,38.258,76.517,8,1,0,0,0,0,0,0,0,0,0,0,0,0,0,0,0,0,0,0
176,7,343.27,188.33,38.191,76.381,8,1,0,0,0,0,0,0,0,0,0,0,0,0,0,0,0,0,0,0
177,6,316.91,187.41,38.316,76.632,8,1,0,0,0,0,0,0,0,0,0,0,0,0,0,0,0,0,0,0
177,7,342.93,188.72,38.23,76.461,8,1,0,0,0,0,0,0,0,0,0,0,0,0,0,0,0,0,0,0
178,6,316.31,187.22,38.375,76.75,8,1,0,0,0,0,0,0,0,0,0,0,0,0,0,0,0,0,0,0
178,7,342.31,188.54,38.27,76.541,8,1,0,0,0,0,0,0,0,0,0,0,0,0,0,0,0,0,0,0
179,6,318.39,187.03,38.423,76.847,8,1,0,0,0,0,0,0,0,0,0,0,0,0,0,0,0,0,0,0
179,7,344.35,188.35,38.311,76.621,8,1,0,0,0,0,0,0,0,0,0,0,0,0,0,0,0,0,0,0
180,6,321.45,187.43,38.471,76.943,8,1,0,0,0,0,0,0,0,0,0,0,0,0,0,0,0,0,0,0
180,7,347.38,188.76,38.355,76.709,8,1,0,0,0,0,0,0,0,0,0,0,0,0,0,0,0,0,0,0
181,6,322.33,187.67,38.528,77.056,8,1,1,0,1.6136,0.036692,0.050944,0.10189,8,1,341.59,264.72,38.528,77.056,341.59,450.57,341.59,264.72,264.72,210.24
181,7,348.24,189.01,38.399,76.798,8,1,1,0,1.577,0.024065,0.040262,0.080524,8,1,367.44,265.8,38.399,76.798,367.44,476.04,367.44,265.8,265.8,211.5
182,6,321.27,189,38.59,77.18,8,1,0,0,0,0,0,0,0,0,0,0,0,0,0,0,0,0,0,0
182,7,347.16,190.35,38.442,76.883,8,1,0,0,0,0,0,0,0,0,0,0,0,0,0,0,0,0,0,0
183,6,323.22,189.35,38.642,77.283,8,1,0,0,0,0,0,0,0,0,0,0,0,0,0,0,0,0,0,0
183,7,349.09,190.71,38.486,76.971,8,1,0,0,0,0,0,0,0,0,0,0,0,0,0,0,0,0,0,0
184,6,325.47,188.64,38.692,77.384,8,1,0,0,0,0,0,0,0,0,0,0,0,0,0,0,0,0,0,0
184,7,351.31,190,38.53,77.059,8,1,0,0,0,0,0,0,0,0,0,0,0,0,0,0,0,0,0,0
185,6,326.85,189.06,38.747,77.493,8,1,0,0,0,0,0,0,0,0,0,0,0,0,0,0,0,0,0,0
185,7,352.65,190.43,38.575,77.15,8,1,0,0,0,0,0,0,0,0,0,0,0,0,0,0,0,0,0,0
186,6,329.89,189.22,38.798,77.595,8,1,0,0,0,0,0,0,0,0,0,0,0,0,0,0,0,0,0,0
186,7,355.67,190.6,38.623,77.246,8,1,0,0,0,0,0,0,0,0,0,0,0,0,0,0,0,0,0,0
187,6,331.54,190.05,38.85,77.701,8,1,0,0,0,0,0,0,0,0,0,0,0,0,0,0,0,0,0,0
187,7,357.29,191.43,38.667,77.335,8,1,0,0,0,0,0,0,0,0,0,0,0,0,0,0,0,0,0,0
188,6,334.9,189.05,38.905,77.81,8,1,0,0,0,0,0,0,0,0,0,0,0,0,0,0,0,0,0,0
188,7,360.63,190.44,38.721,77.441,8,1,0,0,0,0,0,0,0,0,0,0,0,0,0,0,0,0,0,0
189,6,336.38,190.6,38.963,77.926,8,1,0,0,0,0,0,0,0,0,0,0,0,0,0,0,0,0,0,0
189,7,362.08,192,38.77,77.54,8,1,0,0,0,0,0,0,0,0,0,0,0,0,0,0,0,0,0,0
190,6,338.36,189.36,39.018,78.036,8,1,0,0,0,0,0,0,0,0,0,0,0,0,0,0,0,0,0,0
190,7,364.03,190.77,38.818,77.636,8,1,0,0,0,0,0,0,0,0,0,0,0,0,0,0,0,0,0,0
