1,1,219.21,216.38,49.661,99.322,1,1,1,2,0,0,0,0,0,0,0,0,0,0,0,0,0,0,0,0
1,2,314.84,209.94,54.285,108.57,1,1,2,2,0,0,0,0,0,0,0,0,0,0,0,0,0,0,0,0
1,3,395.74,228.3,43.43,86.861,5,1,3,2,0,0,0,0,0,0,0,0,0,0,0,0,0,0,0,0
1,4,361.72,224.15,40.992,81.983,5,1,4,2,0,0,0,0,0,0,0,0,0,0,0,0,0,0,0,0
1,5,449.82,214.83,49.143,98.287,5,1,3,0,0,0,0,0,0,0,0,0,0,0,0,0,0,0,0,0
2,1,224.83,217.4,49.594,99.187,1,1,0,0,0,0,0,0,0,0,0,0,0,0,0,0,0,0,0,0
2,2,321.29,210.96,54.268,108.54,1,1,0,0,0,0,0,0,0,0,0,0,0,0,0,0,0,0,0,0
2,3,397.65,229.27,43.482,86.964,5,1,0,0,0,0,0,0,0,0,0,0,0,0,0,0,0,0,0,0
2,4,363.46,225.04,41.038,82.076,5,1,0,0,0,0,0,0,0,0,0,0,0,0,0,0,0,0,0,0
2,5,451.87,215.76,49.233,98.466,5,1,0,0,0,0,0,0,0,0,0,0,0,0,0,0,0,0,0,0
3,1,232.57,218.71,49.467,98.933,1,1,0,0,0,0,0,0,0,0,0,0,0,0,0,0,0,0,0,0
3,2,329.74,212.25,54.229,108.46,1,1,0,0,0,0,0,0,0,0,0,0,0,0,0,0,0,0,0,0
3,3,401.55,230.53,43.533,87.065,5,1,0,0,0,0,0,0,0,0,0,0,0,0,0,0,0,0,0,0
3,4,367.18,226.28,41.071,82.143,5,1,0,0,0,0,0,0,0,0,0,0,0,0,0,0,0,0,0,0
3,5,455.95,216.98,49.344,98.688,5,1,0,0,0,0,0,0,0,0,0,0,0,0,0,0,0,0,0,0
4,1,231.31,216.9,49.538,99.076,1,1,0,0,0,0,0,0,0,0,0,0,0,0,0,0,0,0,0,0
4,2,329.68,210.47,54.228,108.46,1,1,0,0,0,0,0,0,0,0,0,0,0,0,0,0,0,0,0,0
4,3,396.91,228.75,43.515,87.03,5,1,0,0,0,0,0,0,0,0,0,0,0,0,0,0,0,0,0,0
4,4,362.42,224.49,41.089,82.179,5,1,0,0,0,0,0,0,0,0,0,0,0,0,0,0,0,0,0,0
4,5,451.23,215.22,49.284,98.568,5,1,0,0,0,0,0,0,0,0,0,0,0,0,0,0,0,0,0,0
5,1,225.19,215.32,49.709,99.418,1,1,0,0,0,0,0,0,0,0,0,0,0,0,0,0,0,0,0,0
5,2,325.03,208.94,54.235,108.47,1,1,0,0,0,0,0,0,0,0,0,0,0,0,0,0,0,0,0,0
5,3,387.65,227.24,43.462,86.925,5,1,0,0,0,0,0,0,0,0,0,0,0,0,0,0,0,0,0,0
5,4,353.07,222.97,41.101,82.201,5,1,0,0,0,0,0,0,0,0,0,0,0,0,0,0,0,0,0,0
5,5,441.77,213.76,49.133,98.266,5,1,0,0,0,0,0,0,0,0,0,0,0,0,0,0,0,0,0,0
6,1,225.75,212.9,49.74,99.481,1,1,0,0,0,0,0,0,0,0,0,0,0,0,0,0,0,0,0,0
6,2,326.72,206.54,54.225,108.45,1,1,0,0,0,0,0,0,0,0,0,0,0,0,0,0,0,0,0,0
6,3,384.76,224.83,43.465,86.929,5,1,0,0,0,0,0,0,0,0,0,0,0,0,0,0,0,0,0,0
6,4,350.03,220.55,41.127,82.255,5,1,0,0,0,0,0,0,0,0,0,0,0,0,0,0,0,0,0,0
6,5,438.87,211.36,49.115,98.229,5,1,0,0,0,0,0,0,0,0,0,0,0,0,0,0,0,0,0,0
7,1,228.89,213.79,49.72,99.441,1,1,0,0,0,0,0,0,0,0,0,0,0,0,0,0,0,0,0,0
7,2,330.84,207.43,54.212,108.42,1,1,0,0,0,0,0,0,0,0,0,0,0,0,0,0,0,0,0,0
7,3,384.32,225.71,43.486,86.972,5,1,0,0,0,0,0,0,0,0,0,0,0,0,0,0,0,0,0,0
7,4,349.43,221.43,41.158,82.317,5,1,0,0,0,0,0,0,0,0,0,0,0,0,0,0,0,0,0,0
7,5,438.49,212.23,49.144,98.289,5,1,0,0,0,0,0,0,0,0,0,0,0,0,0,0,0,0,0,0
8,1,233.11,215.9,49.682,99.364,1,1,0,0,0,0,0,0,0,0,0,0,0,0,0,0,0,0,0,0
8,2,336,209.53,54.204,108.41,1,1,0,0,0,0,0,0,0,0,0,0,0,0,0,0,0,0,0,0
8,3,384.93,227.81,43.516,87.032,5,1,0,0,0,0,0,0,0,0,0,0,0,0,0,0,0,0,0,0
8,4,349.87,223.52,41.191,82.383,5,1,0,0,0,0,0,0,0,0,0,0,0,0,0,0,0,0,0,0
8,5,439.18,214.31,49.196,98.391,5,1,0,0,0,0,0,0,0,0,0,0,0,0,0,0,0,0,0,0
9,1,234.13,215.33,49.703,99.406,1,1,0,0,0,0,0,0,0,0,0,0,0,0,0,0,0,0,0,0
9,2,338.14,208.98,54.193,108.39,1,1,0,0,0,0,0,0,0,0,0,0,0,0,0,0,0,0,0,0
9,3,382.48,227.24,43.52,87.041,5,1,0,0,0,0,0,0,0,0,0,0,0,0,0,0,0,0,0,0
9,4,347.28,222.95,41.217,82.435,5,1,0,0,0,0,0,0,0,0,0,0,0,0,0,0,0,0,0,0
9,5,436.74,213.75,49.184,98.368,5,1,0,0,0,0,0,0,0,0,0,0,0,0,0,0,0,0,0,0
10,1,235.37,215.24,49.719,99.438,1,1,0,0,0,0,0,0,0,0,0,0,0,0,0,0,0,0,0,0
10,2,340.49,208.89,54.181,108.36,1,1,0,0,0,0,0,0,0,0,0,0,0,0,0,0,0,0,0,0
10,3,380.26,227.15,43.526,87.051,5,1,0,0,0,0,0,0,0,0,0,0,0,0,0,0,0,0,0,0
10,4,344.9,222.85,41.243,82.486,5,1,0,0,0,0,0,0,0,0,0,0,0,0,0,0,0,0,0,0
10,5,434.53,213.67,49.176,98.351,5,1,0,0,0,0,0,0,0,0,0,0,0,0,0,0,0,0,0,0
11,1,235.69,214.85,49.755,99.511,1,1,1,2,0.97169,-0.26975,0.023922,0.047845,1,1,260.56,314.36,49.755,99.511,260.56,360.07,360.07,314.36,364.11,264.6
11,2,341.98,208.52,54.171,108.34,1,1,2,2,2.0606,-0.32249,-0.0090226,-0.018045,1,1,369.06,316.86,54.171,108.34,369.06,477.4,477.4,316.86,371.04,262.69
11,3,377.17,226.78,43.529,87.057,5,1,3,2,-2.5083,-0.30232,0.0035359,0.0070718,5,1,398.93,313.84,43.529,87.057,398.93,311.87,311.87,313.84,270.31,357.36
11,5,431.44,213.3,49.155,98.311,5,1,3,0,-2.5185,-0.33006,-0.013116,-0.026233,5,1,456.02,311.61,49.155,98.311,456.02,357.7,357.7,311.61,262.45,360.77
11,6,284.44,224.55,41.062,82.123,5,1,4,0,0,0,0,0,0,0,0,0,0,0,0,0,0,0,0,0
12,1,235.05,214.93,49.805,99.61,1,1,0,0,0,0,0,0,0,0,0,0,0,0,0,0,0,0,0,0
12,2,342.57,208.63,54.154,108.31,1,1,0,0,0,0,0,0,0,0,0,0,0,0,0,0,0,0,0,0
12,3,373.17,226.88,43.524,87.048,5,1,0,0,0,0,0,0,0,0,0,0,0,0,0,0,0,0,0,0
12,5,427.42,213.41,49.116,98.232,5,1,0,0,0,0,0,0,0,0,0,0,0,0,0,0,0,0,0,0
12,6,280.52,224.64,41.106,82.212,5,1,0,0,0,0,0,0,0,0,0,0,0,0,0,0,0,0,0,0
13,1,236.11,216.82,49.824,99.649,1,1,0,0,0,0,0,0,0,0,0,0,0,0,0,0,0,0,0,0
13,2,344.79,210.54,54.142,108.28,1,1,0,0,0,0,0,0,0,0,0,0,0,0,0,0,0,0,0,0
13,3,370.81,228.78,43.532,87.064,5,1,0,0,0,0,0,0,0,0,0,0,0,0,0,0,0,0,0,0
13,5,425.08,215.32,49.109,98.218,5,1,0,0,0,0,0,0,0,0,0,0,0,0,0,0,0,0,0,0
13,6,278.24,226.54,41.138,82.277,5,1,0,0,0,0,0,0,0,0,0,0,0,0,0,0,0,0,0,0
14,1,239.78,218.76,49.794,99.587,1,1,0,0,0,0,0,0,0,0,0,0,0,0,0,0,0,0,0,0
14,2,349.51,212.47,54.134,108.27,1,1,0,0,0,0,0,0,0,0,0,0,0,0,0,0,0,0,0,0
14,3,370.96,230.7,43.551,87.102,5,1,0,0,0,0,0,0,0,0,0,0,0,0,0,0,0,0,0,0
14,5,425.3,217.23,49.142,98.285,5,1,0,0,0,0,0,0,0,0,0,0,0,0,0,0,0,0,0,0
14,6,278.52,228.47,41.144,82.287,5,1,0,0,0,0,0,0,0,0,0,0,0,0,0,0,0,0,0,0
15,1,239.74,220.05,49.83,99.66,1,1,0,0,0,0,0,0,0,0,0,0,0,0,0,0,0,0,0,0
15,2,350.72,213.77,54.116,108.23,1,1,0,0,0,0,0,0,0,0,0,0,0,0,0,0,0,0,0,0
15,3,367.57,232,43.552,87.104,5,1,0,0,0,0,0,0,0,0,0,0,0,0,0,0,0,0,0,0
15,5,421.91,218.54,49.116,98.231,5,1,0,0,0,0,0,0,0,0,0,0,0,0,0,0,0,0,0,0
15,6,275.2,229.75,41.185,82.369,5,1,0,0,0,0,0,0,0,0,0,0,0,0,0,0,0,0,0,0
16,1,240.96,221.31,49.845,99.689,1,1,0,0,0,0,0,0,0,0,0,0,0,0,0,0,0,0,0,0
16,2,353.15,215.05,54.103,108.21,1,1,0,0,0,0,0,0,0,0,0,0,0,0,0,0,0,0,0,0
16,3,365.41,233.27,43.561,87.121,5,1,0,0,0,0,0,0,0,0,0,0,0,0,0,0,0,0,0,0
16,5,419.78,219.81,49.111,98.222,5,1,0,0,0,0,0,0,0,0,0,0,0,0,0,0,0,0,0,0
16,6,273.12,231.02,41.215,82.43,5,1,0,0,0,0,0,0,0,0,0,0,0,0,0,0,0,0,0,0
17,1,242.93,223.07,49.843,99.687,1,1,0,0,0,0,0,0,0,0,0,0,0,0,0,0,0,0,0,0
17,2,356.32,216.81,54.091,108.18,1,1,0,0,0,0,0,0,0,0,0,0,0,0,0,0,0,0,0,0
17,3,363.99,235.03,43.571,87.141,5,1,0,0,0,0,0,0,0,0,0,0,0,0,0,0,0,0,0,0
17,5,418.4,221.57,49.116,98.232,5,1,0,0,0,0,0,0,0,0,0,0,0,0,0,0,0,0,0,0
17,6,271.79,232.77,41.235,82.471,5,1,0,0,0,0,0,0,0,0,0,0,0,0,0,0,0,0,0,0
18,1,245.53,222.04,49.833,99.667,1,1,0,0,0,0,0,0,0,0,0,0,0,0,0,0,0,0,0,0
18,2,360.13,215.78,54.086,108.17,1,1,0,0,0,0,0,0,0,0,0,0,0,0,0,0,0,0,0,0
18,3,363.2,233.99,43.585,87.17,5,1,0,0,0,0,0,0,0,0,0,0,0,0,0,0,0,0,0,0
18,5,417.67,220.53,49.133,98.266,5,1,0,0,0,0,0,0,0,0,0,0,0,0,0,0,0,0,0,0
18,6,271.11,231.73,41.251,82.501,5,1,0,0,0,0,0,0,0,0,0,0,0,0,0,0,0,0,0,0
19,1,248.24,222.93,49.82,99.64,1,1,0,0,0,0,0,0,0,0,0,0,0,0,0,0,0,0,0,0
19,2,364.07,216.67,54.08,108.16,1,1,0,0,0,0,0,0,0,0,0,0,0,0,0,0,0,0,0,0
19,3,362.53,234.88,43.598,87.195,5,1,0,0,0,0,0,0,0,0,0,0,0,0,0,0,0,0,0,0
19,5,417.06,221.41,49.149,98.298,5,1,0,0,0,0,0,0,0,0,0,0,0,0,0,0,0,0,0,0
19,6,270.55,232.62,41.263,82.525,5,1,0,0,0,0,0,0,0,0,0,0,0,0,0,0,0,0,0,0
20,1,248.29,222.76,49.849,99.698,1,1,0,0,0,0,0,0,0,0,0,0,0,0,0,0,0,0,0,0
20,2,365.48,216.52,54.057,108.11,1,1,0,0,0,0,0,0,0,0,0,0,0,0,0,0,0,0,0,0
20,3,359.33,234.72,43.599,87.198,5,1,0,0,0,0,0,0,0,0,0,0,0,0,0,0,0,0,0,0
20,5,413.88,221.26,49.124,98.249,5,1,0,0,0,0,0,0,0,0,0,0,0,0,0,0,0,0,0,0
20,6,267.4,232.45,41.302,82.604,5,1,0,0,0,0,0,0,0,0,0,0,0,0,0,0,0,0,0,0
21,1,247.73,222.37,49.885,99.771,1,1,1,2,1.5852,0.84372,0.0063102,0.01262,1,1,272.68,322.14,49.885,99.771,272.68,372.45,372.45,322.14,372.03,272.26
21,2,366.33,216.16,54.026,108.05,1,1,2,2,2.7987,0.81354,-0.012841,-0.025681,1,1,393.34,324.21,54.026,108.05,393.34,501.39,501.39,324.21,378.24,270.19
21,4,318.41,229.98,41.537,83.073,5,1,3,2,0,0,0,0,0,0,0,0,0,0,0,0,0,0,0,0
21,5,410.12,220.9,49.091,98.181,5,1,4,0,-1.7534,0.83314,-0.00016762,-0.00033524,5,1,434.67,319.08,49.091,98.181,434.67,336.49,336.49,319.08,269.99,368.17
22,1,248.77,223.23,49.898,99.796,1,1,0,0,0,0,0,0,0,0,0,0,0,0,0,0,0,0,0,0
22,2,368.75,217.03,54.01,108.02,1,1,0,0,0,0,0,0,0,0,0,0,0,0,0,0,0,0,0,0
22,4,316.05,230.83,41.564,83.128,5,1,0,0,0,0,0,0,0,0,0,0,0,0,0,0,0,0,0,0
22,5,407.97,221.76,49.084,98.168,5,1,0,0,0,0,0,0,0,0,0,0,0,0,0,0,0,0,0,0
23,1,255.2,225.62,49.824,99.647,1,1,0,0,0,0,0,0,0,0,0,0,0,0,0,0,0,0,0,0
23,2,376.43,219.38,54.036,108.07,1,1,0,0,0,0,0,0,0,0,0,0,0,0,0,0,0,0,0,0
23,4,318.94,233.19,41.569,83.139,5,1,0,0,0,0,0,0,0,0,0,0,0,0,0,0,0,0,0,0
23,5,411.13,224.1,49.149,98.298,5,1,0,0,0,0,0,0,0,0,0,0,0,0,0,0,0,0,0,0
24,1,258.88,228.16,49.795,99.59,1,1,0,0,0,0,0,0,0,0,0,0,0,0,0,0,0,0,0,0
24,2,381.5,221.9,54.045,108.09,1,1,0,0,0,0,0,0,0,0,0,0,0,0,0,0,0,0,0,0
24,4,319.21,235.72,41.583,83.167,5,1,0,0,0,0,0,0,0,0,0,0,0,0,0,0,0,0,0,0
24,5,411.63,226.62,49.176,98.351,5,1,0,0,0,0,0,0,0,0,0,0,0,0,0,0,0,0,0,0
25,1,260.86,228.92,49.793,99.586,1,1,0,0,0,0,0,0,0,0,0,0,0,0,0,0,0,0,0,0
25,2,384.96,222.67,54.041,108.08,1,1,0,0,0,0,0,0,0,0,0,0,0,0,0,0,0,0,0,0
25,4,317.87,236.48,41.603,83.206,5,1,0,0,0,0,0,0,0,0,0,0,0,0,0,0,0,0,0,0
25,5,410.5,227.38,49.18,98.359,5,1,0,0,0,0,0,0,0,0,0,0,0,0,0,0,0,0,0,0
26,1,260.55,228.3,49.821,99.641,1,1,0,0,0,0,0,0,0,0,0,0,0,0,0,0,0,0,0,0
26,2,386.22,222.07,54.01,108.02,1,1,0,0,0,0,0,0,0,0,0,0,0,0,0,0,0,0,0,0
26,4,314.32,235.86,41.629,83.258,5,1,0,0,0,0,0,0,0,0,0,0,0,0,0,0,0,0,0,0
26,5,407.15,226.78,49.15,98.3,5,1,0,0,0,0,0,0,0,0,0,0,0,0,0,0,0,0,0,0
27,1,259.59,225.78,49.856,99.711,1,1,0,0,0,0,0,0,0,0,0,0,0,0,0,0,0,0,0,0
27,2,386.89,219.58,53.97,107.94,1,1,0,0,0,0,0,0,0,0,0,0,0,0,0,0,0,0,0,0
27,4,310.17,233.34,41.658,83.316,5,1,0,0,0,0,0,0,0,0,0,0,0,0,0,0,0,0,0,0
27,5,403.19,224.28,49.113,98.225,5,1,0,0,0,0,0,0,0,0,0,0,0,0,0,0,0,0,0,0
28,1,261.89,228.13,49.847,99.693,1,1,0,0,0,0,0,0,0,0,0,0,0,0,0,0,0,0,0,0
28,2,390.79,221.93,53.97,107.94,1,1,0,0,0,0,0,0,0,0,0,0,0,0,0,0,0,0,0,0
28,4,309.24,235.68,41.675,83.35,5,1,0,0,0,0,0,0,0,0,0,0,0,0,0,0,0,0,0,0
28,5,402.48,226.63,49.121,98.243,5,1,0,0,0,0,0,0,0,0,0,0,0,0,0,0,0,0,0,0
29,1,264.08,228,49.834,99.669,1,1,0,0,0,0,0,0,0,0,0,0,0,0,0,0,0,0,0,0
29,2,394.61,221.79,53.965,107.93,1,1,0,0,0,0,0,0,0,0,0,0,0,0,0,0,0,0,0,0
29,4,308.23,235.54,41.688,83.375,5,1,0,0,0,0,0,0,0,0,0,0,0,0,0,0,0,0,0,0
29,5,401.68,226.49,49.123,98.246,5,1,0,0,0,0,0,0,0,0,0,0,0,0,0,0,0,0,0,0
30,1,266.45,228.08,49.824,99.647,1,1,0,0,0,0,0,0,0,0,0,0,0,0,0,0,0,0,0,0
30,2,398.68,221.87,53.968,107.94,1,1,0,0,0,0,0,0,0,0,0,0,0,0,0,0,0,0,0,0
30,4,307.46,235.62,41.702,83.403,5,1,0,0,0,0,0,0,0,0,0,0,0,0,0,0,0,0,0,0
30,5,401.12,226.57,49.131,98.262,5,1,0,0,0,0,0,0,0,0,0,0,0,0,0,0,0,0,0,0
31,1,265.59,228.89,49.854,99.708,1,1,1,2,1.5655,0.37856,-4.1405e-05,-8.2811e-05,1,1,290.52,328.6,49.854,99.708,290.52,390.23,390.23,328.6,378.45,278.74
31,2,399.61,222.71,53.927,107.85,1,1,2,2,3.1289,0.36115,-0.011291,-0.022583,1,1,426.57,330.56,53.927,107.85,426.57,534.43,534.43,330.56,384.49,276.64
31,3,342.19,240.84,43.663,87.326,5,1,3,2,0,0,0,0,0,0,0,0,0,0,0,0,0,0,0,0
31,6,251.15,238.53,41.524,83.047,5,1,4,0,0,0,0,0,0,0,0,0,0,0,0,0,0,0,0,0
31,7,31.02,238.9,46.797,93.594,1,1,5,0,0,0,0,0,0,0,0,0,0,0,0,0,0,0,0,0
32,1,264.79,227.26,49.882,99.763,1,1,0,0,0,0,0,0,0,0,0,0,0,0,0,0,0,0,0,0
32,2,400.64,221.11,53.885,107.77,1,1,0,0,0,0,0,0,0,0,0,0,0,0,0,0,0,0,0,0
32,3,338.52,239.22,43.665,87.331,5,1,0,0,0,0,0,0,0,0,0,0,0,0,0,0,0,0,0,0
32,6,247.48,236.91,41.573,83.146,5,1,0,0,0,0,0,0,0,0,0,0,0,0,0,0,0,0,0,0
32,7,31.056,237.26,46.893,93.786,1,1,0,0,0,0,0,0,0,0,0,0,0,0,0,0,0,0,0,0
33,1,265.42,226.82,49.888,99.777,1,1,0,0,0,0,0,0,0,0,0,0,0,0,0,0,0,0,0,0
33,2,403.12,220.69,53.861,107.72,1,1,0,0,0,0,0,0,0,0,0,0,0,0,0,0,0,0,0,0
33,3,336.29,238.78,43.668,87.336,5,1,0,0,0,0,0,0,0,0,0,0,0,0,0,0,0,0,0,0
33,6,245.3,236.46,41.602,83.203,5,1,0,0,0,0,0,0,0,0,0,0,0,0,0,0,0,0,0,0
33,7,33.102,236.82,46.907,93.814,1,1,0,0,0,0,0,0,0,0,0,0,0,0,0,0,0,0,0,0
34,1,268.42,228.62,49.863,99.725,1,1,0,0,0,0,0,0,0,0,0,0,0,0,0,0,0,0,0,0
34,2,407.99,222.47,53.872,107.74,1,1,0,0,0,0,0,0,0,0,0,0,0,0,0,0,0,0,0,0
34,3,336.4,240.57,43.668,87.337,5,1,0,0,0,0,0,0,0,0,0,0,0,0,0,0,0,0,0,0
34,6,245.57,238.25,41.593,83.186,5,1,0,0,0,0,0,0,0,0,0,0,0,0,0,0,0,0,0,0
34,7,38.392,238.63,46.791,93.581,1,1,0,0,0,0,0,0,0,0,0,0,0,0,0,0,0,0,0,0
35,1,273.7,232.72,49.813,99.626,1,1,0,0,0,0,0,0,0,0,0,0,0,0,0,0,0,0,0,0
35,2,415.21,226.53,53.929,107.86,1,1,0,0,0,0,0,0,0,0,0,0,0,0,0,0,0,0,0,0
35,3,338.81,244.65,43.671,87.341,5,1,0,0,0,0,0,0,0,0,0,0,0,0,0,0,0,0,0,0
35,6,248.21,242.35,41.552,83.103,5,1,0,0,0,0,0,0,0,0,0,0,0,0,0,0,0,0,0,0
35,7,46.732,242.75,46.558,93.116,1,1,0,0,0,0,0,0,0,0,0,0,0,0,0,0,0,0,0,0
36,1,275.66,231.83,49.802,99.604,1,1,0,0,0,0,0,0,0,0,0,0,0,0,0,0,0,0,0,0
36,2,419.16,225.63,53.931,107.86,1,1,0,0,0,0,0,0,0,0,0,0,0,0,0,0,0,0,0,0
36,3,337.99,243.75,43.669,87.339,5,1,0,0,0,0,0,0,0,0,0,0,0,0,0,0,0,0,0,0
36,6,247.51,241.45,41.556,83.112,5,1,0,0,0,0,0,0,0,0,0,0,0,0,0,0,0,0,0,0
36,7,50.647,241.87,46.499,92.999,1,1,0,0,0,0,0,0,0,0,0,0,0,0,0,0,0,0,0,0
37,1,275.65,231.35,49.815,99.63,1,1,0,0,0,0,0,0,0,0,0,0,0,0,0,0,0,0,0,0
37,2,421.2,225.17,53.901,107.8,1,1,0,0,0,0,0,0,0,0,0,0,0,0,0,0,0,0,0,0
37,3,335.28,243.28,43.67,87.341,5,1,0,0,0,0,0,0,0,0,0,0,0,0,0,0,0,0,0,0
37,6,244.83,240.97,41.59,83.181,5,1,0,0,0,0,0,0,0,0,0,0,0,0,0,0,0,0,0,0
37,7,51.988,241.38,46.542,93.084,1,1,0,0,0,0,0,0,0,0,0,0,0,0,0,0,0,0,0,0
38,1,273,229.02,49.856,99.711,1,1,0,0,0,0,0,0,0,0,0,0,0,0,0,0,0,0,0,0
38,2,420.64,222.89,53.819,107.64,1,1,0,0,0,0,0,0,0,0,0,0,0,0,0,0,0,0,0,0
38,3,330.02,240.97,43.673,87.345,5,1,0,0,0,0,0,0,0,0,0,0,0,0,0,0,0,0,0,0
38,6,239.49,238.64,41.664,83.328,5,1,0,0,0,0,0,0,0,0,0,0,0,0,0,0,0,0,0,0
38,7,49.916,239.04,46.715,93.43,1,1,0,0,0,0,0,0,0,0,0,0,0,0,0,0,0,0,0,0
39,1,272.58,229.65,49.87,99.74,1,1,0,0,0,0,0,0,0,0,0,0,0,0,0,0,0,0,0,0
39,2,422.33,223.54,53.778,107.56,1,1,0,0,0,0,0,0,0,0,0,0,0,0,0,0,0,0,0,0
39,3,326.97,241.6,43.674,87.349,5,1,0,0,0,0,0,0,0,0,0,0,0,0,0,0,0,0,0,0
39,6,236.45,239.26,41.705,83.409,5,1,0,0,0,0,0,0,0,0,0,0,0,0,0,0,0,0,0,0
39,7,50.817,239.67,46.772,93.544,1,1,0,0,0,0,0,0,0,0,0,0,0,0,0,0,0,0,0,0
40,1,274.19,229.75,49.86,99.719,1,1,0,0,0,0,0,0,0,0,0,0,0,0,0,0,0,0,0,0
40,2,426.11,223.65,53.774,107.55,1,1,0,0,0,0,0,0,0,0,0,0,0,0,0,0,0,0,0,0
40,3,325.96,241.7,43.673,87.345,5,1,0,0,0,0,0,0,0,0,0,0,0,0,0,0,0,0,0,0
40,6,235.55,239.36,41.711,83.422,5,1,0,0,0,0,0,0,0,0,0,0,0,0,0,0,0,0,0,0
40,7,54.449,239.77,46.723,93.445,1,1,0,0,0,0,0,0,0,0,0,0,0,0,0,0,0,0,0,0
41,1,275.67,230.42,49.851,99.701,1,1,1,2,1.0787,0.25403,-0.0018314,-0.0036629,1,1,300.6,330.12,49.851,99.701,300.6,400.3,400.3,330.12,379.97,280.27
41,2,429.8,224.31,53.77,107.54,1,1,2,2,3.1039,0.23379,-0.015019,-0.030039,1,1,456.68,331.85,53.77,107.54,456.68,564.22,564.22,331.85,385.62,278.08
41,4,284.98,237.92,41.88,83.759,5,1,3,2,0,0,0,0,0,0,0,0,0,0,0,0,0,0,0,0
41,5,380.84,228.97,48.997,97.994,5,1,4,2,0,0,0,0,0,0,0,0,0,0,0,0,0,0,0,0
41,6,234.54,240.03,41.719,83.438,5,1,3,0,-1.5618,0.28971,0.018225,0.03645,5,1,255.39,323.46,41.719,83.438,255.39,171.96,171.96,323.46,281.74,365.18
41,7,57.924,240.45,46.679,93.359,1,1,5,0,2.8053,0.2262,-0.016899,-0.033797,1,1,81.264,333.81,46.679,93.359,81.264,174.62,174.62,333.81,380.49,287.13
42,1,274.32,230.33,49.873,99.745,1,1,0,0,0,0,0,0,0,0,0,0,0,0,0,0,0,0,0,0
42,2,430.67,224.26,53.708,107.42,1,1,0,0,0,0,0,0,0,0,0,0,0,0,0,0,0,0,0,0
42,4,280.99,237.83,41.911,83.821,5,1,0,0,0,0,0,0,0,0,0,0,0,0,0,0,0,0,0,0
42,5,377.06,228.9,48.966,97.933,5,1,0,0,0,0,0,0,0,0,0,0,0,0,0,0,0,0,0,0
42,6,230.64,239.93,41.773,83.547,5,1,0,0,0,0,0,0,0,0,0,0,0,0,0,0,0,0,0,0
42,7,57.746,240.35,46.775,93.551,1,1,0,0,0,0,0,0,0,0,0,0,0,0,0,0,0,0,0,0
43,1,273.78,232.25,49.886,99.772,1,1,0,0,0,0,0,0,0,0,0,0,0,0,0,0,0,0,0,0
43,2,432.4,226.2,53.663,107.33,1,1,0,0,0,0,0,0,0,0,0,0,0,0,0,0,0,0,0,0
43,4,277.85,239.75,41.936,83.873,5,1,0,0,0,0,0,0,0,0,0,0,0,0,0,0,0,0,0,0
43,5,374.12,230.84,48.946,97.891,5,1,0,0,0,0,0,0,0,0,0,0,0,0,0,0,0,0,0,0
43,6,227.6,241.85,41.816,83.631,5,1,0,0,0,0,0,0,0,0,0,0,0,0,0,0,0,0,0,0
43,7,58.66,242.26,46.83,93.659,1,1,0,0,0,0,0,0,0,0,0,0,0,0,0,0,0,0,0,0
44,1,274.51,231.44,49.883,99.767,1,1,0,0,0,0,0,0,0,0,0,0,0,0,0,0,0,0,0,0
44,2,435.43,225.4,53.642,107.28,1,1,0,0,0,0,0,0,0,0,0,0,0,0,0,0,0,0,0,0
44,4,275.99,238.93,41.949,83.898,5,1,0,0,0,0,0,0,0,0,0,0,0,0,0,0,0,0,0,0
44,5,372.45,230.02,48.934,97.868,5,1,0,0,0,0,0,0,0,0,0,0,0,0,0,0,0,0,0,0
44,6,225.9,241.03,41.834,83.669,5,1,0,0,0,0,0,0,0,0,0,0,0,0,0,0,0,0,0,0
44,7,61.25,241.45,46.818,93.636,1,1,0,0,0,0,0,0,0,0,0,0,0,0,0,0,0,0,0,0
45,1,274.4,231.6,49.891,99.782,1,1,0,0,0,0,0,0,0,0,0,0,0,0,0,0,0,0,0,0
45,2,437.65,225.58,53.606,107.21,1,1,0,0,0,0,0,0,0,0,0,0,0,0,0,0,0,0,0,0
45,4,273.33,239.1,41.97,83.941,5,1,0,0,0,0,0,0,0,0,0,0,0,0,0,0,0,0,0,0
45,5,369.99,230.2,48.918,97.836,5,1,0,0,0,0,0,0,0,0,0,0,0,0,0,0,0,0,0,0
45,6,223.36,241.19,41.869,83.737,5,1,0,0,0,0,0,0,0,0,0,0,0,0,0,0,0,0,0,0
45,7,62.777,241.61,46.847,93.695,1,1,0,0,0,0,0,0,0,0,0,0,0,0,0,0,0,0,0,0
46,1,275.36,231.25,49.882,99.763,1,1,0,0,0,0,0,0,0,0,0,0,0,0,0,0,0,0,0,0
46,2,440.97,225.23,53.588,107.18,1,1,0,0,0,0,0,0,0,0,0,0,0,0,0,0,0,0,0,0
46,4,271.78,238.74,41.977,83.954,5,1,0,0,0,0,0,0,0,0,0,0,0,0,0,0,0,0,0,0
46,5,368.6,229.85,48.905,97.81,5,1,0,0,0,0,0,0,0,0,0,0,0,0,0,0,0,0,0,0
46,6,221.96,240.83,41.879,83.759,5,1,0,0,0,0,0,0,0,0,0,0,0,0,0,0,0,0,0,0
46,7,65.726,241.26,46.819,93.638,1,1,0,0,0,0,0,0,0,0,0,0,0,0,0,0,0,0,0,0
47,1,274.7,231.87,49.894,99.788,1,1,0,0,0,0,0,0,0,0,0,0,0,0,0,0,0,0,0,0
47,2,442.68,225.88,53.538,107.08,1,1,0,0,0,0,0,0,0,0,0,0,0,0,0,0,0,0,0,0
47,4,268.61,239.36,42.004,84.008,5,1,0,0,0,0,0,0,0,0,0,0,0,0,0,0,0,0,0,0
47,5,365.64,230.48,48.887,97.773,5,1,0,0,0,0,0,0,0,0,0,0,0,0,0,0,0,0,0,0
47,6,218.88,241.45,41.923,83.847,5,1,0,0,0,0,0,0,0,0,0,0,0,0,0,0,0,0,0,0
47,7,66.585,241.88,46.872,93.744,1,1,0,0,0,0,0,0,0,0,0,0,0,0,0,0,0,0,0,0
48,1,273.36,232.01,49.914,99.828,1,1,0,0,0,0,0,0,0,0,0,0,0,0,0,0,0,0,0,0
48,2,443.71,226.06,53.471,106.94,1,1,0,0,0,0,0,0,0,0,0,0,0,0,0,0,0,0,0,0
48,4,264.78,239.5,42.04,84.079,5,1,0,0,0,0,0,0,0,0,0,0,0,0,0,0,0,0,0,0
48,5,362.02,230.64,48.865,97.731,5,1,0,0,0,0,0,0,0,0,0,0,0,0,0,0,0,0,0,0
48,6,215.09,241.59,41.982,83.963,5,1,0,0,0,0,0,0,0,0,0,0,0,0,0,0,0,0,0,0
48,7,66.583,242.01,46.956,93.912,1,1,0,0,0,0,0,0,0,0,0,0,0,0,0,0,0,0,0,0
49,1,273.61,232.32,49.912,99.824,1,1,0,0,0,0,0,0,0,0,0,0,0,0,0,0,0,0,0,0
49,2,446.36,226.38,53.436,106.87,1,1,0,0,0,0,0,0,0,0,0,0,0,0,0,0,0,0,0,0
49,4,262.56,239.8,42.054,84.109,5,1,0,0,0,0,0,0,0,0,0,0,0,0,0,0,0,0,0,0
49,5,359.98,230.95,48.851,97.701,5,1,0,0,0,0,0,0,0,0,0,0,0,0,0,0,0,0,0,0
49,6,212.98,241.88,42.006,84.012,5,1,0,0,0,0,0,0,0,0,0,0,0,0,0,0,0,0,0,0
49,7,68.654,242.32,46.959,93.918,1,1,0,0,0,0,0,0,0,0,0,0,0,0,0,0,0,0,0,0
50,1,273.51,232.33,49.914,99.829,1,1,0,0,0,0,0,0,0,0,0,0,0,0,0,0,0,0,0,0
50,2,448.67,226.42,53.393,106.79,1,1,0,0,0,0,0,0,0,0,0,0,0,0,0,0,0,0,0,0
50,4,260.01,239.81,42.074,84.149,5,1,0,0,0,0,0,0,0,0,0,0,0,0,0,0,0,0,0,0
50,5,357.6,230.97,48.836,97.671,5,1,0,0,0,0,0,0,0,0,0,0,0,0,0,0,0,0,0,0
50,6,210.51,241.89,42.038,84.076,5,1,0,0,0,0,0,0,0,0,0,0,0,0,0,0,0,0,0,0
50,7,70.274,242.33,46.978,93.957,1,1,0,0,0,0,0,0,0,0,0,0,0,0,0,0,0,0,0,0
51,1,273.57,232.21,49.911,99.822,5,1,1,2,-0.10022,0.15281,0.0046616,0.0093232,1,1,298.53,332.03,49.911,99.822,298.53,398.35,398.35,332.03,381.94,282.12
51,2,451.12,226.31,53.348,106.7,1,1,2,2,2.2371,0.083197,-0.040068,-0.080136,1,1,477.8,333.01,53.348,106.7,477.8,584.5,584.5,333.01,386.35,279.66
51,4,257.62,239.68,42.089,84.179,5,1,3,2,-2.6035,0.18047,0.020233,0.040467,5,1,278.66,323.86,42.089,84.179,278.66,194.48,194.48,323.86,281.77,365.94
51,5,355.38,230.85,48.818,97.636,5,1,4,2,-2.4325,0.11907,-0.016346,-0.032692,5,1,379.79,328.49,48.818,97.636,379.79,282.15,282.15,328.49,279.67,377.3
51,6,208.21,241.76,42.064,84.127,5,1,3,0,-2.493,0.20395,0.03277,0.065539,5,1,229.24,325.89,42.064,84.127,229.24,145.11,145.11,325.89,283.82,367.95
51,7,72.104,242.2,46.986,93.972,1,1,5,0,1.5868,0.18962,0.024359,0.048718,1,1,95.597,336.17,46.986,93.972,95.597,189.57,189.57,336.17,383.16,289.19
51,8,33.765,237.49,51.256,102.51,1,1,5,0,0,0,0,0,0,0,0,0,0,0,0,0,0,0,0,0
52,1,274.28,230.74,49.899,99.797,5,1,0,0,0,0,0,0,0,0,0,0,0,0,0,0,0,0,0,0
52,2,454.26,224.85,53.319,106.64,1,1,0,0,0,0,0,0,0,0,0,0,0,0,0,0,0,0,0,0
52,4,255.9,238.2,42.095,84.19,5,1,0,0,0,0,0,0,0,0,0,0,0,0,0,0,0,0,0,0
52,5,353.8,229.38,48.802,97.605,5,1,0,0,0,0,0,0,0,0,0,0,0,0,0,0,0,0,0,0
52,6,206.6,240.29,42.075,84.149,5,1,0,0,0,0,0,0,0,0,0,0,0,0,0,0,0,0,0,0
52,7,74.764,240.73,46.961,93.923,1,1,0,0,0,0,0,0,0,0,0,0,0,0,0,0,0,0,0,0
52,8,36.444,236.02,51.21,102.42,1,1,0,0,0,0,0,0,0,0,0,0,0,0,0,0,0,0,0,0
53,1,277.27,232.11,49.865,99.729,5,1,0,0,0,0,0,0,0,0,0,0,0,0,0,0,0,0,0,0
53,2,459.75,226.19,53.352,106.7,1,1,0,0,0,0,0,0,0,0,0,0,0,0,0,0,0,0,0,0
53,4,256.5,239.56,42.073,84.147,5,1,0,0,0,0,0,0,0,0,0,0,0,0,0,0,0,0,0,0
53,5,354.46,230.74,48.799,97.598,5,1,0,0,0,0,0,0,0,0,0,0,0,0,0,0,0,0,0,0
53,6,207.4,241.65,42.04,84.08,5,1,0,0,0,0,0,0,0,0,0,0,0,0,0,0,0,0,0,0
53,7,80.261,242.11,46.834,93.669,1,1,0,0,0,0,0,0,0,0,0,0,0,0,0,0,0,0,0,0
53,8,42.152,237.43,51.037,102.07,1,1,0,0,0,0,0,0,0,0,0,0,0,0,0,0,0,0,0,0
54,1,279.02,232.35,49.846,99.692,5,1,0,0,0,0,0,0,0,0,0,0,0,0,0,0,0,0,0,0
54,2,463.98,226.43,53.357,106.71,1,1,0,0,0,0,0,0,0,0,0,0,0,0,0,0,0,0,0,0
54,4,255.83,239.81,42.068,84.136,5,1,0,0,0,0,0,0,0,0,0,0,0,0,0,0,0,0,0,0
54,5,353.9,230.98,48.791,97.582,5,1,0,0,0,0,0,0,0,0,0,0,0,0,0,0,0,0,0,0
54,6,206.88,241.89,42.031,84.063,5,1,0,0,0,0,0,0,0,0,0,0,0,0,0,0,0,0,0,0
54,7,84.15,242.36,46.768,93.536,1,1,0,0,0,0,0,0,0,0,0,0,0,0,0,0,0,0,0,0
54,8,46.151,237.69,50.94,101.88,1,1,0,0,0,0,0,0,0,0,0,0,0,0,0,0,0,0,0,0
55,1,279.25,231.61,49.845,99.689,5,1,0,0,0,0,0,0,0,0,0,0,0,0,0,0,0,0,0,0
55,2,466.63,225.7,53.322,106.64,1,1,0,0,0,0,0,0,0,0,0,0,0,0,0,0,0,0,0,0
55,4,253.62,239.06,42.084,84.168,5,1,0,0,0,0,0,0,0,0,0,0,0,0,0,0,0,0,0,0
55,5,351.84,230.25,48.779,97.558,5,1,0,0,0,0,0,0,0,0,0,0,0,0,0,0,0,0,0,0
55,6,204.73,241.15,42.056,84.112,5,1,0,0,0,0,0,0,0,0,0,0,0,0,0,0,0,0,0,0
55,7,86.103,241.62,46.772,93.544,1,1,0,0,0,0,0,0,0,0,0,0,0,0,0,0,0,0,0,0
55,8,48.095,236.95,50.931,101.86,1,1,0,0,0,0,0,0,0,0,0,0,0,0,0,0,0,0,0,0
56,1,279.56,232.32,49.839,99.679,5,1,0,0,0,0,0,0,0,0,0,0,0,0,0,0,0,0,0,0
56,2,469.34,226.43,53.285,106.57,1,1,0,0,0,0,0,0,0,0,0,0,0,0,0,0,0,0,0,0
56,4,251.48,239.76,42.097,84.193,5,1,0,0,0,0,0,0,0,0,0,0,0,0,0,0,0,0,0,0
56,5,349.84,230.96,48.765,97.529,5,1,0,0,0,0,0,0,0,0,0,0,0,0,0,0,0,0,0,0
56,6,202.65,241.85,42.077,84.154,5,1,0,0,0,0,0,0,0,0,0,0,0,0,0,0,0,0,0,0
56,7,88.132,242.33,46.77,93.541,1,1,0,0,0,0,0,0,0,0,0,0,0,0,0,0,0,0,0,0
56,8,50.128,237.66,50.916,101.83,1,1,0,0,0,0,0,0,0,0,0,0,0,0,0,0,0,0,0,0
57,1,280.53,233.75,49.827,99.654,5,1,0,0,0,0,0,0,0,0,0,0,0,0,0,0,0,0,0,0
57,2,472.72,227.87,53.265,106.53,1,1,0,0,0,0,0,0,0,0,0,0,0,0,0,0,0,0,0,0
57,4,249.99,241.19,42.1,84.2,5,1,0,0,0,0,0,0,0,0,0,0,0,0,0,0,0,0,0,0
57,5,348.46,232.39,48.752,97.504,5,1,0,0,0,0,0,0,0,0,0,0,0,0,0,0,0,0,0,0
57,6,201.25,243.28,42.084,84.167,5,1,0,0,0,0,0,0,0,0,0,0,0,0,0,0,0,0,0,0
57,7,90.942,243.76,46.74,93.48,1,1,0,0,0,0,0,0,0,0,0,0,0,0,0,0,0,0,0,0
57,8,52.998,239.1,50.866,101.73,1,1,0,0,0,0,0,0,0,0,0,0,0,0,0,0,0,0,0,0
58,1,281.84,232.92,49.814,99.627,5,1,0,0,0,0,0,0,0,0,0,0,0,0,0,0,0,0,0,0
58,2,476.44,227.03,53.257,106.51,1,1,0,0,0,0,0,0,0,0,0,0,0,0,0,0,0,0,0,0
58,4,248.82,240.35,42.1,84.2,5,1,0,0,0,0,0,0,0,0,0,0,0,0,0,0,0,0,0,0
58,5,347.39,231.56,48.742,97.485,5,1,0,0,0,0,0,0,0,0,0,0,0,0,0,0,0,0,0,0
58,6,200.18,242.43,42.084,84.168,5,1,0,0,0,0,0,0,0,0,0,0,0,0,0,0,0,0,0,0
58,7,94.108,242.93,46.697,93.394,1,1,0,0,0,0,0,0,0,0,0,0,0,0,0,0,0,0,0,0
58,8,56.252,238.28,50.801,101.6,1,1,0,0,0,0,0,0,0,0,0,0,0,0,0,0,0,0,0,0
59,1,282.58,232.93,49.804,99.607,5,1,0,0,0,0,0,0,0,0,0,0,0,0,0,0,0,0,0,0
59,2,479.52,227.05,53.229,106.46,1,1,0,0,0,0,0,0,0,0,0,0,0,0,0,0,0,0,0,0
59,4,247.05,240.36,42.106,84.213,5,1,0,0,0,0,0,0,0,0,0,0,0,0,0,0,0,0,0,0
59,5,345.73,231.57,48.729,97.457,5,1,0,0,0,0,0,0,0,0,0,0,0,0,0,0,0,0,0,0
59,6,198.47,242.44,42.096,84.191,5,1,0,0,0,0,0,0,0,0,0,0,0,0,0,0,0,0,0,0
59,7,96.533,242.94,46.679,93.357,1,1,0,0,0,0,0,0,0,0,0,0,0,0,0,0,0,0,0,0
59,8,58.724,238.3,50.767,101.53,1,1,0,0,0,0,0,0,0,0,0,0,0,0,0,0,0,0,0,0
60,1,282.92,233.06,49.8,99.6,5,1,0,0,0,0,0,0,0,0,0,0,0,0,0,0,0,0,0,0
60,2,482.16,227.2,53.19,106.38,1,1,0,0,0,0,0,0,0,0,0,0,0,0,0,0,0,0,0,0
60,4,244.83,240.48,42.121,84.243,5,1,0,0,0,0,0,0,0,0,0,0,0,0,0,0,0,0,0,0
60,5,343.64,231.71,48.717,97.434,5,1,0,0,0,0,0,0,0,0,0,0,0,0,0,0,0,0,0,0
60,6,196.29,242.56,42.119,84.238,5,1,0,0,0,0,0,0,0,0,0,0,0,0,0,0,0,0,0,0
60,7,98.396,243.07,46.68,93.361,1,1,0,0,0,0,0,0,0,0,0,0,0,0,0,0,0,0,0,0
60,8,60.605,238.43,50.759,101.52,1,1,0,0,0,0,0,0,0,0,0,0,0,0,0,0,0,0,0,0
61,1,284.6,232,49.781,99.563,5,1,1,2,0.95758,0.13721,-0.011056,-0.022112,5,1,309.49,331.56,49.781,99.563,309.49,209.93,209.93,331.56,281.78,381.34
61,2,486.17,226.13,53.188,106.38,1,1,2,2,3.3519,0.12557,-0.019206,-0.038412,1,1,512.76,332.5,53.188,106.38,512.76,619.14,619.14,332.5,385.69,279.32
61,4,243.95,239.42,42.114,84.228,5,1,3,2,-1.5068,0.16324,0.0045614,0.0091227,5,1,265.01,323.64,42.114,84.228,265.01,180.78,180.78,323.64,281.53,365.76
61,5,342.82,230.64,48.705,97.41,5,1,4,2,-1.4012,0.13705,-0.01141,-0.022819,5,1,367.17,328.05,48.705,97.41,367.17,269.76,269.76,328.05,279.35,376.76
61,6,195.5,241.5,42.109,84.219,5,1,3,0,-1.4187,0.16917,0.0077447,0.015489,5,1,216.56,325.72,42.109,84.219,216.56,132.34,132.34,325.72,283.61,367.83
61,7,101.84,242.01,46.624,93.248,1,1,5,0,2.7695,0.10205,-0.02918,-0.058359,1,1,125.15,335.26,46.624,93.248,125.15,218.4,218.4,335.26,381.88,288.63
61,8,64.173,237.38,50.68,101.36,1,1,5,0,2.8177,0.070337,-0.048628,-0.097257,1,1,89.513,338.74,50.68,101.36,89.513,190.87,190.87,338.74,389.42,288.06
62,1,284.79,232.74,49.776,99.553,5,1,0,0,0,0,0,0,0,0,0,0,0,0,0,0,0,0,0,0
62,2,488.54,226.89,53.137,106.27,1,1,0,0,0,0,0,0,0,0,0,0,0,0,0,0,0,0,0,0
62,4,241.49,240.15,42.13,84.26,5,1,0,0,0,0,0,0,0,0,0,0,0,0,0,0,0,0,0,0
62,5,340.49,231.39,48.69,97.381,5,1,0,0,0,0,0,0,0,0,0,0,0,0,0,0,0,0,0,0
62,6,193.06,242.23,42.135,84.27,5,1,0,0,0,0,0,0,0,0,0,0,0,0,0,0,0,0,0,0
62,7,103.4,242.75,46.632,93.264,1,1,0,0,0,0,0,0,0,0,0,0,0,0,0,0,0,0,0,0
62,8,65.74,238.12,50.681,101.36,1,1,0,0,0,0,0,0,0,0,0,0,0,0,0,0,0,0,0,0
63,1,287.31,232.17,49.752,99.504,5,1,0,0,0,0,0,0,0,0,0,0,0,0,0,0,0,0,0,0
63,2,493.36,226.3,53.162,106.32,1,1,0,0,0,0,0,0,0,0,0,0,0,0,0,0,0,0,0,0
63,4,241.38,239.58,42.111,84.222,5,1,0,0,0,0,0,0,0,0,0,0,0,0,0,0,0,0,0,0
63,5,340.4,230.81,48.68,97.36,5,1,0,0,0,0,0,0,0,0,0,0,0,0,0,0,0,0,0,0
63,6,193.07,241.66,42.108,84.215,5,1,0,0,0,0,0,0,0,0,0,0,0,0,0,0,0,0,0,0
63,7,107.7,242.19,46.546,93.092,1,1,0,0,0,0,0,0,0,0,0,0,0,0,0,0,0,0,0,0
63,8,70.229,237.57,50.566,101.13,1,1,0,0,0,0,0,0,0,0,0,0,0,0,0,0,0,0,0,0
64,1,287.51,234.52,49.746,99.492,5,1,0,0,0,0,0,0,0,0,0,0,0,0,0,0,0,0,0,0
64,2,495.63,228.67,53.105,106.21,1,1,0,0,0,0,0,0,0,0,0,0,0,0,0,0,0,0,0,0
64,4,238.82,241.92,42.126,84.253,5,1,0,0,0,0,0,0,0,0,0,0,0,0,0,0,0,0,0,0
64,5,337.97,233.16,48.664,97.328,5,1,0,0,0,0,0,0,0,0,0,0,0,0,0,0,0,0,0,0
64,6,190.53,244,42.133,84.267,5,1,0,0,0,0,0,0,0,0,0,0,0,0,0,0,0,0,0,0
64,7,109.12,244.53,46.555,93.111,1,1,0,0,0,0,0,0,0,0,0,0,0,0,0,0,0,0,0,0
64,8,71.664,239.91,50.571,101.14,1,1,0,0,0,0,0,0,0,0,0,0,0,0,0,0,0,0,0,0
65,1,287.69,236.2,49.74,99.479,5,1,0,0,0,0,0,0,0,0,0,0,0,0,0,0,0,0,0,0
65,2,497.8,230.38,53.043,106.09,1,1,0,0,0,0,0,0,0,0,0,0,0,0,0,0,0,0,0,0
65,4,236.18,243.59,42.143,84.285,5,1,0,0,0,0,0,0,0,0,0,0,0,0,0,0,0,0,0,0
65,5,335.45,234.85,48.648,97.296,5,1,0,0,0,0,0,0,0,0,0,0,0,0,0,0,0,0,0,0
65,6,187.88,245.67,42.161,84.321,5,1,0,0,0,0,0,0,0,0,0,0,0,0,0,0,0,0,0,0
65,7,110.44,246.2,46.566,93.132,1,1,0,0,0,0,0,0,0,0,0,0,0,0,0,0,0,0,0,0
65,8,72.991,241.59,50.58,101.16,1,1,0,0,0,0,0,0,0,0,0,0,0,0,0,0,0,0,0,0
66,1,288.52,236.99,49.728,99.456,5,1,0,0,0,0,0,0,0,0,0,0,0,0,0,0,0,0,0,0
66,2,500.6,231.19,53.001,106,1,1,0,0,0,0,0,0,0,0,0,0,0,0,0,0,0,0,0,0
66,4,234.14,244.38,42.149,84.299,5,1,0,0,0,0,0,0,0,0,0,0,0,0,0,0,0,0,0,0
66,5,333.5,235.64,48.632,97.265,5,1,0,0,0,0,0,0,0,0,0,0,0,0,0,0,0,0,0,0
66,6,185.86,246.46,42.174,84.347,5,1,0,0,0,0,0,0,0,0,0,0,0,0,0,0,0,0,0,0
66,7,112.44,247,46.552,93.104,1,1,0,0,0,0,0,0,0,0,0,0,0,0,0,0,0,0,0,0
66,8,75.056,242.38,50.558,101.12,1,1,0,0,0,0,0,0,0,0,0,0,0,0,0,0,0,0,0,0
67,1,289.39,237.74,49.719,99.437,5,1,0,0,0,0,0,0,0,0,0,0,0,0,0,0,0,0,0,0
67,2,503.37,231.95,52.959,105.92,1,1,0,0,0,0,0,0,0,0,0,0,0,0,0,0,0,0,0,0
67,4,232.06,245.13,42.159,84.318,5,1,0,0,0,0,0,0,0,0,0,0,0,0,0,0,0,0,0,0
67,5,331.52,236.4,48.62,97.24,5,1,0,0,0,0,0,0,0,0,0,0,0,0,0,0,0,0,0,0
67,6,183.8,247.2,42.19,84.379,5,1,0,0,0,0,0,0,0,0,0,0,0,0,0,0,0,0,0,0
67,7,114.38,247.75,46.541,93.082,1,1,0,0,0,0,0,0,0,0,0,0,0,0,0,0,0,0,0,0
67,8,77.064,243.14,50.54,101.08,1,1,0,0,0,0,0,0,0,0,0,0,0,0,0,0,0,0,0,0
68,1,290.94,239.53,49.703,99.405,5,1,0,0,0,0,0,0,0,0,0,0,0,0,0,0,0,0,0,0
68,2,506.78,233.74,52.937,105.87,1,1,0,0,0,0,0,0,0,0,0,0,0,0,0,0,0,0,0,0
68,4,230.61,246.91,42.156,84.313,5,1,0,0,0,0,0,0,0,0,0,0,0,0,0,0,0,0,0,0
68,5,330.12,238.18,48.605,97.211,5,1,0,0,0,0,0,0,0,0,0,0,0,0,0,0,0,0,0,0
68,6,182.4,248.98,42.188,84.377,5,1,0,0,0,0,0,0,0,0,0,0,0,0,0,0,0,0,0,0
68,7,117.04,249.53,46.504,93.008,1,1,0,0,0,0,0,0,0,0,0,0,0,0,0,0,0,0,0,0
68,8,79.834,244.93,50.491,100.98,1,1,0,0,0,0,0,0,0,0,0,0,0,0,0,0,0,0,0,0
69,1,292.59,241.43,49.685,99.369,5,1,0,0,0,0,0,0,0,0,0,0,0,0,0,0,0,0,0,0
69,2,510.2,235.65,52.914,105.83,1,1,0,0,0,0,0,0,0,0,0,0,0,0,0,0,0,0,0,0
69,4,229.18,248.8,42.152,84.303,5,1,0,0,0,0,0,0,0,0,0,0,0,0,0,0,0,0,0,0
69,5,328.74,240.09,48.589,97.178,5,1,0,0,0,0,0,0,0,0,0,0,0,0,0,0,0,0,0,0
69,6,181.02,250.88,42.185,84.37,5,1,0,0,0,0,0,0,0,0,0,0,0,0,0,0,0,0,0,0
69,7,119.71,251.43,46.464,92.928,1,1,0,0,0,0,0,0,0,0,0,0,0,0,0,0,0,0,0,0
69,8,82.619,246.84,50.439,100.88,1,1,0,0,0,0,0,0,0,0,0,0,0,0,0,0,0,0,0,0
70,1,294.67,241.22,49.665,99.33,5,1,0,0,0,0,0,0,0,0,0,0,0,0,0,0,0,0,0,0
70,2,514,235.44,52.904,105.81,1,1,0,0,0,0,0,0,0,0,0,0,0,0,0,0,0,0,0,0
70,4,228.11,248.59,42.141,84.282,5,1,0,0,0,0,0,0,0,0,0,0,0,0,0,0,0,0,0,0
70,5,327.69,239.88,48.572,97.145,5,1,0,0,0,0,0,0,0,0,0,0,0,0,0,0,0,0,0,0
70,6,180.01,250.67,42.173,84.345,5,1,0,0,0,0,0,0,0,0,0,0,0,0,0,0,0,0,0,0
70,7,122.76,251.23,46.412,92.823,1,1,0,0,0,0,0,0,0,0,0,0,0,0,0,0,0,0,0,0
70,8,85.819,246.64,50.372,100.74,1,1,0,0,0,0,0,0,0,0,0,0,0,0,0,0,0,0,0,0
71,1,296.16,242.46,49.652,99.305,5,1,1,2,1.1442,1.1623,-0.013064,-0.026129,5,1,320.99,341.76,49.652,99.305,320.99,221.69,221.69,341.76,292.11,391.41
71,2,517.07,236.68,52.872,105.74,1,1,2,2,3.0361,1.1321,-0.033329,-0.066658,1,1,543.51,342.42,52.872,105.74,543.51,649.25,649.25,342.42,395.3,289.55
71,4,226.33,249.82,42.143,84.286,5,1,3,2,-1.7941,1.1891,0.0030824,0.0061649,5,1,247.4,334.1,42.143,84.286,247.4,163.12,163.12,334.1,291.96,376.25
71,5,325.98,241.11,48.558,97.117,5,1,4,2,-1.7267,1.1599,-0.014891,-0.029781,5,1,350.25,338.23,48.558,97.117,350.25,253.14,253.14,338.23,289.67,386.78
71,7,125,252.46,46.386,92.772,1,1,5,0,2.2586,1.1416,-0.023086,-0.046171,1,1,148.2,345.23,46.386,92.772,148.2,240.97,240.97,345.23,391.62,298.85
71,8,88.158,247.87,50.34,100.68,1,1,5,0,2.3364,1.1267,-0.032614,-0.065227,1,1,113.33,348.55,50.34,100.68,113.33,214.01,214.01,348.55,398.89,298.21
72,1,296.81,243.35,49.65,99.299,5,1,0,0,0,0,0,0,0,0,0,0,0,0,0,0,0,0,0,0
72,2,519.1,237.6,52.807,105.61,1,1,0,0,0,0,0,0,0,0,0,0,0,0,0,0,0,0,0,0
72,4,223.55,250.71,42.166,84.331,5,1,0,0,0,0,0,0,0,0,0,0,0,0,0,0,0,0,0,0
72,5,323.31,242.01,48.549,97.099,5,1,0,0,0,0,0,0,0,0,0,0,0,0,0,0,0,0,0,0
72,7,126.1,253.35,46.399,92.797,1,1,0,0,0,0,0,0,0,0,0,0,0,0,0,0,0,0,0,0
72,8,89.295,248.76,50.356,100.71,1,1,0,0,0,0,0,0,0,0,0,0,0,0,0,0,0,0,0,0
73,1,297.28,241.31,49.648,99.297,5,1,0,0,0,0,0,0,0,0,0,0,0,0,0,0,0,0,0,0
73,2,520.81,235.6,52.73,105.46,1,1,0,0,0,0,0,0,0,0,0,0,0,0,0,0,0,0,0,0
73,4,220.47,248.66,42.194,84.388,5,1,0,0,0,0,0,0,0,0,0,0,0,0,0,0,0,0,0,0
73,5,320.36,239.97,48.542,97.084,5,1,0,0,0,0,0,0,0,0,0,0,0,0,0,0,0,0,0,0
73,7,126.86,251.31,46.42,92.841,1,1,0,0,0,0,0,0,0,0,0,0,0,0,0,0,0,0,0,0
73,8,90.082,246.72,50.385,100.77,1,1,0,0,0,0,0,0,0,0,0,0,0,0,0,0,0,0,0,0
74,1,297.71,238.33,49.646,99.293,5,1,0,0,0,0,0,0,0,0,0,0,0,0,0,0,0,0,0,0
74,2,522.33,232.65,52.644,105.29,1,1,0,0,0,0,0,0,0,0,0,0,0,0,0,0,0,0,0,0
74,4,217.22,245.67,42.225,84.45,5,1,0,0,0,0,0,0,0,0,0,0,0,0,0,0,0,0,0,0
74,5,317.26,236.99,48.535,97.07,5,1,0,0,0,0,0,0,0,0,0,0,0,0,0,0,0,0,0,0
74,7,127.44,248.32,46.445,92.891,1,1,0,0,0,0,0,0,0,0,0,0,0,0,0,0,0,0,0,0
74,8,90.687,243.72,50.419,100.84,1,1,0,0,0,0,0,0,0,0,0,0,0,0,0,0,0,0,0,0
75,1,300.42,238.9,49.626,99.253,5,1,0,0,0,0,0,0,0,0,0,0,0,0,0,0,0,0,0,0
75,2,526.27,233.23,52.641,105.28,1,1,0,0,0,0,0,0,0,0,0,0,0,0,0,0,0,0,0,0
75,4,216.29,246.24,42.211,84.422,5,1,0,0,0,0,0,0,0,0,0,0,0,0,0,0,0,0,0,0
75,5,316.32,237.57,48.519,97.037,5,1,0,0,0,0,0,0,0,0,0,0,0,0,0,0,0,0,0,0
75,7,130.59,248.9,46.385,92.77,1,1,0,0,0,0,0,0,0,0,0,0,0,0,0,0,0,0,0,0
75,8,94.015,244.31,50.347,100.69,1,1,0,0,0,0,0,0,0,0,0,0,0,0,0,0,0,0,0,0
76,1,302.94,238.36,49.612,99.223,5,1,0,0,0,0,0,0,0,0,0,0,0,0,0,0,0,0,0,0
76,2,529.86,232.68,52.628,105.26,1,1,0,0,0,0,0,0,0,0,0,0,0,0,0,0,0,0,0,0
76,4,215.01,245.7,42.205,84.409,5,1,0,0,0,0,0,0,0,0,0,0,0,0,0,0,0,0,0,0
76,5,315.06,237.02,48.506,97.011,5,1,0,0,0,0,0,0,0,0,0,0,0,0,0,0,0,0,0,0
76,7,133.35,248.36,46.339,92.678,1,1,0,0,0,0,0,0,0,0,0,0,0,0,0,0,0,0,0,0
76,8,96.932,243.78,50.293,100.59,1,1,0,0,0,0,0,0,0,0,0,0,0,0,0,0,0,0,0,0
77,1,304.63,236.81,49.598,99.196,5,1,0,0,0,0,0,0,0,0,0,0,0,0,0,0,0,0,0,0
77,2,532.38,231.15,52.573,105.15,1,1,0,0,0,0,0,0,0,0,0,0,0,0,0,0,0,0,0,0
77,4,212.75,244.13,42.214,84.427,5,1,0,0,0,0,0,0,0,0,0,0,0,0,0,0,0,0,0,0
77,5,312.85,235.47,48.492,96.984,5,1,0,0,0,0,0,0,0,0,0,0,0,0,0,0,0,0,0,0
77,7,135.01,246.81,46.323,92.646,1,1,0,0,0,0,0,0,0,0,0,0,0,0,0,0,0,0,0,0
77,8,98.698,242.22,50.278,100.56,1,1,0,0,0,0,0,0,0,0,0,0,0,0,0,0,0,0,0,0
78,1,304.24,235.28,49.599,99.198,5,1,0,0,0,0,0,0,0,0,0,0,0,0,0,0,0,0,0,0
78,2,532.41,229.68,52.43,104.86,1,1,0,0,0,0,0,0,0,0,0,0,0,0,0,0,0,0,0,0
78,4,208.12,242.59,42.272,84.544,5,1,0,0,0,0,0,0,0,0,0,0,0,0,0,0,0,0,0,0
78,5,308.45,233.94,48.492,96.983,5,1,0,0,0,0,0,0,0,0,0,0,0,0,0,0,0,0,0,0
78,7,134.09,245.26,46.388,92.775,1,1,0,0,0,0,0,0,0,0,0,0,0,0,0,0,0,0,0,0
78,8,97.743,240.67,50.367,100.73,1,1,0,0,0,0,0,0,0,0,0,0,0,0,0,0,0,0,0,0
79,1,304.92,234.9,49.595,99.191,5,1,0,0,0,0,0,0,0,0,0,0,0,0,0,0,0,0,0,0
79,2,533.51,229.35,52.326,104.65,1,1,0,0,0,0,0,0,0,0,0,0,0,0,0,0,0,0,0,0
79,4,204.49,242.19,42.313,84.627,5,1,0,0,0,0,0,0,0,0,0,0,0,0,0,0,0,0,0,0
79,5,304.98,233.56,48.491,96.982,5,1,0,0,0,0,0,0,0,0,0,0,0,0,0,0,0,0,0,0
79,7,134.26,244.88,46.418,92.837,1,1,0,0,0,0,0,0,0,0,0,0,0,0,0,0,0,0,0,0
79,8,97.953,240.27,50.413,100.83,1,1,0,0,0,0,0,0,0,0,0,0,0,0,0,0,0,0,0,0
80,1,307.56,234.11,49.578,99.157,5,1,0,0,0,0,0,0,0,0,0,0,0,0,0,0,0,0,0,0
80,2,536.65,228.56,52.295,104.59,1,1,0,0,0,0,0,0,0,0,0,0,0,0,0,0,0,0,0,0
80,4,202.83,241.4,42.314,84.627,5,1,0,0,0,0,0,0,0,0,0,0,0,0,0,0,0,0,0,0
80,5,303.33,232.76,48.478,96.957,5,1,0,0,0,0,0,0,0,0,0,0,0,0,0,0,0,0,0,0
80,7,136.58,244.09,46.379,92.758,1,1,0,0,0,0,0,0,0,0,0,0,0,0,0,0,0,0,0,0
80,8,100.43,239.49,50.372,100.74,1,1,0,0,0,0,0,0,0,0,0,0,0,0,0,0,0,0,0,0
81,1,309.79,233.85,49.564,99.128,5,1,1,2,1.437,-1.0228,-0.0097484,-0.019497,5,1,334.57,332.98,49.564,99.128,334.57,235.44,235.44,332.98,283.41,382.54
81,2,539.18,228.33,52.241,104.48,1,1,2,2,2.2012,-1.1046,-0.063104,-0.12621,1,1,565.3,332.81,52.241,104.48,565.3,669.78,669.78,332.81,385.05,280.57
81,5,301.14,232.51,48.47,96.94,5,1,4,2,-2.4652,-1.0212,-0.0089618,-0.017924,5,1,325.37,329.45,48.47,96.94,325.37,228.43,228.43,329.45,280.98,377.91
81,7,138.27,243.83,46.359,92.718,1,1,5,0,1.3543,-1.0156,-0.0047583,-0.0095166,1,1,161.44,336.54,46.359,92.718,161.44,254.16,254.16,336.54,382.9,290.19
81,8,102.24,239.23,50.356,100.71,1,1,5,0,1.4437,-1.0076,-0.00039443,-0.00078885,1,1,127.42,339.94,50.356,100.71,127.42,228.13,228.13,339.94,390.3,289.59
82,1,312.04,233.57,49.547,99.094,5,1,0,0,0,0,0,0,0,0,0,0,0,0,0,0,0,0,0,0
82,2,541.56,228.07,52.179,104.36,1,1,0,0,0,0,0,0,0,0,0,0,0,0,0,0,0,0,0,0
82,5,298.83,232.22,48.459,96.919,5,1,0,0,0,0,0,0,0,0,0,0,0,0,0,0,0,0,0,0
82,7,139.83,243.54,46.339,92.679,1,1,0,0,0,0,0,0,0,0,0,0,0,0,0,0,0,0,0,0
82,8,103.93,238.94,50.342,100.68,1,1,0,0,0,0,0,0,0,0,0,0,0,0,0,0,0,0,0,0
83,1,314.69,232.55,49.527,99.054,5,1,0,0,0,0,0,0,0,0,0,0,0,0,0,0,0,0,0,0
83,2,544.22,227.06,52.127,104.25,1,1,0,0,0,0,0,0,0,0,0,0,0,0,0,0,0,0,0,0
83,5,296.78,231.2,48.447,96.894,5,1,0,0,0,0,0,0,0,0,0,0,0,0,0,0,0,0,0,0
83,7,141.69,242.52,46.309,92.617,1,1,0,0,0,0,0,0,0,0,0,0,0,0,0,0,0,0,0,0
83,8,105.94,237.92,50.315,100.63,1,1,0,0,0,0,0,0,0,0,0,0,0,0,0,0,0,0,0,0
84,1,317.09,231.78,49.513,99.026,5,1,0,0,0,0,0,0,0,0,0,0,0,0,0,0,0,0,0,0
84,2,546.47,226.32,52.064,104.13,1,1,0,0,0,0,0,0,0,0,0,0,0,0,0,0,0,0,0,0
84,5,294.34,230.43,48.442,96.884,5,1,0,0,0,0,0,0,0,0,0,0,0,0,0,0,0,0,0,0
84,7,143.09,241.75,46.295,92.59,1,1,0,0,0,0,0,0,0,0,0,0,0,0,0,0,0,0,0,0
84,8,107.48,237.16,50.309,100.62,1,1,0,0,0,0,0,0,0,0,0,0,0,0,0,0,0,0,0,0
85,1,319.96,233.17,49.496,98.991,5,1,0,0,0,0,0,0,0,0,0,0,0,0,0,0,0,0,0,0
85,2,549.09,227.73,52.014,104.03,1,1,0,0,0,0,0,0,0,0,0,0,0,0,0,0,0,0,0,0
85,5,292.23,231.82,48.434,96.868,5,1,0,0,0,0,0,0,0,0,0,0,0,0,0,0,0,0,0,0
85,7,144.88,243.14,46.267,92.535,1,1,0,0,0,0,0,0,0,0,0,0,0,0,0,0,0,0,0,0
85,8,109.43,238.54,50.287,100.57,1,1,0,0,0,0,0,0,0,0,0,0,0,0,0,0,0,0,0,0
86,1,322.18,233.36,49.478,98.956,5,1,0,0,0,0,0,0,0,0,0,0,0,0,0,0,0,0,0,0
86,2,550.8,227.95,51.927,103.85,1,1,0,0,0,0,0,0,0,0,0,0,0,0,0,0,0,0,0,0
86,5,289.33,232,48.432,96.863,5,1,0,0,0,0,0,0,0,0,0,0,0,0,0,0,0,0,0,0
86,7,145.77,243.32,46.264,92.529,1,1,0,0,0,0,0,0,0,0,0,0,0,0,0,0,0,0,0,0
86,8,110.44,238.72,50.297,100.59,1,1,0,0,0,0,0,0,0,0,0,0,0,0,0,0,0,0,0,0
87,1,325.68,232.36,49.46,98.92,5,1,0,0,0,0,0,0,0,0,0,0,0,0,0,0,0,0,0,0
87,2,553.85,226.95,51.895,103.79,1,1,0,0,0,0,0,0,0,0,0,0,0,0,0,0,0,0,0,0
87,5,287.59,230.99,48.423,96.846,5,1,0,0,0,0,0,0,0,0,0,0,0,0,0,0,0,0,0,0
87,7,147.98,242.32,46.224,92.448,1,1,0,0,0,0,0,0,0,0,0,0,0,0,0,0,0,0,0,0
87,8,112.84,237.72,50.259,100.52,1,1,0,0,0,0,0,0,0,0,0,0,0,0,0,0,0,0,0,0
88,1,331.54,232,49.436,98.873,5,1,0,0,0,0,0,0,0,0,0,0,0,0,0,0,0,0,0,0
88,2,559.5,226.56,51.96,103.92,1,1,0,0,0,0,0,0,0,0,0,0,0,0,0,0,0,0,0,0
88,5,288.1,230.65,48.39,96.781,5,1,0,0,0,0,0,0,0,0,0,0,0,0,0,0,0,0,0,0
88,7,152.76,241.98,46.105,92.21,1,1,0,0,0,0,0,0,0,0,0,0,0,0,0,0,0,0,0,0
88,8,117.95,237.4,50.123,100.25,1,1,0,0,0,0,0,0,0,0,0,0,0,0,0,0,0,0,0,0
89,1,335.62,232.91,49.413,98.826,5,1,0,0,0,0,0,0,0,0,0,0,0,0,0,0,0,0,0,0
89,2,562.93,227.48,51.938,103.88,1,1,0,0,0,0,0,0,0,0,0,0,0,0,0,0,0,0,0,0
89,5,286.69,231.56,48.372,96.744,5,1,0,0,0,0,0,0,0,0,0,0,0,0,0,0,0,0,0,0
89,7,155.36,242.89,46.048,92.095,1,1,0,0,0,0,0,0,0,0,0,0,0,0,0,0,0,0,0,0
89,8,120.77,238.31,50.066,100.13,1,1,0,0,0,0,0,0,0,0,0,0,0,0,0,0,0,0,0,0
90,1,340.28,233.09,49.394,98.788,5,1,0,0,0,0,0,0,0,0,0,0,0,0,0,0,0,0,0,0
90,2,566.89,227.65,51.94,103.88,1,1,0,0,0,0,0,0,0,0,0,0,0,0,0,0,0,0,0,0
90,5,285.72,231.74,48.352,96.704,5,1,0,0,0,0,0,0,0,0,0,0,0,0,0,0,0,0,0,0
90,7,158.43,243.08,45.979,91.958,1,1,0,0,0,0,0,0,0,0,0,0,0,0,0,0,0,0,0,0
90,8,124.1,238.5,49.994,99.988,1,1,0,0,0,0,0,0,0,0,0,0,0,0,0,0,0,0,0,0
91,1,344.07,231.46,49.373,98.746,5,1,1,2,3.6163,-0.12297,-0.019316,-0.038631,5,1,368.76,330.21,49.373,98.746,368.76,270.01,270.01,330.21,280.84,379.58
91,2,569.69,226.03,51.895,103.79,1,1,2,2,3.1886,-0.13546,-0.02847,-0.056941,1,1,595.64,329.82,51.895,103.79,595.64,699.43,699.43,329.82,381.71,277.92
91,5,283.75,230.1,48.34,96.68,5,1,3,0,-1.6158,-0.11302,-0.013525,-0.027051,5,1,307.92,326.78,48.34,96.68,307.92,211.24,211.24,326.78,278.44,375.12
91,7,160.39,241.45,45.941,91.882,1,1,4,0,2.3377,-0.17605,-0.046403,-0.092807,1,1,183.36,333.33,45.941,91.882,183.36,275.25,275.25,333.33,379.27,287.39
91,8,126.26,236.88,49.962,99.925,1,1,4,0,2.538,-0.16983,-0.044894,-0.089787,1,1,151.24,336.8,49.962,99.925,151.24,251.17,251.17,336.8,386.76,286.84
92,1,347.78,230.54,49.351,98.703,5,1,0,0,0,0,0,0,0,0,0,0,0,0,0,0,0,0,0,0
92,2,572.23,225.12,51.839,103.68,1,1,0,0,0,0,0,0,0,0,0,0,0,0,0,0,0,0,0,0
92,5,281.56,229.18,48.33,96.661,5,1,0,0,0,0,0,0,0,0,0,0,0,0,0,0,0,0,0,0
92,7,162.1,240.52,45.909,91.818,1,1,0,0,0,0,0,0,0,0,0,0,0,0,0,0,0,0,0,0
92,8,128.17,235.95,49.939,99.879,1,1,0,0,0,0,0,0,0,0,0,0,0,0,0,0,0,0,0,0
93,1,350.09,230.69,49.322,98.645,5,1,0,0,0,0,0,0,0,0,0,0,0,0,0,0,0,0,0,0
93,2,572.96,225.32,51.708,103.42,1,1,0,0,0,0,0,0,0,0,0,0,0,0,0,0,0,0,0,0
93,5,277.83,229.31,48.336,96.672,5,1,0,0,0,0,0,0,0,0,0,0,0,0,0,0,0,0,0,0
93,7,162.11,240.66,45.922,91.844,1,1,0,0,0,0,0,0,0,0,0,0,0,0,0,0,0,0,0,0
93,8,128.31,236.08,49.975,99.949,1,1,0,0,0,0,0,0,0,0,0,0,0,0,0,0,0,0,0,0
94,1,351.58,229.31,49.291,98.583,5,1,0,0,0,0,0,0,0,0,0,0,0,0,0,0,0,0,0,0
94,2,572.57,224.01,51.534,103.07,1,1,0,0,0,0,0,0,0,0,0,0,0,0,0,0,0,0,0,0
94,5,273.14,227.91,48.358,96.717,5,1,0,0,0,0,0,0,0,0,0,0,0,0,0,0,0,0,0,0
94,7,161.05,239.26,45.967,91.934,1,1,0,0,0,0,0,0,0,0,0,0,0,0,0,0,0,0,0,0
94,8,127.33,234.67,50.051,100.1,1,1,0,0,0,0,0,0,0,0,0,0,0,0,0,0,0,0,0,0
95,1,354.93,229.11,49.26,98.519,5,1,0,0,0,0,0,0,0,0,0,0,0,0,0,0,0,0,0,0
95,2,574.27,223.84,51.44,102.88,1,1,0,0,0,0,0,0,0,0,0,0,0,0,0,0,0,0,0,0
95,5,270.24,227.7,48.358,96.717,5,1,0,0,0,0,0,0,0,0,0,0,0,0,0,0,0,0,0,0
95,7,162.01,239.05,45.952,91.903,1,1,0,0,0,0,0,0,0,0,0,0,0,0,0,0,0,0,0,0
95,8,128.48,234.46,50.05,100.1,1,1,0,0,0,0,0,0,0,0,0,0,0,0,0,0,0,0,0,0
96,1,359.62,228.06,49.233,98.466,5,1,0,0,0,0,0,0,0,0,0,0,0,0,0,0,0,0,0,0
96,2,577.47,222.79,51.409,102.82,1,1,0,0,0,0,0,0,0,0,0,0,0,0,0,0,0,0,0,0
96,5,268.61,226.64,48.345,96.69,5,1,0,0,0,0,0,0,0,0,0,0,0,0,0,0,0,0,0,0
96,7,164.38,237.99,45.898,91.796,1,1,0,0,0,0,0,0,0,0,0,0,0,0,0,0,0,0,0,0
96,8,131.11,233.41,50,100,1,1,0,0,0,0,0,0,0,0,0,0,0,0,0,0,0,0,0,0
97,1,364.93,230.13,49.213,98.425,5,1,0,0,0,0,0,0,0,0,0,0,0,0,0,0,0,0,0,0
97,2,581.36,224.85,51.407,102.81,1,1,0,0,0,0,0,0,0,0,0,0,0,0,0,0,0,0,0,0
97,5,267.53,228.71,48.327,96.655,5,1,0,0,0,0,0,0,0,0,0,0,0,0,0,0,0,0,0,0
97,7,167.36,240.07,45.83,91.66,1,1,0,0,0,0,0,0,0,0,0,0,0,0,0,0,0,0,0,0
97,8,134.38,235.49,49.931,99.863,1,1,0,0,0,0,0,0,0,0,0,0,0,0,0,0,0,0,0,0
98,1,369.07,230.63,49.183,98.366,5,1,0,0,0,0,0,0,0,0,0,0,0,0,0,0,0,0,0,0
98,2,583.75,225.37,51.342,102.68,1,1,0,0,0,0,0,0,0,0,0,0,0,0,0,0,0,0,0,0
98,5,265.19,229.2,48.324,96.647,5,1,0,0,0,0,0,0,0,0,0,0,0,0,0,0,0,0,0,0
98,7,168.95,240.56,45.798,91.595,1,1,0,0,0,0,0,0,0,0,0,0,0,0,0,0,0,0,0,0
98,8,136.21,235.98,49.909,99.818,1,1,0,0,0,0,0,0,0,0,0,0,0,0,0,0,0,0,0,0
99,1,372.08,229.64,49.141,98.282,5,1,0,0,0,0,0,0,0,0,0,0,0,0,0,0,0,0,0,0
99,2,584.66,224.43,51.214,102.43,1,1,0,0,0,0,0,0,0,0,0,0,0,0,0,0,0,0,0,0
99,5,261.62,228.2,48.335,96.67,5,1,0,0,0,0,0,0,0,0,0,0,0,0,0,0,0,0,0,0
99,7,169.2,239.56,45.799,91.597,1,1,0,0,0,0,0,0,0,0,0,0,0,0,0,0,0,0,0,0
99,8,136.65,234.98,49.93,99.86,1,1,0,0,0,0,0,0,0,0,0,0,0,0,0,0,0,0,0,0
100,1,374.92,228.91,49.096,98.191,5,1,0,0,0,0,0,0,0,0,0,0,0,0,0,0,0,0,0,0
100,2,585.31,223.75,51.075,102.15,1,1,0,0,0,0,0,0,0,0,0,0,0,0,0,0,0,0,0,0
100,5,257.82,227.44,48.353,96.705,5,1,0,0,0,0,0,0,0,0,0,0,0,0,0,0,0,0,0,0
100,7,169.22,238.81,45.806,91.612,1,1,0,0,0,0,0,0,0,0,0,0,0,0,0,0,0,0,0,0
100,8,136.86,234.22,49.959,99.918,1,1,0,0,0,0,0,0,0,0,0,0,0,0,0,0,0,0,0,0
101,1,379.61,229.54,49.064,98.128,1,1,1,2,3.6847,-0.14272,-0.031357,-0.062715,5,1,404.15,327.67,49.064,98.128,404.15,306.02,306.02,327.67,278.6,376.73
101,2,588.17,224.38,51.029,102.06,1,1,2,2,1.9145,-0.21911,-0.082496,-0.16499,1,1,613.68,326.44,51.029,102.06,613.68,715.74,715.74,326.44,377.47,275.41
101,3,198.17,241.19,43.725,87.451,5,1,3,2,0,0,0,0,0,0,0,0,0,0,0,0,0,0,0,0
101,5,255.86,228.06,48.347,96.694,5,1,3,0,-2.6987,-0.091194,0.00017478,0.00034956,5,1,280.03,324.76,48.347,96.694,280.03,183.34,183.34,324.76,276.41,373.1
101,7,171.26,239.44,45.761,91.521,1,1,4,0,1.1821,-0.1304,-0.021341,-0.042681,1,1,194.14,330.96,45.761,91.521,194.14,285.67,285.67,330.96,376.72,285.2
101,8,139.19,234.85,49.92,99.84,1,1,4,0,1.4026,-0.10604,-0.00834,-0.01668,1,1,164.15,334.69,49.92,99.84,164.15,263.99,263.99,334.69,384.61,284.77
102,1,384.7,232.56,49.032,98.063,1,1,0,0,0,0,0,0,0,0,0,0,0,0,0,0,0,0,0,0
102,2,591.46,227.4,50.996,101.99,1,1,0,0,0,0,0,0,0,0,0,0,0,0,0,0,0,0,0,0
102,3,196.71,244.2,43.715,87.431,5,1,0,0,0,0,0,0,0,0,0,0,0,0,0,0,0,0,0,0
102,5,254.28,231.08,48.332,96.664,5,1,0,0,0,0,0,0,0,0,0,0,0,0,0,0,0,0,0,0
102,7,173.73,242.46,45.701,91.401,1,1,0,0,0,0,0,0,0,0,0,0,0,0,0,0,0,0,0,0
102,8,141.96,237.87,49.862,99.724,1,1,0,0,0,0,0,0,0,0,0,0,0,0,0,0,0,0,0,0
103,1,390.85,233.74,49.012,98.024,1,1,0,0,0,0,0,0,0,0,0,0,0,0,0,0,0,0,0,0
103,2,596.04,228.57,51.02,102.04,1,1,0,0,0,0,0,0,0,0,0,0,0,0,0,0,0,0,0,0
103,3,196.35,245.38,43.683,87.365,5,1,0,0,0,0,0,0,0,0,0,0,0,0,0,0,0,0,0,0
103,5,253.75,232.26,48.304,96.607,5,1,0,0,0,0,0,0,0,0,0,0,0,0,0,0,0,0,0,0
103,7,177.33,243.65,45.614,91.227,1,1,0,0,0,0,0,0,0,0,0,0,0,0,0,0,0,0,0,0
103,8,145.92,239.07,49.769,99.538,1,1,0,0,0,0,0,0,0,0,0,0,0,0,0,0,0,0,0,0
104,1,395.11,233.9,48.972,97.944,1,1,0,0,0,0,0,0,0,0,0,0,0,0,0,0,0,0,0,0
104,2,598.26,228.75,50.944,101.89,1,1,0,0,0,0,0,0,0,0,0,0,0,0,0,0,0,0,0,0
104,3,193.92,245.52,43.696,87.391,5,1,0,0,0,0,0,0,0,0,0,0,0,0,0,0,0,0,0,0
104,5,251.25,232.4,48.304,96.609,5,1,0,0,0,0,0,0,0,0,0,0,0,0,0,0,0,0,0,0
104,7,178.8,243.79,45.581,91.162,1,1,0,0,0,0,0,0,0,0,0,0,0,0,0,0,0,0,0,0
104,8,147.68,239.22,49.746,99.491,1,1,0,0,0,0,0,0,0,0,0,0,0,0,0,0,0,0,0,0
105,1,398.47,233.84,48.916,97.831,1,1,0,0,0,0,0,0,0,0,0,0,0,0,0,0,0,0,0,0
105,2,599.33,228.72,50.815,101.63,1,1,0,0,0,0,0,0,0,0,0,0,0,0,0,0,0,0,0,0
105,3,190.5,245.43,43.729,87.458,5,1,0,0,0,0,0,0,0,0,0,0,0,0,0,0,0,0,0,0
105,5,247.81,232.32,48.317,96.635,5,1,0,0,0,0,0,0,0,0,0,0,0,0,0,0,0,0,0,0
105,7,179.29,243.72,45.57,91.139,1,1,0,0,0,0,0,0,0,0,0,0,0,0,0,0,0,0,0,0
105,8,148.42,239.13,49.75,99.5,1,1,0,0,0,0,0,0,0,0,0,0,0,0,0,0,0,0,0,0
106,1,402.5,233.91,48.869,97.739,1,1,0,0,0,0,0,0,0,0,0,0,0,0,0,0,0,0,0,0
106,2,601.22,228.82,50.724,101.45,1,1,0,0,0,0,0,0,0,0,0,0,0,0,0,0,0,0,0,0
106,3,187.78,245.49,43.751,87.502,5,1,0,0,0,0,0,0,0,0,0,0,0,0,0,0,0,0,0,0
106,5,245.03,232.37,48.325,96.651,5,1,0,0,0,0,0,0,0,0,0,0,0,0,0,0,0,0,0,0
106,7,180.49,243.78,45.544,91.087,1,1,0,0,0,0,0,0,0,0,0,0,0,0,0,0,0,0,0,0
106,8,149.91,239.2,49.734,99.468,1,1,0,0,0,0,0,0,0,0,0,0,0,0,0,0,0,0,0,0
107,1,407.99,233.95,48.841,97.681,1,1,0,0,0,0,0,0,0,0,0,0,0,0,0,0,0,0,0,0
107,2,604.92,228.86,50.709,101.42,1,1,0,0,0,0,0,0,0,0,0,0,0,0,0,0,0,0,0,0
107,3,186.64,245.52,43.736,87.472,5,1,0,0,0,0,0,0,0,0,0,0,0,0,0,0,0,0,0,0
107,5,243.75,232.41,48.309,96.618,5,1,0,0,0,0,0,0,0,0,0,0,0,0,0,0,0,0,0,0
107,7,183.29,243.82,45.477,90.954,1,1,0,0,0,0,0,0,0,0,0,0,0,0,0,0,0,0,0,0
107,8,153.07,239.24,49.665,99.331,1,1,0,0,0,0,0,0,0,0,0,0,0,0,0,0,0,0,0,0
108,1,415.07,234.64,48.834,97.668,1,1,0,0,0,0,0,0,0,0,0,0,0,0,0,0,0,0,0,0
108,2,610.58,229.52,50.778,101.56,1,1,0,0,0,0,0,0,0,0,0,0,0,0,0,0,0,0,0,0
108,3,187.21,246.21,43.679,87.359,5,1,0,0,0,0,0,0,0,0,0,0,0,0,0,0,0,0,0,0
108,5,244.08,233.11,48.264,96.528,5,1,0,0,0,0,0,0,0,0,0,0,0,0,0,0,0,0,0,0
108,7,187.8,244.53,45.368,90.735,1,1,0,0,0,0,0,0,0,0,0,0,0,0,0,0,0,0,0,0
108,8,158.01,239.96,49.541,99.082,1,1,0,0,0,0,0,0,0,0,0,0,0,0,0,0,0,0,0,0
109,1,420.08,234.12,48.801,97.602,1,1,0,0,0,0,0,0,0,0,0,0,0,0,0,0,0,0,0,0
109,2,613.68,229,50.738,101.48,1,1,0,0,0,0,0,0,0,0,0,0,0,0,0,0,0,0,0,0
109,3,185.52,245.68,43.678,87.356,5,1,0,0,0,0,0,0,0,0,0,0,0,0,0,0,0,0,0,0
109,5,242.27,232.58,48.257,96.514,5,1,0,0,0,0,0,0,0,0,0,0,0,0,0,0,0,0,0,0
109,7,190.04,244,45.316,90.633,1,1,0,0,0,0,0,0,0,0,0,0,0,0,0,0,0,0,0,0
109,8,160.6,239.44,49.491,98.981,1,1,0,0,0,0,0,0,0,0,0,0,0,0,0,0,0,0,0,0
110,1,424.33,233.22,48.753,97.506,1,1,0,0,0,0,0,0,0,0,0,0,0,0,0,0,0,0,0,0
110,2,615.82,228.12,50.655,101.31,1,1,0,0,0,0,0,0,0,0,0,0,0,0,0,0,0,0,0,0
110,3,183.03,244.76,43.694,87.388,5,1,0,0,0,0,0,0,0,0,0,0,0,0,0,0,0,0,0,0
110,5,239.7,231.66,48.262,96.524,5,1,0,0,0,0,0,0,0,0,0,0,0,0,0,0,0,0,0,0
110,7,191.48,243.09,45.283,90.565,1,1,0,0,0,0,0,0,0,0,0,0,0,0,0,0,0,0,0,0
110,8,162.38,238.53,49.462,98.924,1,1,0,0,0,0,0,0,0,0,0,0,0,0,0,0,0,0,0,0
111,1,428.53,232.16,48.703,97.405,1,1,1,2,4.8849,-0.093503,-0.035777,-0.071555,1,1,452.88,329.57,48.703,97.405,452.88,550.29,550.29,329.57,378.27,280.87
111,2,617.9,227.08,50.569,101.14,1,1,2,2,2.9527,-0.1059,-0.045799,-0.091597,1,1,643.19,328.22,50.569,101.14,643.19,744.32,744.32,328.22,378.79,277.65
111,5,237.08,230.59,48.269,96.538,5,1,3,0,-1.8853,-0.047397,-0.0077329,-0.015466,5,1,261.22,327.12,48.269,96.538,261.22,164.68,164.68,327.12,278.86,375.39
111,7,192.88,242.02,45.249,90.499,1,1,4,0,2.1321,-0.12759,-0.050741,-0.10148,1,1,215.51,332.52,45.249,90.499,215.51,306.01,306.01,332.52,377.77,287.27
111,8,164.12,237.46,49.434,98.867,1,1,4,0,2.468,-0.11946,-0.04833,-0.09666,1,1,188.84,336.33,49.434,98.867,188.84,287.71,287.71,336.33,385.76,286.9
112,1,433.02,231.69,48.658,97.315,1,1,0,0,0,0,0,0,0,0,0,0,0,0,0,0,0,0,0,0
112,2,620.36,226.63,50.5,101,1,1,0,0,0,0,0,0,0,0,0,0,0,0,0,0,0,0,0,0
112,5,234.76,230.1,48.273,96.546,5,1,0,0,0,0,0,0,0,0,0,0,0,0,0,0,0,0,0,0
112,7,194.6,241.54,45.21,90.42,1,1,0,0,0,0,0,0,0,0,0,0,0,0,0,0,0,0,0,0
112,8,166.2,236.99,49.396,98.791,1,1,0,0,0,0,0,0,0,0,0,0,0,0,0,0,0,0,0,0
113,1,439.43,230.96,48.646,97.292,1,1,0,0,0,0,0,0,0,0,0,0,0,0,0,0,0,0,0,0
113,2,625.24,225.87,50.535,101.07,1,1,0,0,0,0,0,0,0,0,0,0,0,0,0,0,0,0,0,0
113,5,234.42,229.37,48.239,96.478,5,1,0,0,0,0,0,0,0,0,0,0,0,0,0,0,0,0,0,0
113,7,198.38,240.82,45.121,90.242,1,1,0,0,0,0,0,0,0,0,0,0,0,0,0,0,0,0,0,0
113,8,170.41,236.27,49.293,98.586,1,1,0,0,0,0,0,0,0,0,0,0,0,0,0,0,0,0,0,0
114,1,445.12,230.14,48.622,97.244,1,1,0,0,0,0,0,0,0,0,0,0,0,0,0,0,0,0,0,0
114,2,629.25,225.04,50.532,101.06,1,1,0,0,0,0,0,0,0,0,0,0,0,0,0,0,0,0,0,0
114,5,233.36,228.55,48.218,96.435,5,1,0,0,0,0,0,0,0,0,0,0,0,0,0,0,0,0,0,0
114,7,201.42,240,45.05,90.1,1,1,0,0,0,0,0,0,0,0,0,0,0,0,0,0,0,0,0,0
114,8,173.86,235.46,49.212,98.424,1,1,0,0,0,0,0,0,0,0,0,0,0,0,0,0,0,0,0,0
115,1,450.03,228.19,48.582,97.163,1,1,0,0,0,0,0,0,0,0,0,0,0,0,0,0,0,0,0,0
115,2,632.27,223.11,50.485,100.97,1,1,0,0,0,0,0,0,0,0,0,0,0,0,0,0,0,0,0,0
115,5,231.51,226.6,48.211,96.421,5,1,0,0,0,0,0,0,0,0,0,0,0,0,0,0,0,0,0,0
115,7,203.63,238.05,44.996,89.993,1,1,0,0,0,0,0,0,0,0,0,0,0,0,0,0,0,0,0,0
115,8,176.48,233.52,49.153,98.307,1,1,0,0,0,0,0,0,0,0,0,0,0,0,0,0,0,0,0,0
116,1,455.27,227.84,48.552,97.104,1,1,0,0,0,0,0,0,0,0,0,0,0,0,0,0,0,0,0,0
116,2,635.73,222.75,50.46,100.92,1,1,0,0,0,0,0,0,0,0,0,0,0,0,0,0,0,0,0,0
116,5,230.01,226.23,48.201,96.402,5,1,0,0,0,0,0,0,0,0,0,0,0,0,0,0,0,0,0,0
116,7,206.19,237.7,44.938,89.877,1,1,0,0,0,0,0,0,0,0,0,0,0,0,0,0,0,0,0,0
116,8,179.45,233.17,49.086,98.173,1,1,0,0,0,0,0,0,0,0,0,0,0,0,0,0,0,0,0,0
117,1,460.57,226.97,48.524,97.047,1,1,0,0,0,0,0,0,0,0,0,0,0,0,0,0,0,0,0,0
117,2,639.29,221.89,50.439,100.88,1,1,0,0,0,0,0,0,0,0,0,0,0,0,0,0,0,0,0,0
117,5,228.58,225.36,48.19,96.38,5,1,0,0,0,0,0,0,0,0,0,0,0,0,0,0,0,0,0,0
117,7,208.83,236.83,44.879,89.757,1,1,0,0,0,0,0,0,0,0,0,0,0,0,0,0,0,0,0,0
117,8,182.52,232.31,49.016,98.033,1,1,0,0,0,0,0,0,0,0,0,0,0,0,0,0,0,0,0,0
118,1,466.27,226.86,48.505,97.01,1,1,0,0,0,0,0,0,0,0,0,0,0,0,0,0,0,0,0,0
118,2,643.39,221.77,50.443,100.89,1,1,0,0,0,0,0,0,0,0,0,0,0,0,0,0,0,0,0,0
118,5,227.57,225.25,48.171,96.341,5,1,0,0,0,0,0,0,0,0,0,0,0,0,0,0,0,0,0,0
118,7,211.9,236.72,44.81,89.62,1,1,0,0,0,0,0,0,0,0,0,0,0,0,0,0,0,0,0,0
118,8,186.03,232.21,48.933,97.866,1,1,0,0,0,0,0,0,0,0,0,0,0,0,0,0,0,0,0,0
119,1,470.93,226.82,48.461,96.922,1,1,0,0,0,0,0,0,0,0,0,0,0,0,0,0,0,0,0,0
119,2,646.16,221.73,50.386,100.77,1,1,0,0,0,0,0,0,0,0,0,0,0,0,0,0,0,0,0,0
119,5,225.55,225.19,48.171,96.341,5,1,0,0,0,0,0,0,0,0,0,0,0,0,0,0,0,0,0,0
119,7,213.92,236.67,44.762,89.523,1,1,0,0,0,0,0,0,0,0,0,0,0,0,0,0,0,0,0,0
119,8,188.48,232.17,48.875,97.751,1,1,0,0,0,0,0,0,0,0,0,0,0,0,0,0,0,0,0,0
120,1,475.51,226.81,48.416,96.831,1,1,0,0,0,0,0,0,0,0,0,0,0,0,0,0,0,0,0,0
120,2,648.86,221.73,50.326,100.65,1,1,0,0,0,0,0,0,0,0,0,0,0,0,0,0,0,0,0,0
120,5,223.46,225.16,48.174,96.347,5,1,0,0,0,0,0,0,0,0,0,0,0,0,0,0,0,0,0,0
120,7,215.88,236.65,44.715,89.431,1,1,0,0,0,0,0,0,0,0,0,0,0,0,0,0,0,0,0,0
120,8,190.87,232.16,48.818,97.637,1,1,0,0,0,0,0,0,0,0,0,0,0,0,0,0,0,0,0,0
121,1,479.22,226.99,48.348,96.697,1,1,1,2,5.1438,-0.62887,-0.033094,-0.066189,1,1,503.39,323.69,48.348,96.697,503.39,600.09,600.09,323.69,372.04,275.34
121,3,165.4,238.39,43.654,87.308,5,1,3,2,0,0,0,0,0,0,0,0,0,0,0,0,0,0,0,0
121,5,220.52,225.31,48.196,96.392,5,1,3,0,-1.563,-0.5895,-0.0091994,-0.018399,5,1,244.62,321.7,48.196,96.392,244.62,148.23,148.23,321.7,273.51,369.9
121,8,192.4,232.33,48.782,97.564,1,1,4,0,2.8977,-0.69402,-0.068255,-0.13651,1,1,216.79,329.89,48.782,97.564,216.79,314.35,314.35,329.89,378.67,281.11
122,1,484.98,226.74,48.334,96.667,1,1,0,0,0,0,0,0,0,0,0,0,0,0,0,0,0,0,0,0
122,3,164.75,238.14,43.627,87.254,5,1,0,0,0,0,0,0,0,0,0,0,0,0,0,0,0,0,0,0
122,5,219.67,225.07,48.176,96.352,5,1,0,0,0,0,0,0,0,0,0,0,0,0,0,0,0,0,0,0
122,8,196.07,232.09,48.69,97.38,1,1,0,0,0,0,0,0,0,0,0,0,0,0,0,0,0,0,0,0
123,1,487.1,226.58,48.224,96.448,1,1,0,0,0,0,0,0,0,0,0,0,0,0,0,0,0,0,0,0
123,3,160.26,237.93,43.704,87.407,5,1,0,0,0,0,0,0,0,0,0,0,0,0,0,0,0,0,0,0
123,5,215.2,224.85,48.234,96.469,5,1,0,0,0,0,0,0,0,0,0,0,0,0,0,0,0,0,0,0
123,8,196.06,231.9,48.688,97.377,1,1,0,0,0,0,0,0,0,0,0,0,0,0,0,0,0,0,0,0
124,1,490.68,226.38,48.153,96.305,1,1,0,0,0,0,0,0,0,0,0,0,0,0,0,0,0,0,0,0
124,3,157.34,237.69,43.74,87.481,5,1,0,0,0,0,0,0,0,0,0,0,0,0,0,0,0,0,0,0
124,5,212.21,224.6,48.265,96.53,5,1,0,0,0,0,0,0,0,0,0,0,0,0,0,0,0,0,0,0
124,8,197.58,231.68,48.648,97.295,1,1,0,0,0,0,0,0,0,0,0,0,0,0,0,0,0,0,0,0
125,1,494.57,227.22,48.085,96.17,1,1,0,0,0,0,0,0,0,0,0,0,0,0,0,0,0,0,0,0
125,3,154.81,238.5,43.765,87.529,5,1,0,0,0,0,0,0,0,0,0,0,0,0,0,0,0,0,0,0
125,5,209.59,225.41,48.286,96.571,5,1,0,0,0,0,0,0,0,0,0,0,0,0,0,0,0,0,0,0
125,8,199.48,232.5,48.592,97.183,1,1,0,0,0,0,0,0,0,0,0,0,0,0,0,0,0,0,0,0
126,1,498.94,228.27,48.035,96.069,1,1,0,0,0,0,0,0,0,0,0,0,0,0,0,0,0,0,0,0
126,3,152.78,239.54,43.779,87.558,5,1,0,0,0,0,0,0,0,0,0,0,0,0,0,0,0,0,0,0
126,5,207.43,226.44,48.301,96.603,5,1,0,0,0,0,0,0,0,0,0,0,0,0,0,0,0,0,0,0
126,8,201.86,233.56,48.526,97.052,1,1,0,0,0,0,0,0,0,0,0,0,0,0,0,0,0,0,0,0
127,1,502.96,228.26,47.973,95.946,1,1,0,0,0,0,0,0,0,0,0,0,0,0,0,0,0,0,0,0
127,3,150.42,239.49,43.803,87.606,5,1,0,0,0,0,0,0,0,0,0,0,0,0,0,0,0,0,0,0
127,5,204.97,226.39,48.325,96.65,5,1,0,0,0,0,0,0,0,0,0,0,0,0,0,0,0,0,0,0
127,8,203.94,233.53,48.464,96.929,1,1,0,0,0,0,0,0,0,0,0,0,0,0,0,0,0,0,0,0
128,1,503.44,228.16,47.808,95.616,1,1,0,0,0,0,0,0,0,0,0,0,0,0,0,0,0,0,0,0
128,3,144.34,239.32,43.933,87.865,5,1,0,0,0,0,0,0,0,0,0,0,0,0,0,0,0,0,0,0
128,5,199.04,226.19,48.432,96.863,5,1,0,0,0,0,0,0,0,0,0,0,0,0,0,0,0,0,0,0
128,8,202.57,233.38,48.48,96.96,1,1,0,0,0,0,0,0,0,0,0,0,0,0,0,0,0,0,0,0
129,1,505.49,227.87,47.69,95.379,1,1,0,0,0,0,0,0,0,0,0,0,0,0,0,0,0,0,0,0
129,3,139.91,238.98,44.022,88.044,5,1,0,0,0,0,0,0,0,0,0,0,0,0,0,0,0,0,0,0
129,5,194.66,225.83,48.51,97.02,5,1,0,0,0,0,0,0,0,0,0,0,0,0,0,0,0,0,0,0
129,8,202.78,233.05,48.459,96.919,1,1,0,0,0,0,0,0,0,0,0,0,0,0,0,0,0,0,0,0
130,1,507.58,227.45,47.569,95.138,1,1,0,0,0,0,0,0,0,0,0,0,0,0,0,0,0,0,0,0
130,3,135.56,238.5,44.109,88.218,5,1,0,0,0,0,0,0,0,0,0,0,0,0,0,0,0,0,0,0
130,5,190.35,225.33,48.587,97.175,5,1,0,0,0,0,0,0,0,0,0,0,0,0,0,0,0,0,0,0
130,8,203.1,232.59,48.431,96.862,1,1,0,0,0,0,0,0,0,0,0,0,0,0,0,0,0,0,0,0
131,1,513.41,227.61,47.558,95.117,1,1,1,2,3.0092,-0.032231,-0.089535,-0.17907,1,1,537.19,322.73,47.558,95.117,537.19,632.31,632.31,322.73,370.29,275.17
131,3,135.22,238.66,44.079,88.158,5,1,2,2,-3.3653,0.21353,0.053589,0.10718,5,1,157.26,326.82,44.079,88.158,157.26,69.098,69.098,326.82,282.74,370.9
131,5,189.79,225.5,48.574,97.149,5,1,2,0,-3.399,0.18908,0.046932,0.093864,5,1,214.08,322.64,48.574,97.149,214.08,116.93,116.93,322.64,274.07,371.22
131,7,226.88,237.2,44.405,88.809,1,1,3,0,0,0,0,0,0,0,0,0,0,0,0,0,0,0,0,0
131,8,207.11,232.78,48.316,96.632,1,1,3,0,1.1079,0.04519,-0.039438,-0.078876,1,1,231.27,329.41,48.316,96.632,231.27,327.9,327.9,329.41,377.73,281.09
132,1,519.6,227.55,47.56,95.12,1,1,0,0,0,0,0,0,0,0,0,0,0,0,0,0,0,0,0,0
132,3,135.28,238.6,44.036,88.073,5,1,0,0,0,0,0,0,0,0,0,0,0,0,0,0,0,0,0,0
132,5,189.61,225.44,48.551,97.102,5,1,0,0,0,0,0,0,0,0,0,0,0,0,0,0,0,0,0,0
132,7,230.65,237.15,44.324,88.649,1,1,0,0,0,0,0,0,0,0,0,0,0,0,0,0,0,0,0,0
132,8,211.48,232.74,48.191,96.382,1,1,0,0,0,0,0,0,0,0,0,0,0,0,0,0,0,0,0,0
133,1,524.3,227.18,47.518,95.037,1,1,0,0,0,0,0,0,0,0,0,0,0,0,0,0,0,0,0,0
133,3,133.77,238.22,44.041,88.083,5,1,0,0,0,0,0,0,0,0,0,0,0,0,0,0,0,0,0,0
133,5,187.96,225.05,48.567,97.134,5,1,0,0,0,0,0,0,0,0,0,0,0,0,0,0,0,0,0,0
133,7,233,236.78,44.271,88.542,1,1,0,0,0,0,0,0,0,0,0,0,0,0,0,0,0,0,0,0
133,8,214.41,232.38,48.098,96.196,1,1,0,0,0,0,0,0,0,0,0,0,0,0,0,0,0,0,0,0
134,1,527.72,224.11,47.433,94.867,1,1,0,0,0,0,0,0,0,0,0,0,0,0,0,0,0,0,0,0
134,3,130.98,235.11,44.083,88.166,5,1,0,0,0,0,0,0,0,0,0,0,0,0,0,0,0,0,0,0
134,5,185.12,221.93,48.612,97.224,5,1,0,0,0,0,0,0,0,0,0,0,0,0,0,0,0,0,0,0
134,7,234.19,233.68,44.234,88.469,1,1,0,0,0,0,0,0,0,0,0,0,0,0,0,0,0,0,0,0
134,8,216.18,229.3,48.024,96.048,1,1,0,0,0,0,0,0,0,0,0,0,0,0,0,0,0,0,0,0
135,1,533.98,222.76,47.442,94.883,1,1,0,0,0,0,0,0,0,0,0,0,0,0,0,0,0,0,0,0
135,3,131.18,233.77,44.036,88.072,5,1,0,0,0,0,0,0,0,0,0,0,0,0,0,0,0,0,0,0
135,5,185.07,220.59,48.588,97.176,5,1,0,0,0,0,0,0,0,0,0,0,0,0,0,0,0,0,0,0
135,7,238.03,232.35,44.155,88.31,1,1,0,0,0,0,0,0,0,0,0,0,0,0,0,0,0,0,0,0
135,8,220.65,227.99,47.893,95.786,1,1,0,0,0,0,0,0,0,0,0,0,0,0,0,0,0,0,0,0
136,1,538.19,223.91,47.381,94.762,1,1,0,0,0,0,0,0,0,0,0,0,0,0,0,0,0,0,0,0
136,3,129.27,234.89,44.05,88.099,5,1,0,0,0,0,0,0,0,0,0,0,0,0,0,0,0,0,0,0
136,5,183.06,221.71,48.612,97.224,5,1,0,0,0,0,0,0,0,0,0,0,0,0,0,0,0,0,0,0
136,7,239.99,233.48,44.103,88.207,1,1,0,0,0,0,0,0,0,0,0,0,0,0,0,0,0,0,0,0
136,8,223.23,229.14,47.796,95.592,1,1,0,0,0,0,0,0,0,0,0,0,0,0,0,0,0,0,0,0
137,1,542.99,224.78,47.342,94.685,1,1,0,0,0,0,0,0,0,0,0,0,0,0,0,0,0,0,0,0
137,3,127.97,235.76,44.048,88.096,5,1,0,0,0,0,0,0,0,0,0,0,0,0,0,0,0,0,0,0
137,5,181.63,222.57,48.626,97.252,5,1,0,0,0,0,0,0,0,0,0,0,0,0,0,0,0,0,0,0
137,7,242.47,234.36,44.046,88.093,1,1,0,0,0,0,0,0,0,0,0,0,0,0,0,0,0,0,0,0
137,8,226.34,230.03,47.689,95.378,1,1,0,0,0,0,0,0,0,0,0,0,0,0,0,0,0,0,0,0
138,1,546.76,225.48,47.268,94.536,1,1,0,0,0,0,0,0,0,0,0,0,0,0,0,0,0,0,0,0
138,3,125.66,236.42,44.076,88.152,5,1,0,0,0,0,0,0,0,0,0,0,0,0,0,0,0,0,0,0
138,5,179.25,223.22,48.664,97.328,5,1,0,0,0,0,0,0,0,0,0,0,0,0,0,0,0,0,0,0
138,7,244.06,235.03,44.001,88.003,1,1,0,0,0,0,0,0,0,0,0,0,0,0,0,0,0,0,0,0
138,8,228.56,230.72,47.595,95.191,1,1,0,0,0,0,0,0,0,0,0,0,0,0,0,0,0,0,0,0
139,1,550.99,225.49,47.21,94.419,1,1,0,0,0,0,0,0,0,0,0,0,0,0,0,0,0,0,0,0
139,3,123.84,236.41,44.09,88.18,5,1,0,0,0,0,0,0,0,0,0,0,0,0,0,0,0,0,0,0
139,5,177.34,223.2,48.692,97.383,5,1,0,0,0,0,0,0,0,0,0,0,0,0,0,0,0,0,0,0
139,7,246.07,235.03,43.95,87.901,1,1,0,0,0,0,0,0,0,0,0,0,0,0,0,0,0,0,0,0
139,8,231.22,230.74,47.491,94.982,1,1,0,0,0,0,0,0,0,0,0,0,0,0,0,0,0,0,0,0
140,1,555.04,225.8,47.147,94.294,1,1,0,0,0,0,0,0,0,0,0,0,0,0,0,0,0,0,0,0
140,3,121.85,236.69,44.112,88.223,5,1,0,0,0,0,0,0,0,0,0,0,0,0,0,0,0,0,0,0
140,5,175.27,223.47,48.727,97.455,5,1,0,0,0,0,0,0,0,0,0,0,0,0,0,0,0,0,0,0
140,7,247.91,235.33,43.903,87.807,1,1,0,0,0,0,0,0,0,0,0,0,0,0,0,0,0,0,0,0
140,8,233.73,231.05,47.389,94.778,1,1,0,0,0,0,0,0,0,0,0,0,0,0,0,0,0,0,0,0
141,3,119.55,237.28,44.144,88.287,5,1,2,2,-1.6835,-0.023943,0.009774,0.019548,5,1,141.62,325.57,44.144,88.287,141.62,53.337,53.337,325.57,281.43,369.72
141,5,172.94,224.05,48.773,97.546,5,1,2,0,-1.7863,-0.0056902,0.022771,0.045542,5,1,197.32,321.59,48.773,97.546,197.32,99.776,99.776,321.59,272.82,370.37
141,7,249.5,235.93,43.861,87.722,1,1,3,0,2.1187,-0.13806,-0.052617,-0.10523,1,1,271.43,323.65,43.861,87.722,271.43,359.15,359.15,323.65,367.51,279.79
141,8,235.99,231.67,47.289,94.579,1,1,3,0,2.7239,-0.21935,-0.10148,-0.20297,1,1,259.63,326.25,47.289,94.579,259.63,354.21,354.21,326.25,373.54,278.96
142,3,114.35,234.54,44.268,88.536,5,1,0,0,0,0,0,0,0,0,0,0,0,0,0,0,0,0,0,0
142,5,167.91,221.27,48.896,97.791,5,1,0,0,0,0,0,0,0,0,0,0,0,0,0,0,0,0,0,0
142,7,248.58,233.2,43.853,87.706,1,1,0,0,0,0,0,0,0,0,0,0,0,0,0,0,0,0,0,0
142,8,235.73,228.95,47.23,94.459,1,1,0,0,0,0,0,0,0,0,0,0,0,0,0,0,0,0,0,0
143,3,113.8,234.02,44.245,88.49,5,1,0,0,0,0,0,0,0,0,0,0,0,0,0,0,0,0,0,0
143,5,167.2,220.75,48.897,97.795,5,1,0,0,0,0,0,0,0,0,0,0,0,0,0,0,0,0,0,0
143,7,251.64,232.69,43.786,87.573,1,1,0,0,0,0,0,0,0,0,0,0,0,0,0,0,0,0,0,0
143,8,239.5,228.47,47.095,94.191,1,1,0,0,0,0,0,0,0,0,0,0,0,0,0,0,0,0,0,0
144,3,110.73,233.78,44.303,88.606,5,1,0,0,0,0,0,0,0,0,0,0,0,0,0,0,0,0,0,0
144,5,164.17,220.49,48.968,97.936,5,1,0,0,0,0,0,0,0,0,0,0,0,0,0,0,0,0,0,0
144,7,252.55,232.47,43.751,87.501,1,1,0,0,0,0,0,0,0,0,0,0,0,0,0,0,0,0,0,0
144,8,241.12,228.26,46.996,93.992,1,1,0,0,0,0,0,0,0,0,0,0,0,0,0,0,0,0,0,0
145,3,105.94,232.49,44.421,88.841,5,1,0,0,0,0,0,0,0,0,0,0,0,0,0,0,0,0,0,0
145,5,159.55,219.17,49.09,98.179,5,1,0,0,0,0,0,0,0,0,0,0,0,0,0,0,0,0,0,0
145,7,252.01,231.2,43.736,87.473,1,1,0,0,0,0,0,0,0,0,0,0,0,0,0,0,0,0,0,0
145,8,241.28,227.01,46.919,93.839,1,1,0,0,0,0,0,0,0,0,0,0,0,0,0,0,0,0,0,0
146,3,103.91,231.4,44.449,88.898,5,1,0,0,0,0,0,0,0,0,0,0,0,0,0,0,0,0,0,0
146,5,157.49,218.07,49.138,98.277,5,1,0,0,0,0,0,0,0,0,0,0,0,0,0,0,0,0,0,0
146,7,253.8,230.12,43.689,87.378,1,1,0,0,0,0,0,0,0,0,0,0,0,0,0,0,0,0,0,0
146,8,243.81,225.96,46.8,93.6,1,1,0,0,0,0,0,0,0,0,0,0,0,0,0,0,0,0,0,0
147,3,102.97,232.63,44.446,88.891,5,1,0,0,0,0,0,0,0,0,0,0,0,0,0,0,0,0,0,0
147,5,156.44,219.28,49.162,98.324,5,1,0,0,0,0,0,0,0,0,0,0,0,0,0,0,0,0,0,0
147,7,256.49,231.36,43.633,87.265,1,1,0,0,0,0,0,0,0,0,0,0,0,0,0,0,0,0,0,0
147,8,247.26,227.22,46.668,93.336,1,1,0,0,0,0,0,0,0,0,0,0,0,0,0,0,0,0,0,0
148,3,102.13,231.85,44.435,88.871,5,1,0,0,0,0,0,0,0,0,0,0,0,0,0,0,0,0,0,0
148,5,155.49,218.5,49.18,98.359,5,1,0,0,0,0,0,0,0,0,0,0,0,0,0,0,0,0,0,0
148,7,259.24,230.59,43.572,87.143,1,1,0,0,0,0,0,0,0,0,0,0,0,0,0,0,0,0,0,0
148,8,250.78,226.48,46.528,93.057,1,1,0,0,0,0,0,0,0,0,0,0,0,0,0,0,0,0,0,0
149,3,100.11,233.12,44.465,88.93,5,1,0,0,0,0,0,0,0,0,0,0,0,0,0,0,0,0,0,0
149,5,153.46,219.75,49.232,98.463,5,1,0,0,0,0,0,0,0,0,0,0,0,0,0,0,0,0,0,0
149,7,261,231.87,43.524,87.048,1,1,0,0,0,0,0,0,0,0,0,0,0,0,0,0,0,0,0,0
149,8,253.31,227.78,46.402,92.804,1,1,0,0,0,0,0,0,0,0,0,0,0,0,0,0,0,0,0,0
150,3,98.467,234.21,44.484,88.967,5,1,0,0,0,0,0,0,0,0,0,0,0,0,0,0,0,0,0,0
150,5,151.78,220.82,49.276,98.552,5,1,0,0,0,0,0,0,0,0,0,0,0,0,0,0,0,0,0,0
150,7,263.06,232.98,43.474,86.948,1,1,0,0,0,0,0,0,0,0,0,0,0,0,0,0,0,0,0,0
150,8,256.16,228.91,46.27,92.54,1,1,0,0,0,0,0,0,0,0,0,0,0,0,0,0,0,0,0,0
151,3,94.253,234.02,44.591,89.181,5,1,1,0,-2.1268,0.021772,0.032872,0.065744,5,1,116.55,323.2,44.591,89.181,116.55,27.367,27.367,323.2,278.61,367.79
151,5,147.73,220.6,49.397,98.793,5,1,1,0,-2.1322,0.04574,0.05317,0.10634,5,1,172.43,319.39,49.397,98.793,172.43,73.638,73.638,319.39,269.99,368.79
151,8,256.88,228.76,46.166,92.332,1,1,2,0,2.3636,-0.24702,-0.11896,-0.23792,1,1,279.96,321.09,46.166,92.332,279.96,372.3,372.3,321.09,367.25,274.92
152,3,90.722,233.96,44.674,89.349,5,1,0,0,0,0,0,0,0,0,0,0,0,0,0,0,0,0,0,0
152,5,144.32,220.51,49.498,98.997,5,1,0,0,0,0,0,0,0,0,0,0,0,0,0,0,0,0,0,0
152,8,258.18,228.74,46.048,92.097,1,1,0,0,0,0,0,0,0,0,0,0,0,0,0,0,0,0,0,0
153,3,91.617,234.31,44.608,89.216,5,1,0,0,0,0,0,0,0,0,0,0,0,0,0,0,0,0,0,0
153,5,144.99,220.86,49.473,98.945,5,1,0,0,0,0,0,0,0,0,0,0,0,0,0,0,0,0,0,0
153,8,263.11,229.12,45.881,91.761,1,1,0,0,0,0,0,0,0,0,0,0,0,0,0,0,0,0,0,0
154,3,92.071,233.56,44.556,89.112,5,1,0,0,0,0,0,0,0,0,0,0,0,0,0,0,0,0,0,0
154,5,145.26,220.11,49.459,98.919,5,1,0,0,0,0,0,0,0,0,0,0,0,0,0,0,0,0,0,0
154,8,267.66,228.4,45.717,91.434,1,1,0,0,0,0,0,0,0,0,0,0,0,0,0,0,0,0,0,0
155,3,88.425,234.38,44.648,89.295,5,1,0,0,0,0,0,0,0,0,0,0,0,0,0,0,0,0,0,0
155,5,141.75,220.89,49.571,99.142,5,1,0,0,0,0,0,0,0,0,0,0,0,0,0,0,0,0,0,0
155,8,268.87,229.27,45.596,91.191,1,1,0,0,0,0,0,0,0,0,0,0,0,0,0,0,0,0,0,0
156,3,82.26,234.83,44.828,89.656,5,1,0,0,0,0,0,0,0,0,0,0,0,0,0,0,0,0,0,0
156,5,135.94,221.29,49.761,99.522,5,1,0,0,0,0,0,0,0,0,0,0,0,0,0,0,0,0,0,0
156,8,268.08,229.77,45.494,90.988,1,1,0,0,0,0,0,0,0,0,0,0,0,0,0,0,0,0,0,0
157,3,82.192,236.19,44.797,89.595,5,1,0,0,0,0,0,0,0,0,0,0,0,0,0,0,0,0,0,0
157,5,135.74,222.65,49.769,99.538,5,1,0,0,0,0,0,0,0,0,0,0,0,0,0,0,0,0,0,0
157,8,272.2,231.17,45.333,90.666,1,1,0,0,0,0,0,0,0,0,0,0,0,0,0,0,0,0,0,0
158,3,81.178,238.75,44.798,89.596,5,1,0,0,0,0,0,0,0,0,0,0,0,0,0,0,0,0,0,0
158,5,134.67,225.2,49.805,99.609,5,1,0,0,0,0,0,0,0,0,0,0,0,0,0,0,0,0,0,0
158,8,275.55,233.77,45.177,90.355,1,1,0,0,0,0,0,0,0,0,0,0,0,0,0,0,0,0,0,0
159,3,81.397,239.79,44.758,89.516,5,1,0,0,0,0,0,0,0,0,0,0,0,0,0,0,0,0,0,0
159,5,134.75,226.23,49.807,99.613,5,1,0,0,0,0,0,0,0,0,0,0,0,0,0,0,0,0,0,0
159,8,279.89,234.84,45.014,90.029,1,1,0,0,0,0,0,0,0,0,0,0,0,0,0,0,0,0,0,0
160,3,79.827,239.7,44.778,89.557,5,1,0,0,0,0,0,0,0,0,0,0,0,0,0,0,0,0,0,0
160,5,133.18,226.11,49.861,99.722,5,1,0,0,0,0,0,0,0,0,0,0,0,0,0,0,0,0,0,0
160,8,282.78,234.79,44.861,89.723,1,1,0,0,0,0,0,0,0,0,0,0,0,0,0,0,0,0,0,0
161,3,79.662,239.44,44.749,89.499,5,1,1,0,-1.5491,0.84422,0.019969,0.039938,5,1,102.04,328.94,44.749,89.499,102.04,12.538,12.538,328.94,284.19,373.69
161,5,132.91,225.85,49.873,99.745,5,1,1,0,-1.5461,0.88979,0.0517,0.1034,5,1,157.84,325.6,49.873,99.745,157.84,58.099,58.099,325.6,275.72,375.47
161,8,286.78,234.57,44.697,89.395,1,1,2,0,2.8381,0.55074,-0.1468,-0.29361,1,1,309.13,323.97,44.697,89.395,309.13,398.53,398.53,323.97,368.67,279.27
162,3,77.559,240.33,44.79,89.58,5,1,0,0,0,0,0,0,0,0,0,0,0,0,0,0,0,0,0,0
162,5,130.86,226.72,49.947,99.893,5,1,0,0,0,0,0,0,0,0,0,0,0,0,0,0,0,0,0,0
162,8,289.26,235.51,44.547,89.095,1,1,0,0,0,0,0,0,0,0,0,0,0,0,0,0,0,0,0,0
163,3,77.302,240.4,44.766,89.533,5,1,0,0,0,0,0,0,0,0,0,0,0,0,0,0,0,0,0,0
163,5,130.52,226.78,49.965,99.93,5,1,0,0,0,0,0,0,0,0,0,0,0,0,0,0,0,0,0,0
163,8,293.19,235.62,44.386,88.771,1,1,0,0,0,0,0,0,0,0,0,0,0,0,0,0,0,0,0,0
164,3,75.769,240.57,44.787,89.574,5,1,0,0,0,0,0,0,0,0,0,0,0,0,0,0,0,0,0,0
164,5,129,226.92,50.023,100.05,5,1,0,0,0,0,0,0,0,0,0,0,0,0,0,0,0,0,0,0
164,8,296.11,235.82,44.23,88.46,1,1,0,0,0,0,0,0,0,0,0,0,0,0,0,0,0,0,0,0
165,3,73.338,241.13,44.839,89.678,5,1,0,0,0,0,0,0,0,0,0,0,0,0,0,0,0,0,0,0
165,5,126.67,227.46,50.109,100.22,5,1,0,0,0,0,0,0,0,0,0,0,0,0,0,0,0,0,0,0
165,8,298.32,236.43,44.076,88.152,1,1,0,0,0,0,0,0,0,0,0,0,0,0,0,0,0,0,0,0
166,3,70.606,241.47,44.902,89.804,5,1,0,0,0,0,0,0,0,0,0,0,0,0,0,0,0,0,0,0
166,5,124.07,227.77,50.205,100.41,5,1,0,0,0,0,0,0,0,0,0,0,0,0,0,0,0,0,0,0
166,8,300.3,236.82,43.923,87.845,1,1,0,0,0,0,0,0,0,0,0,0,0,0,0,0,0,0,0,0
167,3,67.508,241.73,44.981,89.961,5,1,0,0,0,0,0,0,0,0,0,0,0,0,0,0,0,0,0,0
167,5,121.14,227.99,50.317,100.63,5,1,0,0,0,0,0,0,0,0,0,0,0,0,0,0,0,0,0,0
167,8,302.01,237.13,43.77,87.541,1,1,0,0,0,0,0,0,0,0,0,0,0,0,0,0,0,0,0,0
168,3,61.605,241.31,45.162,90.325,5,1,0,0,0,0,0,0,0,0,0,0,0,0,0,0,0,0,0,0
168,5,115.64,227.51,50.52,101.04,5,1,0,0,0,0,0,0,0,0,0,0,0,0,0,0,0,0,0,0
168,8,301.58,236.77,43.629,87.257,1,1,0,0,0,0,0,0,0,0,0,0,0,0,0,0,0,0,0,0
169,3,57.144,242.5,45.295,90.59,5,1,0,0,0,0,0,0,0,0,0,0,0,0,0,0,0,0,0,0
169,5,111.48,228.66,50.682,101.36,5,1,0,0,0,0,0,0,0,0,0,0,0,0,0,0,0,0,0,0
169,8,302.29,238.02,43.48,86.959,1,1,0,0,0,0,0,0,0,0,0,0,0,0,0,0,0,0,0,0
170,3,53.982,241.56,45.377,90.754,5,1,0,0,0,0,0,0,0,0,0,0,0,0,0,0,0,0,0,0
170,5,108.51,227.69,50.799,101.6,5,1,0,0,0,0,0,0,0,0,0,0,0,0,0,0,0,0,0,0
170,8,303.99,237.13,43.319,86.639,1,1,0,0,0,0,0,0,0,0,0,0,0,0,0,0,0,0,0,0
171,3,52.178,241.6,45.411,90.822,5,1,1,0,-3.1295,0.34419,0.081503,0.16301,5,1,74.883,332.42,45.411,90.822,74.883,-15.938,-15.938,332.42,287.01,377.83
171,5,106.79,227.7,50.875,101.75,5,1,1,0,-2.9383,0.37536,0.11415,0.2283,5,1,132.23,329.45,50.875,101.75,132.23,30.482,30.482,329.45,278.57,380.32
171,8,306.71,237.21,43.155,86.309,1,1,2,0,1.5909,-0.07433,-0.15301,-0.30602,1,1,328.29,323.52,43.155,86.309,328.29,414.6,414.6,323.52,366.68,280.37
172,3,49.625,241.44,45.472,90.944,5,1,0,0,0,0,0,0,0,0,0,0,0,0,0,0,0,0,0,0
172,5,104.39,227.51,50.975,101.95,5,1,0,0,0,0,0,0,0,0,0,0,0,0,0,0,0,0,0,0
172,8,308.87,237.11,42.991,85.982,1,1,0,0,0,0,0,0,0,0,0,0,0,0,0,0,0,0,0,0
173,3,48.158,241.54,45.491,90.983,5,1,0,0,0,0,0,0,0,0,0,0,0,0,0,0,0,0,0,0
173,5,102.99,227.58,51.038,102.08,5,1,0,0,0,0,0,0,0,0,0,0,0,0,0,0,0,0,0,0
173,8,311.83,237.25,42.821,85.642,1,1,0,0,0,0,0,0,0,0,0,0,0,0,0,0,0,0,0,0
174,3,46.203,241.59,45.531,91.063,5,1,0,0,0,0,0,0,0,0,0,0,0,0,0,0,0,0,0,0
174,5,101.14,227.61,51.121,102.24,5,1,0,0,0,0,0,0,0,0,0,0,0,0,0,0,0,0,0,0
174,8,314.43,237.35,42.655,85.311,1,1,0,0,0,0,0,0,0,0,0,0,0,0,0,0,0,0,0,0
175,3,43.893,241.48,45.585,91.17,5,1,0,0,0,0,0,0,0,0,0,0,0,0,0,0,0,0,0,0
175,5,98.983,227.47,51.217,102.43,5,1,0,0,0,0,0,0,0,0,0,0,0,0,0,0,0,0,0,0
175,8,316.77,237.29,42.49,84.98,1,1,0,0,0,0,0,0,0,0,0,0,0,0,0,0,0,0,0,0
176,3,41.223,240.8,45.653,91.306,5,1,0,0,0,0,0,0,0,0,0,0,0,0,0,0,0,0,0,0
176,5,96.499,226.76,51.326,102.65,5,1,0,0,0,0,0,0,0,0,0,0,0,0,0,0,0,0,0,0
176,8,318.84,236.66,42.324,84.649,1,1,0,0,0,0,0,0,0,0,0,0,0,0,0,0,0,0,0,0
177,3,37.272,239.64,45.769,91.537,5,1,0,0,0,0,0,0,0,0,0,0,0,0,0,0,0,0,0,0
177,5,92.855,225.55,51.478,102.96,5,1,0,0,0,0,0,0,0,0,0,0,0,0,0,0,0,0,0,0
177,8,319.96,235.56,42.158,84.316,1,1,0,0,0,0,0,0,0,0,0,0,0,0,0,0,0,0,0,0
178,3,32.096,239.64,45.936,91.872,5,1,0,0,0,0,0,0,0,0,0,0,0,0,0,0,0,0,0,0
178,5,88.11,225.5,51.679,103.36,5,1,0,0,0,0,0,0,0,0,0,0,0,0,0,0,0,0,0,0
178,8,320.22,235.63,41.996,83.991,1,1,0,0,0,0,0,0,0,0,0,0,0,0,0,0,0,0,0,0
179,3,30.249,239.45,45.973,91.945,5,1,0,0,0,0,0,0,0,0,0,0,0,0,0,0,0,0,0,0
179,5,86.391,225.28,51.762,103.52,5,1,0,0,0,0,0,0,0,0,0,0,0,0,0,0,0,0,0,0
179,8,322.88,235.49,41.826,83.651,1,1,0,0,0,0,0,0,0,0,0,0,0,0,0,0,0,0,0,0
180,3,28,237.67,46.024,92.049,5,1,0,0,0,0,0,0,0,0,0,0,0,0,0,0,0,0,0,0
180,5,84.313,223.46,51.859,103.72,5,1,0,0,0,0,0,0,0,0,0,0,0,0,0,0,0,0,0,0
180,8,325.25,233.75,41.655,83.309,1,1,0,0,0,0,0,0,0,0,0,0,0,0,0,0,0,0,0,0
181,5,81.992,223.57,51.965,103.93,5,1,1,0,-2.6223,-0.26816,0.11763,0.23526,5,1,107.97,327.5,51.965,103.93,107.97,4.0438,4.0438,327.5,275.54,379.47
182,5,83.089,222.7,51.935,103.87,5,1,0,0,0,0,0,0,0,0,0,0,0,0,0,0,0,0,0,0
183,5,80.873,222.78,52.042,104.08,5,1,0,0,0,0,0,0,0,0,0,0,0,0,0,0,0,0,0,0
184,5,77.633,222.93,52.188,104.38,5,1,0,0,0,0,0,0,0,0,0,0,0,0,0,0,0,0,0,0
185,5,77.151,221.68,52.225,104.45,5,1,0,0,0,0,0,0,0,0,0,0,0,0,0,0,0,0,0,0
186,5,74.306,220.77,52.358,104.72,5,1,0,0,0,0,0,0,0,0,0,0,0,0,0,0,0,0,0,0
187,5,71.763,220.68,52.479,104.96,5,1,0,0,0,0,0,0,0,0,0,0,0,0,0,0,0,0,0,0
188,5,70.071,221.45,52.563,105.13,5,1,0,0,0,0,0,0,0,0,0,0,0,0,0,0,0,0,0,0
189,5,68.691,223.46,52.638,105.28,5,1,0,0,0,0,0,0,0,0,0,0,0,0,0,0,0,0,0,0
190,5,69.218,223.51,52.633,105.27,5,1,0,0,0,0,0,0,0,0,0,0,0,0,0,0,0,0,0,0
