1,1,239.11,174.77,52.814,105.63,3,1,1,2,0,0,0,0,0,0,0,0,0,0,0,0,0,0,0,0
1,2,275.55,183.08,49.05,98.101,3,1,1,2,0,0,0,0,0,0,0,0,0,0,0,0,0,0,0,0
1,3,326.96,182.7,58.328,116.66,1,1,2,0,0,0,0,0,0,0,0,0,0,0,0,0,0,0,0,0
2,1,240.08,175.81,52.837,105.67,3,1,0,0,0,0,0,0,0,0,0,0,0,0,0,0,0,0,0,0
2,2,276.5,184.12,49.072,98.143,3,1,0,0,0,0,0,0,0,0,0,0,0,0,0,0,0,0,0,0
2,3,331.16,183.73,58.367,116.73,1,1,0,0,0,0,0,0,0,0,0,0,0,0,0,0,0,0,0,0
3,1,237.62,174.76,53.022,106.04,3,1,0,0,0,0,0,0,0,0,0,0,0,0,0,0,0,0,0,0
3,2,274.18,183.1,49.223,98.446,3,1,0,0,0,0,0,0,0,0,0,0,0,0,0,0,0,0,0,0
3,3,332.3,182.73,58.518,117.04,1,1,0,0,0,0,0,0,0,0,0,0,0,0,0,0,0,0,0,0
4,1,238.27,176.36,53.092,106.18,3,1,0,0,0,0,0,0,0,0,0,0,0,0,0,0,0,0,0,0
4,2,274.84,184.72,49.287,98.573,3,1,0,0,0,0,0,0,0,0,0,0,0,0,0,0,0,0,0,0
4,3,336.28,184.38,58.602,117.2,1,1,0,0,0,0,0,0,0,0,0,0,0,0,0,0,0,0,0,0
5,1,237.8,175.64,53.177,106.35,3,1,0,0,0,0,0,0,0,0,0,0,0,0,0,0,0,0,0,0
5,2,274.41,184,49.358,98.715,3,1,0,0,0,0,0,0,0,0,0,0,0,0,0,0,0,0,0,0
5,3,339.22,183.67,58.68,117.36,1,1,0,0,0,0,0,0,0,0,0,0,0,0,0,0,0,0,0,0
6,1,237.64,175.66,53.259,106.52,3,1,0,0,0,0,0,0,0,0,0,0,0,0,0,0,0,0,0,0
6,2,274.28,184.04,49.426,98.853,3,1,0,0,0,0,0,0,0,0,0,0,0,0,0,0,0,0,0,0
6,3,342.45,183.7,58.759,117.52,1,1,0,0,0,0,0,0,0,0,0,0,0,0,0,0,0,0,0,0
7,1,237.35,175.07,53.349,106.7,3,1,0,0,0,0,0,0,0,0,0,0,0,0,0,0,0,0,0,0
7,2,274.03,183.46,49.502,99.004,3,1,0,0,0,0,0,0,0,0,0,0,0,0,0,0,0,0,0,0
7,3,345.59,183.13,58.845,117.69,1,1,0,0,0,0,0,0,0,0,0,0,0,0,0,0,0,0,0,0
8,1,237.31,173.94,53.429,106.86,3,1,0,0,0,0,0,0,0,0,0,0,0,0,0,0,0,0,0,0
8,2,274.02,182.35,49.571,99.142,3,1,0,0,0,0,0,0,0,0,0,0,0,0,0,0,0,0,0,0
8,3,348.95,182.01,58.925,117.85,1,1,0,0,0,0,0,0,0,0,0,0,0,0,0,0,0,0,0,0
9,1,237.17,173.9,53.513,107.03,3,1,0,0,0,0,0,0,0,0,0,0,0,0,0,0,0,0,0,0
9,2,273.91,182.32,49.642,99.284,3,1,0,0,0,0,0,0,0,0,0,0,0,0,0,0,0,0,0,0
9,3,352.24,181.98,59.006,118.01,1,1,0,0,0,0,0,0,0,0,0,0,0,0,0,0,0,0,0,0
10,1,237.5,173.76,53.582,107.16,3,1,0,0,0,0,0,0,0,0,0,0,0,0,0,0,0,0,0,0
10,2,274.25,182.19,49.702,99.404,3,1,0,0,0,0,0,0,0,0,0,0,0,0,0,0,0,0,0,0
10,3,355.95,181.85,59.081,118.16,1,1,0,0,0,0,0,0,0,0,0,0,0,0,0,0,0,0,0,0
11,1,237.3,173.27,53.666,107.33,3,1,1,2,-0.15686,-0.11656,0.086908,0.17382,3,1,264.14,280.61,53.666,107.33,264.14,156.8,371.47,280.61,334.27,334.27
11,2,274.07,181.72,49.773,99.547,3,1,1,2,-0.1299,-0.12849,0.073736,0.14747,3,1,298.96,281.27,49.773,99.547,298.96,199.41,398.51,281.27,331.04,331.04
11,3,359.19,181.38,59.16,118.32,1,1,2,0,3.2541,-0.10276,0.084371,0.16874,1,1,388.77,299.7,59.16,118.32,388.77,507.09,507.09,299.7,358.86,240.54
12,1,237.37,173.29,53.747,107.49,3,1,0,0,0,0,0,0,0,0,0,0,0,0,0,0,0,0,0,0
12,2,274.15,181.75,49.842,99.685,3,1,0,0,0,0,0,0,0,0,0,0,0,0,0,0,0,0,0,0
12,3,362.69,181.41,59.241,118.48,1,1,0,0,0,0,0,0,0,0,0,0,0,0,0,0,0,0,0,0
13,1,238.01,173.28,53.809,107.62,3,1,0,0,0,0,0,0,0,0,0,0,0,0,0,0,0,0,0,0
13,2,274.79,181.74,49.898,99.797,3,1,0,0,0,0,0,0,0,0,0,0,0,0,0,0,0,0,0,0
13,3,366.72,181.4,59.318,118.64,1,1,0,0,0,0,0,0,0,0,0,0,0,0,0,0,0,0,0,0
14,1,238.08,173.46,53.891,107.78,3,1,0,0,0,0,0,0,0,0,0,0,0,0,0,0,0,0,0,0
14,2,274.88,181.95,49.969,99.939,3,1,0,0,0,0,0,0,0,0,0,0,0,0,0,0,0,0,0,0
14,3,370.24,181.61,59.401,118.8,1,1,0,0,0,0,0,0,0,0,0,0,0,0,0,0,0,0,0,0
15,1,238.01,173.48,53.978,107.96,3,1,0,0,0,0,0,0,0,0,0,0,0,0,0,0,0,0,0,0
15,2,274.82,181.98,50.043,100.09,3,1,0,0,0,0,0,0,0,0,0,0,0,0,0,0,0,0,0,0
15,3,373.63,181.64,59.484,118.97,1,1,0,0,0,0,0,0,0,0,0,0,0,0,0,0,0,0,0,0
16,1,238.2,173.44,54.054,108.11,3,1,0,0,0,0,0,0,0,0,0,0,0,0,0,0,0,0,0,0
16,2,275.03,181.94,50.11,100.22,3,1,0,0,0,0,0,0,0,0,0,0,0,0,0,0,0,0,0,0
16,3,377.28,181.6,59.564,119.13,1,1,0,0,0,0,0,0,0,0,0,0,0,0,0,0,0,0,0,0
17,1,238.44,173.76,54.131,108.26,3,1,0,0,0,0,0,0,0,0,0,0,0,0,0,0,0,0,0,0
17,2,275.27,182.28,50.176,100.35,3,1,0,0,0,0,0,0,0,0,0,0,0,0,0,0,0,0,0,0
17,3,380.97,181.94,59.645,119.29,1,1,0,0,0,0,0,0,0,0,0,0,0,0,0,0,0,0,0,0
18,1,238.17,173.55,54.218,108.44,3,1,0,0,0,0,0,0,0,0,0,0,0,0,0,0,0,0,0,0
18,2,275.02,182.09,50.25,100.5,3,1,0,0,0,0,0,0,0,0,0,0,0,0,0,0,0,0,0,0
18,3,384.2,181.74,59.72,119.44,1,1,0,0,0,0,0,0,0,0,0,0,0,0,0,0,0,0,0,0
19,1,238.27,173.5,54.299,108.6,3,1,0,0,0,0,0,0,0,0,0,0,0,0,0,0,0,0,0,0
19,2,275.12,182.05,50.32,100.64,3,1,0,0,0,0,0,0,0,0,0,0,0,0,0,0,0,0,0,0
19,3,387.77,181.7,59.8,119.6,1,1,0,0,0,0,0,0,0,0,0,0,0,0,0,0,0,0,0,0
20,1,238.67,173.4,54.371,108.74,3,1,0,0,0,0,0,0,0,0,0,0,0,0,0,0,0,0,0,0
20,2,275.52,181.96,50.383,100.77,3,1,0,0,0,0,0,0,0,0,0,0,0,0,0,0,0,0,0,0
20,3,391.64,181.61,59.88,119.76,1,1,0,0,0,0,0,0,0,0,0,0,0,0,0,0,0,0,0,0
21,1,238.58,173.79,54.46,108.92,3,1,1,2,0.14473,0.19609,0.079954,0.15991,3,1,265.81,282.71,54.46,108.92,265.81,156.89,374.73,282.71,337.17,337.17
21,2,275.44,182.36,50.459,100.92,3,1,1,2,0.14837,0.18715,0.068991,0.13798,3,1,300.67,283.28,50.459,100.92,300.67,199.75,401.59,283.28,333.74,333.74
21,3,395.06,182.02,59.961,119.92,1,1,2,0,3.6088,0.20885,0.080006,0.16001,1,1,425.04,301.94,59.961,119.92,425.04,544.96,544.96,301.94,361.9,241.98
22,1,238.83,173.76,54.539,109.08,3,1,0,0,0,0,0,0,0,0,0,0,0,0,0,0,0,0,0,0
22,2,275.68,182.35,50.529,101.06,3,1,0,0,0,0,0,0,0,0,0,0,0,0,0,0,0,0,0,0
22,3,398.8,182,60.043,120.09,1,1,0,0,0,0,0,0,0,0,0,0,0,0,0,0,0,0,0,0
23,1,238.56,173.88,54.628,109.26,3,1,0,0,0,0,0,0,0,0,0,0,0,0,0,0,0,0,0,0
23,2,275.43,182.48,50.604,101.21,3,1,0,0,0,0,0,0,0,0,0,0,0,0,0,0,0,0,0,0
23,3,402.06,182.14,60.116,120.23,1,1,0,0,0,0,0,0,0,0,0,0,0,0,0,0,0,0,0,0
24,1,239.04,173.51,54.698,109.4,3,1,0,0,0,0,0,0,0,0,0,0,0,0,0,0,0,0,0,0
24,2,275.9,182.12,50.666,101.33,3,1,0,0,0,0,0,0,0,0,0,0,0,0,0,0,0,0,0,0
24,3,406.02,181.78,60.196,120.39,1,1,0,0,0,0,0,0,0,0,0,0,0,0,0,0,0,0,0,0
25,1,238.65,173.56,54.79,109.58,3,1,0,0,0,0,0,0,0,0,0,0,0,0,0,0,0,0,0,0
25,2,275.51,182.19,50.744,101.49,3,1,0,0,0,0,0,0,0,0,0,0,0,0,0,0,0,0,0,0
25,3,409.17,181.85,60.266,120.53,1,1,0,0,0,0,0,0,0,0,0,0,0,0,0,0,0,0,0,0
26,1,239.24,174.03,54.857,109.71,3,1,0,0,0,0,0,0,0,0,0,0,0,0,0,0,0,0,0,0
26,2,276.08,182.66,50.804,101.61,3,1,0,0,0,0,0,0,0,0,0,0,0,0,0,0,0,0,0,0
26,3,413.24,182.32,60.345,120.69,1,1,0,0,0,0,0,0,0,0,0,0,0,0,0,0,0,0,0,0
27,1,238.65,174.15,54.949,109.9,3,1,0,0,0,0,0,0,0,0,0,0,0,0,0,0,0,0,0,0
27,2,275.51,182.8,50.881,101.76,3,1,0,0,0,0,0,0,0,0,0,0,0,0,0,0,0,0,0,0
27,3,416.21,182.46,60.404,120.81,1,1,0,0,0,0,0,0,0,0,0,0,0,0,0,0,0,0,0,0
28,1,238.58,174.08,55.033,110.07,3,1,0,0,0,0,0,0,0,0,0,0,0,0,0,0,0,0,0,0
28,2,275.43,182.75,50.952,101.9,3,1,0,0,0,0,0,0,0,0,0,0,0,0,0,0,0,0,0,0
28,3,419.68,182.41,60.474,120.95,1,1,0,0,0,0,0,0,0,0,0,0,0,0,0,0,0,0,0,0
29,1,238.65,174.01,55.113,110.23,3,1,0,0,0,0,0,0,0,0,0,0,0,0,0,0,0,0,0,0
29,2,275.5,182.69,51.022,102.04,3,1,0,0,0,0,0,0,0,0,0,0,0,0,0,0,0,0,0,0
29,3,423.29,182.35,60.546,121.09,1,1,0,0,0,0,0,0,0,0,0,0,0,0,0,0,0,0,0,0
30,1,238.79,173.89,55.194,110.39,3,1,0,0,0,0,0,0,0,0,0,0,0,0,0,0,0,0,0,0
30,2,275.62,182.58,51.093,102.19,3,1,0,0,0,0,0,0,0,0,0,0,0,0,0,0,0,0,0,0
30,3,426.97,182.24,60.619,121.24,1,1,0,0,0,0,0,0,0,0,0,0,0,0,0,0,0,0,0,0
31,1,239.05,173.58,55.27,110.54,3,1,1,2,0.046035,0.17883,0.081423,0.16285,3,1,266.69,284.12,55.27,110.54,266.69,156.15,377.23,284.12,339.39,339.39
31,2,275.88,182.28,51.16,102.32,3,1,1,2,0.036907,0.16972,0.070251,0.1405,3,1,301.46,284.6,51.16,102.32,301.46,199.13,403.78,284.6,335.76,335.76
31,3,430.78,181.94,60.693,121.39,1,1,2,0,3.5694,0.17276,0.071581,0.14316,1,1,461.12,303.33,60.693,121.39,461.12,582.51,582.51,303.33,364.02,242.64
32,1,239.34,173.46,55.345,110.69,3,1,0,0,0,0,0,0,0,0,0,0,0,0,0,0,0,0,0,0
32,2,276.14,182.17,51.227,102.45,3,1,0,0,0,0,0,0,0,0,0,0,0,0,0,0,0,0,0,0
32,3,434.6,181.83,60.766,121.53,1,1,0,0,0,0,0,0,0,0,0,0,0,0,0,0,0,0,0,0
33,1,239.39,173.18,55.428,110.86,3,1,0,0,0,0,0,0,0,0,0,0,0,0,0,0,0,0,0,0
33,2,276.19,181.91,51.3,102.6,3,1,0,0,0,0,0,0,0,0,0,0,0,0,0,0,0,0,0,0
33,3,438.23,181.57,60.838,121.68,1,1,0,0,0,0,0,0,0,0,0,0,0,0,0,0,0,0,0,0
34,1,240.05,173.44,55.492,110.98,3,1,0,0,0,0,0,0,0,0,0,0,0,0,0,0,0,0,0,0
34,2,276.82,182.18,51.359,102.72,3,1,0,0,0,0,0,0,0,0,0,0,0,0,0,0,0,0,0,0
34,3,442.41,181.84,60.915,121.83,1,1,0,0,0,0,0,0,0,0,0,0,0,0,0,0,0,0,0,0
35,1,240.6,173.51,55.56,111.12,3,1,0,0,0,0,0,0,0,0,0,0,0,0,0,0,0,0,0,0
35,2,277.34,182.26,51.42,102.84,3,1,0,0,0,0,0,0,0,0,0,0,0,0,0,0,0,0,0,0
35,3,446.51,181.92,60.991,121.98,1,1,0,0,0,0,0,0,0,0,0,0,0,0,0,0,0,0,0,0
36,1,240.81,172.81,55.633,111.27,3,1,0,0,0,0,0,0,0,0,0,0,0,0,0,0,0,0,0,0
36,2,277.53,181.58,51.485,102.97,3,1,0,0,0,0,0,0,0,0,0,0,0,0,0,0,0,0,0,0
36,3,450.28,181.24,61.057,122.11,1,1,0,0,0,0,0,0,0,0,0,0,0,0,0,0,0,0,0,0
37,1,241.03,173.05,55.712,111.42,3,1,0,0,0,0,0,0,0,0,0,0,0,0,0,0,0,0,0,0
37,2,277.73,181.83,51.555,103.11,3,1,0,0,0,0,0,0,0,0,0,0,0,0,0,0,0,0,0,0
37,3,454.07,181.49,61.129,122.26,1,1,0,0,0,0,0,0,0,0,0,0,0,0,0,0,0,0,0,0
38,1,241.17,172.9,55.794,111.59,3,1,0,0,0,0,0,0,0,0,0,0,0,0,0,0,0,0,0,0
38,2,277.86,181.69,51.628,103.26,3,1,0,0,0,0,0,0,0,0,0,0,0,0,0,0,0,0,0,0
38,3,457.81,181.35,61.2,122.4,1,1,0,0,0,0,0,0,0,0,0,0,0,0,0,0,0,0,0,0
39,1,241.67,172.8,55.862,111.72,3,1,0,0,0,0,0,0,0,0,0,0,0,0,0,0,0,0,0,0
39,2,278.33,181.6,51.69,103.38,3,1,0,0,0,0,0,0,0,0,0,0,0,0,0,0,0,0,0,0
39,3,461.88,181.26,61.274,122.55,1,1,0,0,0,0,0,0,0,0,0,0,0,0,0,0,0,0,0,0
40,1,242.04,173.01,55.929,111.86,3,1,0,0,0,0,0,0,0,0,0,0,0,0,0,0,0,0,0,0
40,2,278.68,181.82,51.75,103.5,3,1,0,0,0,0,0,0,0,0,0,0,0,0,0,0,0,0,0,0
40,3,465.81,181.48,61.34,122.68,1,1,0,0,0,0,0,0,0,0,0,0,0,0,0,0,0,0,0,0
41,1,242.27,173.16,56.003,112.01,3,1,1,2,0.37004,0.093855,0.073067,0.14613,3,1,270.28,285.17,56.003,112.01,270.28,158.27,382.28,285.17,341.17,341.17
41,2,278.88,181.99,51.816,103.63,3,1,1,2,0.34427,0.090315,0.065456,0.13091,3,1,304.79,285.62,51.816,103.63,304.79,201.16,408.42,285.62,337.44,337.44
41,3,469.62,181.65,61.405,122.81,1,1,2,0,3.9343,0.10193,0.07125,0.1425,1,1,500.32,304.46,61.405,122.81,500.32,623.13,623.13,304.46,365.86,243.05
42,1,242.48,173.35,56.077,112.15,3,1,0,0,0,0,0,0,0,0,0,0,0,0,0,0,0,0,0,0
42,2,279.07,182.19,51.882,103.76,3,1,0,0,0,0,0,0,0,0,0,0,0,0,0,0,0,0,0,0
42,3,473.42,181.85,61.469,122.94,1,1,0,0,0,0,0,0,0,0,0,0,0,0,0,0,0,0,0,0
43,1,242.95,173.09,56.145,112.29,3,1,0,0,0,0,0,0,0,0,0,0,0,0,0,0,0,0,0,0
43,2,279.5,181.94,51.944,103.89,3,1,0,0,0,0,0,0,0,0,0,0,0,0,0,0,0,0,0,0
43,3,477.46,181.6,61.539,123.08,1,1,0,0,0,0,0,0,0,0,0,0,0,0,0,0,0,0,0,0
44,1,243.68,173.05,56.207,112.41,3,1,0,0,0,0,0,0,0,0,0,0,0,0,0,0,0,0,0,0
44,2,280.2,181.91,52.003,104.01,3,1,0,0,0,0,0,0,0,0,0,0,0,0,0,0,0,0,0,0
44,3,481.78,181.57,61.619,123.24,1,1,0,0,0,0,0,0,0,0,0,0,0,0,0,0,0,0,0,0
45,1,244.49,172.98,56.27,112.54,3,1,0,0,0,0,0,0,0,0,0,0,0,0,0,0,0,0,0,0
45,2,280.96,181.84,52.062,104.12,3,1,0,0,0,0,0,0,0,0,0,0,0,0,0,0,0,0,0,0
45,3,486.17,181.5,61.703,123.41,1,1,0,0,0,0,0,0,0,0,0,0,0,0,0,0,0,0,0,0
46,1,244.67,172.68,56.343,112.69,3,1,0,0,0,0,0,0,0,0,0,0,0,0,0,0,0,0,0,0
46,2,281.11,181.56,52.127,104.25,3,1,0,0,0,0,0,0,0,0,0,0,0,0,0,0,0,0,0,0
46,3,489.95,181.22,61.763,123.53,1,1,0,0,0,0,0,0,0,0,0,0,0,0,0,0,0,0,0,0
47,1,244.56,172.63,56.425,112.85,3,1,0,0,0,0,0,0,0,0,0,0,0,0,0,0,0,0,0,0
47,2,280.99,181.52,52.198,104.4,3,1,0,0,0,0,0,0,0,0,0,0,0,0,0,0,0,0,0,0
47,3,493.45,181.18,61.816,123.63,1,1,0,0,0,0,0,0,0,0,0,0,0,0,0,0,0,0,0,0
48,1,245.09,172.84,56.49,112.98,3,1,0,0,0,0,0,0,0,0,0,0,0,0,0,0,0,0,0,0
48,2,281.47,181.74,52.257,104.51,3,1,0,0,0,0,0,0,0,0,0,0,0,0,0,0,0,0,0,0
48,3,497.56,181.41,61.885,123.77,1,1,0,0,0,0,0,0,0,0,0,0,0,0,0,0,0,0,0,0
49,1,245.56,173.07,56.554,113.11,3,1,0,0,0,0,0,0,0,0,0,0,0,0,0,0,0,0,0,0
49,2,281.9,181.98,52.315,104.63,3,1,0,0,0,0,0,0,0,0,0,0,0,0,0,0,0,0,0,0
49,3,501.61,181.64,61.949,123.9,1,1,0,0,0,0,0,0,0,0,0,0,0,0,0,0,0,0,0,0
50,1,245.79,172.95,56.626,113.25,3,1,0,0,0,0,0,0,0,0,0,0,0,0,0,0,0,0,0,0
50,2,282.11,181.88,52.379,104.76,3,1,0,0,0,0,0,0,0,0,0,0,0,0,0,0,0,0,0,0
50,3,505.44,181.54,62.009,124.02,1,1,0,0,0,0,0,0,0,0,0,0,0,0,0,0,0,0,0,0
51,1,246.26,173.03,56.693,113.39,3,1,1,2,0.4282,0.11231,0.068986,0.13797,3,1,274.6,286.42,56.693,113.39,274.6,161.22,387.99,286.42,343.11,343.11
51,2,282.53,181.97,52.44,104.88,3,1,1,2,0.39139,0.10996,0.062313,0.12463,3,1,308.75,286.85,52.44,104.88,308.75,203.88,413.63,286.85,339.29,339.29
51,3,509.51,181.63,62.076,124.15,1,1,2,2,4.0184,0.11863,0.066594,0.13319,1,1,540.54,305.78,62.076,124.15,540.54,664.69,664.69,305.78,367.85,243.7
51,4,763.14,169.45,85.979,171.96,6,1,3,0,0,0,0,0,0,0,0,0,0,0,0,0,0,0,0,0
52,1,246.52,173.01,56.764,113.53,3,1,0,0,0,0,0,0,0,0,0,0,0,0,0,0,0,0,0,0
52,2,282.76,181.95,52.502,105,3,1,0,0,0,0,0,0,0,0,0,0,0,0,0,0,0,0,0,0
52,3,513.36,181.62,62.133,124.27,1,1,0,0,0,0,0,0,0,0,0,0,0,0,0,0,0,0,0,0
52,4,759.42,169.49,85.709,171.42,6,1,0,0,0,0,0,0,0,0,0,0,0,0,0,0,0,0,0,0
53,1,247.15,173,56.828,113.66,3,1,0,0,0,0,0,0,0,0,0,0,0,0,0,0,0,0,0,0
53,2,283.36,181.96,52.561,105.12,3,1,0,0,0,0,0,0,0,0,0,0,0,0,0,0,0,0,0,0
53,3,517.6,181.62,62.206,124.41,1,1,0,0,0,0,0,0,0,0,0,0,0,0,0,0,0,0,0,0
53,4,756.3,169.54,85.494,170.99,6,1,0,0,0,0,0,0,0,0,0,0,0,0,0,0,0,0,0,0
54,1,247.54,172.93,56.894,113.79,3,1,0,0,0,0,0,0,0,0,0,0,0,0,0,0,0,0,0,0
54,2,283.71,181.9,52.62,105.24,3,1,0,0,0,0,0,0,0,0,0,0,0,0,0,0,0,0,0,0
54,3,521.58,181.56,62.266,124.53,1,1,0,0,0,0,0,0,0,0,0,0,0,0,0,0,0,0,0,0
54,4,752.77,169.54,85.239,170.48,6,1,0,0,0,0,0,0,0,0,0,0,0,0,0,0,0,0,0,0
55,1,247.87,173.08,56.967,113.93,3,1,0,0,0,0,0,0,0,0,0,0,0,0,0,0,0,0,0,0
55,2,284,182.05,52.684,105.37,3,1,0,0,0,0,0,0,0,0,0,0,0,0,0,0,0,0,0,0
55,3,525.51,181.71,62.329,124.66,1,1,0,0,0,0,0,0,0,0,0,0,0,0,0,0,0,0,0,0
55,4,749.21,169.75,84.987,169.97,6,1,0,0,0,0,0,0,0,0,0,0,0,0,0,0,0,0,0,0
56,1,248.56,172.9,57.027,114.05,3,1,0,0,0,0,0,0,0,0,0,0,0,0,0,0,0,0,0,0
56,2,284.64,181.89,52.739,105.48,3,1,0,0,0,0,0,0,0,0,0,0,0,0,0,0,0,0,0,0
56,3,529.79,181.55,62.4,124.8,1,1,0,0,0,0,0,0,0,0,0,0,0,0,0,0,0,0,0,0
56,4,746.13,169.63,84.772,169.54,6,1,0,0,0,0,0,0,0,0,0,0,0,0,0,0,0,0,0,0
57,1,248.9,172.93,57.099,114.2,3,1,0,0,0,0,0,0,0,0,0,0,0,0,0,0,0,0,0,0
57,2,284.95,181.93,52.802,105.6,3,1,0,0,0,0,0,0,0,0,0,0,0,0,0,0,0,0,0,0
57,3,533.74,181.59,62.461,124.92,1,1,0,0,0,0,0,0,0,0,0,0,0,0,0,0,0,0,0,0
57,4,742.59,169.72,84.521,169.04,6,1,0,0,0,0,0,0,0,0,0,0,0,0,0,0,0,0,0,0
58,1,249.46,172.95,57.163,114.33,3,1,0,0,0,0,0,0,0,0,0,0,0,0,0,0,0,0,0,0
58,2,285.47,181.96,52.86,105.72,3,1,0,0,0,0,0,0,0,0,0,0,0,0,0,0,0,0,0,0
58,3,537.89,181.62,62.527,125.05,1,1,0,0,0,0,0,0,0,0,0,0,0,0,0,0,0,0,0,0
58,4,739.33,169.8,84.291,168.58,6,1,0,0,0,0,0,0,0,0,0,0,0,0,0,0,0,0,0,0
59,1,249.84,172.92,57.232,114.46,3,1,0,0,0,0,0,0,0,0,0,0,0,0,0,0,0,0,0,0
59,2,285.81,181.93,52.919,105.84,3,1,0,0,0,0,0,0,0,0,0,0,0,0,0,0,0,0,0,0
59,3,541.85,181.6,62.584,125.17,1,1,0,0,0,0,0,0,0,0,0,0,0,0,0,0,0,0,0,0
59,4,735.8,169.83,84.037,168.07,6,1,0,0,0,0,0,0,0,0,0,0,0,0,0,0,0,0,0,0
60,1,250.49,173.02,57.297,114.59,3,1,0,0,0,0,0,0,0,0,0,0,0,0,0,0,0,0,0,0
60,2,286.43,182.05,52.977,105.95,3,1,0,0,0,0,0,0,0,0,0,0,0,0,0,0,0,0,0,0
60,3,546.11,181.71,62.656,125.31,1,1,0,0,0,0,0,0,0,0,0,0,0,0,0,0,0,0,0,0
60,4,732.7,169.99,83.823,167.65,6,1,0,0,0,0,0,0,0,0,0,0,0,0,0,0,0,0,0,0
61,1,250.85,172.95,57.369,114.74,3,1,1,2,0.51253,0.12921,0.067201,0.1344,3,1,279.54,287.69,57.369,114.74,279.54,164.8,394.28,287.69,345.06,345.06
61,2,286.76,182,53.04,106.08,3,1,1,2,0.47053,0.12496,0.059682,0.11936,3,1,313.28,288.08,53.04,106.08,313.28,207.2,419.36,288.08,341.12,341.12
61,3,550.06,181.66,62.715,125.43,1,1,2,2,4.1069,0.1345,0.064417,0.12883,1,1,581.42,307.09,62.715,125.43,581.42,706.85,706.85,307.09,369.8,244.37
61,4,729.19,169.99,83.575,167.15,5,1,3,0,-3.4847,-0.41934,-0.23788,-0.47577,6,1,770.98,337.14,83.575,167.15,770.98,770.98,534.59,337.14,218.95,337.14
62,1,251.47,172.71,57.43,114.86,3,1,0,0,0,0,0,0,0,0,0,0,0,0,0,0,0,0,0,0
62,2,287.33,181.76,53.093,106.19,3,1,0,0,0,0,0,0,0,0,0,0,0,0,0,0,0,0,0,0
62,3,554.24,181.42,62.777,125.55,1,1,0,0,0,0,0,0,0,0,0,0,0,0,0,0,0,0,0,0
62,4,725.97,169.81,83.344,166.69,5,1,0,0,0,0,0,0,0,0,0,0,0,0,0,0,0,0,0,0
63,1,251.92,172.93,57.496,114.99,3,1,0,0,0,0,0,0,0,0,0,0,0,0,0,0,0,0,0,0
63,2,287.75,182,53.15,106.3,3,1,0,0,0,0,0,0,0,0,0,0,0,0,0,0,0,0,0,0
63,3,558.24,181.66,62.831,125.66,1,1,0,0,0,0,0,0,0,0,0,0,0,0,0,0,0,0,0,0
63,4,722.52,170.09,83.095,166.19,5,1,0,0,0,0,0,0,0,0,0,0,0,0,0,0,0,0,0,0
64,1,252.39,173.06,57.569,115.14,3,1,0,0,0,0,0,0,0,0,0,0,0,0,0,0,0,0,0,0
64,2,288.18,182.13,53.212,106.42,3,1,0,0,0,0,0,0,0,0,0,0,0,0,0,0,0,0,0,0
64,3,562.29,181.79,62.895,125.79,1,1,0,0,0,0,0,0,0,0,0,0,0,0,0,0,0,0,0,0
64,4,719.16,170.28,82.86,165.72,5,1,0,0,0,0,0,0,0,0,0,0,0,0,0,0,0,0,0,0
65,1,252.82,173.23,57.635,115.27,3,1,0,0,0,0,0,0,0,0,0,0,0,0,0,0,0,0,0,0
65,2,288.59,182.31,53.268,106.54,3,1,0,0,0,0,0,0,0,0,0,0,0,0,0,0,0,0,0,0
65,3,566.27,181.98,62.946,125.89,1,1,0,0,0,0,0,0,0,0,0,0,0,0,0,0,0,0,0,0
65,4,715.69,170.51,82.609,165.22,5,1,0,0,0,0,0,0,0,0,0,0,0,0,0,0,0,0,0,0
66,1,253.6,173.66,57.694,115.39,3,1,0,0,0,0,0,0,0,0,0,0,0,0,0,0,0,0,0,0
66,2,289.32,182.76,53.319,106.64,3,1,0,0,0,0,0,0,0,0,0,0,0,0,0,0,0,0,0,0
66,3,570.6,182.42,63.014,126.03,1,1,0,0,0,0,0,0,0,0,0,0,0,0,0,0,0,0,0,0
66,4,712.68,171,82.396,164.79,5,1,0,0,0,0,0,0,0,0,0,0,0,0,0,0,0,0,0,0
67,1,254.48,173.43,57.754,115.51,3,1,0,0,0,0,0,0,0,0,0,0,0,0,0,0,0,0,0,0
67,2,290.16,182.53,53.371,106.74,3,1,0,0,0,0,0,0,0,0,0,0,0,0,0,0,0,0,0,0
67,3,575.05,182.19,63.089,126.18,1,1,0,0,0,0,0,0,0,0,0,0,0,0,0,0,0,0,0,0
67,4,709.82,170.82,82.196,164.39,5,1,0,0,0,0,0,0,0,0,0,0,0,0,0,0,0,0,0,0
68,1,254.92,173.76,57.822,115.64,3,1,0,0,0,0,0,0,0,0,0,0,0,0,0,0,0,0,0,0
68,2,290.57,182.88,53.427,106.85,3,1,0,0,0,0,0,0,0,0,0,0,0,0,0,0,0,0,0,0
68,3,579.01,182.54,63.138,126.28,1,1,0,0,0,0,0,0,0,0,0,0,0,0,0,0,0,0,0,0
68,4,706.34,171.22,81.944,163.89,5,1,0,0,0,0,0,0,0,0,0,0,0,0,0,0,0,0,0,0
69,1,256.06,174.42,57.874,115.75,3,1,0,0,0,0,0,0,0,0,0,0,0,0,0,0,0,0,0,0
69,2,291.65,183.55,53.472,106.94,3,1,0,0,0,0,0,0,0,0,0,0,0,0,0,0,0,0,0,0
69,3,583.71,183.21,63.222,126.44,1,1,0,0,0,0,0,0,0,0,0,0,0,0,0,0,0,0,0,0
69,4,703.78,171.93,81.766,163.53,5,1,0,0,0,0,0,0,0,0,0,0,0,0,0,0,0,0,0,0
70,1,256.37,175.23,57.947,115.89,3,1,0,0,0,0,0,0,0,0,0,0,0,0,0,0,0,0,0,0
70,2,291.93,184.36,53.53,107.06,3,1,0,0,0,0,0,0,0,0,0,0,0,0,0,0,0,0,0,0
70,3,587.49,184.03,63.261,126.52,1,1,0,0,0,0,0,0,0,0,0,0,0,0,0,0,0,0,0,0
70,4,700.11,172.8,81.497,162.99,5,1,0,0,0,0,0,0,0,0,0,0,0,0,0,0,0,0,0,0
71,1,256.94,175.51,58.015,116.03,3,1,1,2,0.67384,0.42785,0.064049,0.1281,3,1,285.95,291.54,58.015,116.03,285.95,169.92,401.98,291.54,349.56,349.56
71,2,292.46,184.66,53.586,107.17,3,1,1,2,0.63059,0.41848,0.054116,0.10823,3,1,319.26,291.83,53.586,107.17,319.26,212.09,426.43,291.83,345.42,345.42
71,3,591.57,184.32,63.316,126.63,1,1,2,2,4.2152,0.43306,0.061489,0.12298,1,1,623.23,310.95,63.316,126.63,623.23,749.86,749.86,310.95,374.27,247.64
71,4,696.79,173.15,81.259,162.52,5,1,3,0,-3.3098,-0.097255,-0.22798,-0.45597,5,1,737.42,335.66,81.259,162.52,737.42,574.9,574.9,335.66,254.4,416.92
72,1,257.7,175.36,58.081,116.16,3,1,0,0,0,0,0,0,0,0,0,0,0,0,0,0,0,0,0,0
72,2,293.18,184.51,53.639,107.28,3,1,0,0,0,0,0,0,0,0,0,0,0,0,0,0,0,0,0,0
72,3,595.85,184.18,63.38,126.76,1,1,0,0,0,0,0,0,0,0,0,0,0,0,0,0,0,0,0,0
72,4,693.72,173.05,81.041,162.08,5,1,0,0,0,0,0,0,0,0,0,0,0,0,0,0,0,0,0,0
73,1,257.83,176.3,58.161,116.32,3,1,0,0,0,0,0,0,0,0,0,0,0,0,0,0,0,0,0,0
73,2,293.29,185.47,53.701,107.4,3,1,0,0,0,0,0,0,0,0,0,0,0,0,0,0,0,0,0,0
73,3,599.4,185.13,63.406,126.81,1,1,0,0,0,0,0,0,0,0,0,0,0,0,0,0,0,0,0,0
73,4,689.8,174.06,80.755,161.51,5,1,0,0,0,0,0,0,0,0,0,0,0,0,0,0,0,0,0,0
74,1,258.48,176.6,58.225,116.45,3,1,0,0,0,0,0,0,0,0,0,0,0,0,0,0,0,0,0,0
74,2,293.89,185.78,53.752,107.5,3,1,0,0,0,0,0,0,0,0,0,0,0,0,0,0,0,0,0,0
74,3,603.48,185.45,63.454,126.91,1,1,0,0,0,0,0,0,0,0,0,0,0,0,0,0,0,0,0,0
74,4,686.51,174.42,80.514,161.03,5,1,0,0,0,0,0,0,0,0,0,0,0,0,0,0,0,0,0,0
75,1,259.8,176.11,58.282,116.56,3,1,0,0,0,0,0,0,0,0,0,0,0,0,0,0,0,0,0,0
75,2,295.15,185.3,53.798,107.6,3,1,0,0,0,0,0,0,0,0,0,0,0,0,0,0,0,0,0,0
75,3,608.35,184.96,63.548,127.1,1,1,0,0,0,0,0,0,0,0,0,0,0,0,0,0,0,0,0,0
75,4,684.14,173.98,80.35,160.7,5,1,0,0,0,0,0,0,0,0,0,0,0,0,0,0,0,0,0,0
76,1,261.01,176.12,58.338,116.68,3,1,0,0,0,0,0,0,0,0,0,0,0,0,0,0,0,0,0,0
76,2,296.3,185.32,53.844,107.69,3,1,0,0,0,0,0,0,0,0,0,0,0,0,0,0,0,0,0,0
76,3,613.08,184.98,63.632,127.26,1,1,0,0,0,0,0,0,0,0,0,0,0,0,0,0,0,0,0,0
76,4,681.59,174.04,80.168,160.34,5,1,0,0,0,0,0,0,0,0,0,0,0,0,0,0,0,0,0,0
77,1,261.77,176.33,58.404,116.81,3,1,0,0,0,0,0,0,0,0,0,0,0,0,0,0,0,0,0,0
77,2,297.01,185.55,53.894,107.79,3,1,0,0,0,0,0,0,0,0,0,0,0,0,0,0,0,0,0,0
77,3,617.26,185.21,63.685,127.37,1,1,0,0,0,0,0,0,0,0,0,0,0,0,0,0,0,0,0,0
77,4,678.42,174.32,79.934,159.87,5,1,0,0,0,0,0,0,0,0,0,0,0,0,0,0,0,0,0,0
78,1,262.89,176.24,58.463,116.93,3,1,0,0,0,0,0,0,0,0,0,0,0,0,0,0,0,0,0,0
78,2,298.08,185.47,53.94,107.88,3,1,0,0,0,0,0,0,0,0,0,0,0,0,0,0,0,0,0,0
78,3,621.86,185.13,63.761,127.52,1,1,0,0,0,0,0,0,0,0,0,0,0,0,0,0,0,0,0,0
78,4,675.72,174.28,79.738,159.48,5,1,0,0,0,0,0,0,0,0,0,0,0,0,0,0,0,0,0,0
79,1,264.09,176.02,58.523,117.05,3,1,0,0,0,0,0,0,0,0,0,0,0,0,0,0,0,0,0,0
79,2,299.22,185.26,53.986,107.97,3,1,0,0,0,0,0,0,0,0,0,0,0,0,0,0,0,0,0,0
79,3,626.54,184.91,63.842,127.68,1,1,0,0,0,0,0,0,0,0,0,0,0,0,0,0,0,0,0,0
79,4,673.1,174.11,79.546,159.09,5,1,0,0,0,0,0,0,0,0,0,0,0,0,0,0,0,0,0,0
80,1,265.03,175.99,58.585,117.17,3,1,0,0,0,0,0,0,0,0,0,0,0,0,0,0,0,0,0,0
80,2,300.11,185.23,54.033,108.07,3,1,0,0,0,0,0,0,0,0,0,0,0,0,0,0,0,0,0,0
80,3,630.87,184.89,63.901,127.8,1,1,0,0,0,0,0,0,0,0,0,0,0,0,0,0,0,0,0,0
80,4,670.11,174.13,79.322,158.64,5,1,0,0,0,0,0,0,0,0,0,0,0,0,0,0,0,0,0,0
81,1,266.19,175.62,58.645,117.29,3,1,1,2,1.0304,0.11099,0.0615,0.123,3,1,295.52,292.91,58.645,117.29,295.52,178.23,412.81,292.91,351.56,351.56
81,2,301.21,184.88,54.078,108.16,3,1,1,2,0.97017,0.094397,0.048007,0.096014,3,1,328.25,293.03,54.078,108.16,328.25,220.09,436.4,293.03,347.11,347.11
81,3,635.46,184.53,63.975,127.95,1,1,2,2,4.5008,0.13593,0.069387,0.13877,1,1,667.45,312.48,63.975,127.95,667.45,795.4,795.4,312.48,376.46,248.51
81,4,667.41,173.82,79.119,158.24,5,1,3,0,-2.9528,-0.3726,-0.20749,-0.41497,5,1,706.96,332.06,79.119,158.24,706.96,548.73,548.73,332.06,252.94,411.18
82,1,266.88,175.51,58.717,117.43,3,1,0,0,0,0,0,0,0,0,0,0,0,0,0,0,0,0,0,0
82,2,301.85,184.78,54.131,108.26,3,1,0,0,0,0,0,0,0,0,0,0,0,0,0,0,0,0,0,0
82,3,639.48,184.43,64.018,128.04,1,1,0,0,0,0,0,0,0,0,0,0,0,0,0,0,0,0,0,0
82,4,664.09,173.77,78.871,157.74,5,1,0,0,0,0,0,0,0,0,0,0,0,0,0,0,0,0,0,0
83,1,267.81,175.29,58.787,117.57,3,1,0,0,0,0,0,0,0,0,0,0,0,0,0,0,0,0,0,0
83,2,302.72,184.57,54.182,108.36,3,1,0,0,0,0,0,0,0,0,0,0,0,0,0,0,0,0,0,0
83,3,643.77,184.22,64.077,128.15,1,1,0,0,0,0,0,0,0,0,0,0,0,0,0,0,0,0,0,0
83,4,661.08,173.61,78.647,157.29,5,1,0,0,0,0,0,0,0,0,0,0,0,0,0,0,0,0,0,0
84,1,268.91,175.25,58.852,117.7,3,1,0,0,0,0,0,0,0,0,0,0,0,0,0,0,0,0,0,0
84,2,303.76,184.54,54.229,108.46,3,1,0,0,0,0,0,0,0,0,0,0,0,0,0,0,0,0,0,0
84,3,648.24,184.2,64.145,128.29,1,1,0,0,0,0,0,0,0,0,0,0,0,0,0,0,0,0,0,0
84,4,658.26,173.63,78.434,156.87,5,1,0,0,0,0,0,0,0,0,0,0,0,0,0,0,0,0,0,0
85,1,269.49,174.97,58.932,117.86,3,1,0,0,0,0,0,0,0,0,0,0,0,0,0,0,0,0,0,0
85,2,304.29,184.27,54.287,108.57,3,1,0,0,0,0,0,0,0,0,0,0,0,0,0,0,0,0,0,0
85,3,652.08,183.93,64.179,128.36,1,1,0,0,0,0,0,0,0,0,0,0,0,0,0,0,0,0,0,0
85,4,654.81,173.41,78.177,156.35,5,1,0,0,0,0,0,0,0,0,0,0,0,0,0,0,0,0,0,0
86,1,270.64,174.09,58.997,117.99,3,1,0,0,0,0,0,0,0,0,0,0,0,0,0,0,0,0,0,0
86,2,305.38,183.41,54.334,108.67,3,1,0,0,0,0,0,0,0,0,0,0,0,0,0,0,0,0,0,0
86,3,656.58,183.06,64.248,128.5,1,1,0,0,0,0,0,0,0,0,0,0,0,0,0,0,0,0,0,0
86,4,652.03,172.59,77.965,155.93,5,1,0,0,0,0,0,0,0,0,0,0,0,0,0,0,0,0,0,0
87,1,271.85,173.96,59.062,118.12,3,1,0,0,0,0,0,0,0,0,0,0,0,0,0,0,0,0,0,0
87,2,306.53,183.28,54.38,108.76,3,1,0,0,0,0,0,0,0,0,0,0,0,0,0,0,0,0,0,0
87,3,661.15,182.94,64.32,128.64,1,1,0,0,0,0,0,0,0,0,0,0,0,0,0,0,0,0,0,0
87,4,649.32,172.51,77.756,155.51,5,1,0,0,0,0,0,0,0,0,0,0,0,0,0,0,0,0,0,0
88,1,273,173.97,59.136,118.27,3,1,0,0,0,0,0,0,0,0,0,0,0,0,0,0,0,0,0,0
88,2,307.63,183.31,54.434,108.87,3,1,0,0,0,0,0,0,0,0,0,0,0,0,0,0,0,0,0,0
88,3,665.67,182.96,64.396,128.79,1,1,0,0,0,0,0,0,0,0,0,0,0,0,0,0,0,0,0,0
88,4,646.58,172.59,77.55,155.1,5,1,0,0,0,0,0,0,0,0,0,0,0,0,0,0,0,0,0,0
89,1,274.38,173.35,59.203,118.41,3,1,0,0,0,0,0,0,0,0,0,0,0,0,0,0,0,0,0,0
89,2,308.96,182.7,54.482,108.96,3,1,0,0,0,0,0,0,0,0,0,0,0,0,0,0,0,0,0,0
89,3,670.45,182.35,64.484,128.97,1,1,0,0,0,0,0,0,0,0,0,0,0,0,0,0,0,0,0,0
89,4,644.08,172.01,77.357,154.71,5,1,0,0,0,0,0,0,0,0,0,0,0,0,0,0,0,0,0,0
90,1,275.37,173.23,59.278,118.56,3,1,0,0,0,0,0,0,0,0,0,0,0,0,0,0,0,0,0,0
90,2,309.9,182.6,54.535,109.07,3,1,0,0,0,0,0,0,0,0,0,0,0,0,0,0,0,0,0,0
90,3,674.72,182.25,64.54,129.08,1,1,0,0,0,0,0,0,0,0,0,0,0,0,0,0,0,0,0,0
90,4,641.09,171.96,77.128,154.26,5,1,0,0,0,0,0,0,0,0,0,0,0,0,0,0,0,0,0,0
91,1,276.31,172.59,59.354,118.71,3,1,1,2,1.1074,-0.18259,0.070285,0.14057,3,1,305.99,291.3,59.354,118.71,305.99,187.28,424.7,291.3,350.65,350.65
91,2,310.79,181.96,54.588,109.18,3,1,1,2,1.0428,-0.20979,0.05058,0.10116,3,1,338.09,291.14,54.588,109.18,338.09,228.91,447.26,291.14,345.73,345.73
91,4,638.03,171.38,76.893,153.79,6,1,2,0,-2.9743,-0.70008,-0.21766,-0.43532,5,1,676.47,325.16,76.893,153.79,676.47,522.69,522.69,325.16,248.27,402.06
92,1,277.84,174.07,59.415,118.83,3,1,0,0,0,0,0,0,0,0,0,0,0,0,0,0,0,0,0,0
92,2,312.27,183.46,54.631,109.26,3,1,0,0,0,0,0,0,0,0,0,0,0,0,0,0,0,0,0,0
92,4,635.65,172.91,76.699,153.4,6,1,0,0,0,0,0,0,0,0,0,0,0,0,0,0,0,0,0,0
93,1,278.57,174,59.495,118.99,3,1,0,0,0,0,0,0,0,0,0,0,0,0,0,0,0,0,0,0
93,2,312.96,183.4,54.685,109.37,3,1,0,0,0,0,0,0,0,0,0,0,0,0,0,0,0,0,0,0
93,4,632.31,172.91,76.441,152.88,6,1,0,0,0,0,0,0,0,0,0,0,0,0,0,0,0,0,0,0
94,1,279.61,174.47,59.57,119.14,3,1,0,0,0,0,0,0,0,0,0,0,0,0,0,0,0,0,0,0
94,2,313.96,183.88,54.736,109.47,3,1,0,0,0,0,0,0,0,0,0,0,0,0,0,0,0,0,0,0
94,4,629.35,173.44,76.209,152.42,6,1,0,0,0,0,0,0,0,0,0,0,0,0,0,0,0,0,0,0
95,1,280.58,174.39,59.642,119.28,3,1,0,0,0,0,0,0,0,0,0,0,0,0,0,0,0,0,0,0
95,2,314.9,183.82,54.784,109.57,3,1,0,0,0,0,0,0,0,0,0,0,0,0,0,0,0,0,0,0
95,4,626.28,173.42,75.964,151.93,6,1,0,0,0,0,0,0,0,0,0,0,0,0,0,0,0,0,0,0
96,1,281.79,174.64,59.711,119.42,3,1,0,0,0,0,0,0,0,0,0,0,0,0,0,0,0,0,0,0
96,2,316.08,184.08,54.829,109.66,3,1,0,0,0,0,0,0,0,0,0,0,0,0,0,0,0,0,0,0
96,4,623.49,173.74,75.736,151.47,6,1,0,0,0,0,0,0,0,0,0,0,0,0,0,0,0,0,0,0
97,1,282.75,173.93,59.792,119.58,3,1,0,0,0,0,0,0,0,0,0,0,0,0,0,0,0,0,0,0
97,2,317.02,183.38,54.884,109.77,3,1,0,0,0,0,0,0,0,0,0,0,0,0,0,0,0,0,0,0
97,4,620.44,173.09,75.499,151,6,1,0,0,0,0,0,0,0,0,0,0,0,0,0,0,0,0,0,0
98,1,283.92,173.45,59.867,119.73,3,1,0,0,0,0,0,0,0,0,0,0,0,0,0,0,0,0,0,0
98,2,318.16,182.92,54.936,109.87,3,1,0,0,0,0,0,0,0,0,0,0,0,0,0,0,0,0,0,0
98,4,617.63,172.67,75.274,150.55,6,1,0,0,0,0,0,0,0,0,0,0,0,0,0,0,0,0,0,0
99,1,285.31,173.36,59.935,119.87,3,1,0,0,0,0,0,0,0,0,0,0,0,0,0,0,0,0,0,0
99,2,319.52,182.84,54.981,109.96,3,1,0,0,0,0,0,0,0,0,0,0,0,0,0,0,0,0,0,0
99,4,615.04,172.64,75.057,150.11,6,1,0,0,0,0,0,0,0,0,0,0,0,0,0,0,0,0,0,0
100,1,286.4,173.73,60.009,120.02,3,1,0,0,0,0,0,0,0,0,0,0,0,0,0,0,0,0,0,0
100,2,320.61,183.22,55.029,110.06,3,1,0,0,0,0,0,0,0,0,0,0,0,0,0,0,0,0,0,0
100,4,612.11,173.07,74.818,149.64,6,1,0,0,0,0,0,0,0,0,0,0,0,0,0,0,0,0,0,0
101,1,287.57,173.79,60.086,120.17,2,1,1,2,1.1392,0.066308,0.074056,0.14811,3,1,317.61,293.96,60.086,120.17,317.61,197.44,437.78,293.96,354.05,354.05
101,2,321.77,183.3,55.08,110.16,2,1,1,2,1.1014,0.030617,0.049631,0.099261,3,1,349.31,293.46,55.08,110.16,349.31,239.15,459.47,293.46,348.54,348.54
101,3,722.24,182.95,65.13,130.26,1,1,2,2,0,0,0,0,0,0,0,0,0,0,0,0,0,0,0,0
101,4,609.29,173.2,74.588,149.18,6,1,3,2,-3.0209,-0.48535,-0.23289,-0.46578,6,1,646.58,322.37,74.588,149.18,646.58,646.58,435.62,322.37,216.89,322.37
101,5,108.59,108.16,173.5,346.99,1,1,4,0,0,0,0,0,0,0,0,0,0,0,0,0,0,0,0,0
102,1,289.38,173.92,60.148,120.3,2,1,0,0,0,0,0,0,0,0,0,0,0,0,0,0,0,0,0,0
102,2,323.57,183.43,55.122,110.24,2,1,0,0,0,0,0,0,0,0,0,0,0,0,0,0,0,0,0,0
102,3,727.47,183.08,65.236,130.47,1,1,0,0,0,0,0,0,0,0,0,0,0,0,0,0,0,0,0,0
102,4,607.2,173.37,74.4,148.8,6,1,0,0,0,0,0,0,0,0,0,0,0,0,0,0,0,0,0,0
102,5,119.72,108.83,172.33,344.67,1,1,0,0,0,0,0,0,0,0,0,0,0,0,0,0,0,0,0,0
103,1,290.9,174.13,60.216,120.43,2,1,0,0,0,0,0,0,0,0,0,0,0,0,0,0,0,0,0,0
103,2,325.09,183.66,55.168,110.34,2,1,0,0,0,0,0,0,0,0,0,0,0,0,0,0,0,0,0,0
103,3,732.28,183.31,65.315,130.63,1,1,0,0,0,0,0,0,0,0,0,0,0,0,0,0,0,0,0,0
103,4,604.77,173.65,74.188,148.38,6,1,0,0,0,0,0,0,0,0,0,0,0,0,0,0,0,0,0,0
103,5,130.31,109.57,171.23,342.45,1,1,0,0,0,0,0,0,0,0,0,0,0,0,0,0,0,0,0,0
104,1,292.68,174.22,60.281,120.56,2,1,0,0,0,0,0,0,0,0,0,0,0,0,0,0,0,0,0,0
104,2,326.87,183.77,55.212,110.42,2,1,0,0,0,0,0,0,0,0,0,0,0,0,0,0,0,0,0,0
104,3,737.49,183.4,65.42,130.84,1,1,0,0,0,0,0,0,0,0,0,0,0,0,0,0,0,0,0,0
104,4,602.65,173.79,73.995,147.99,6,1,0,0,0,0,0,0,0,0,0,0,0,0,0,0,0,0,0,0
104,5,141.04,110.18,170.11,340.22,1,1,0,0,0,0,0,0,0,0,0,0,0,0,0,0,0,0,0,0
105,1,294.61,174.37,60.348,120.7,2,1,0,0,0,0,0,0,0,0,0,0,0,0,0,0,0,0,0,0
105,2,328.81,183.93,55.257,110.51,2,1,0,0,0,0,0,0,0,0,0,0,0,0,0,0,0,0,0,0
105,3,742.94,183.56,65.541,131.08,1,1,0,0,0,0,0,0,0,0,0,0,0,0,0,0,0,0,0,0
105,4,600.7,173.99,73.813,147.63,6,1,0,0,0,0,0,0,0,0,0,0,0,0,0,0,0,0,0,0
105,5,151.75,110.86,169,338,1,1,0,0,0,0,0,0,0,0,0,0,0,0,0,0,0,0,0,0
106,1,296.56,174.38,60.411,120.82,2,1,0,0,0,0,0,0,0,0,0,0,0,0,0,0,0,0,0,0
106,2,330.77,183.94,55.3,110.6,2,1,0,0,0,0,0,0,0,0,0,0,0,0,0,0,0,0,0,0
106,3,748.39,183.57,65.66,131.32,1,1,0,0,0,0,0,0,0,0,0,0,0,0,0,0,0,0,0,0
106,4,598.76,174.05,73.626,147.25,6,1,0,0,0,0,0,0,0,0,0,0,0,0,0,0,0,0,0,0
106,5,162.3,111.38,167.9,335.8,1,1,0,0,0,0,0,0,0,0,0,0,0,0,0,0,0,0,0,0
107,1,298.76,174.34,60.476,120.95,2,1,0,0,0,0,0,0,0,0,0,0,0,0,0,0,0,0,0,0
107,2,332.99,183.91,55.346,110.69,2,1,0,0,0,0,0,0,0,0,0,0,0,0,0,0,0,0,0,0
107,3,754.29,183.54,65.813,131.63,1,1,0,0,0,0,0,0,0,0,0,0,0,0,0,0,0,0,0,0
107,4,597.14,174.05,73.462,146.92,6,1,0,0,0,0,0,0,0,0,0,0,0,0,0,0,0,0,0,0
107,5,172.95,111.85,166.81,333.63,1,1,0,0,0,0,0,0,0,0,0,0,0,0,0,0,0,0,0,0
108,1,300.85,174.29,60.54,121.08,2,1,0,0,0,0,0,0,0,0,0,0,0,0,0,0,0,0,0,0
108,2,335.1,183.88,55.389,110.78,2,1,0,0,0,0,0,0,0,0,0,0,0,0,0,0,0,0,0,0
108,3,760,183.5,65.949,131.9,1,1,0,0,0,0,0,0,0,0,0,0,0,0,0,0,0,0,0,0
108,4,595.36,174.06,73.282,146.56,6,1,0,0,0,0,0,0,0,0,0,0,0,0,0,0,0,0,0,0
108,5,183.3,112.32,165.74,331.48,1,1,0,0,0,0,0,0,0,0,0,0,0,0,0,0,0,0,0,0
109,1,301.76,174.3,60.63,121.26,2,1,0,0,0,0,0,0,0,0,0,0,0,0,0,0,0,0,0,0
109,2,336.07,183.9,55.449,110.9,2,1,0,0,0,0,0,0,0,0,0,0,0,0,0,0,0,0,0,0
109,3,763.97,183.52,65.976,131.95,1,1,0,0,0,0,0,0,0,0,0,0,0,0,0,0,0,0,0,0
109,4,592.27,174.13,73.033,146.07,6,1,0,0,0,0,0,0,0,0,0,0,0,0,0,0,0,0,0,0
109,5,192.2,112.77,164.8,329.61,1,1,0,0,0,0,0,0,0,0,0,0,0,0,0,0,0,0,0,0
110,1,301.3,174.14,60.741,121.48,2,1,0,0,0,0,0,0,0,0,0,0,0,0,0,0,0,0,0,0
110,2,335.69,183.76,55.517,111.03,2,1,0,0,0,0,0,0,0,0,0,0,0,0,0,0,0,0,0,0
110,3,765.78,183.39,65.857,131.71,1,1,0,0,0,0,0,0,0,0,0,0,0,0,0,0,0,0,0,0
110,4,587.6,174.06,72.695,145.39,6,1,0,0,0,0,0,0,0,0,0,0,0,0,0,0,0,0,0,0
110,5,199.49,113.02,163.97,327.94,1,1,0,0,0,0,0,0,0,0,0,0,0,0,0,0,0,0,0,0
111,1,300.82,174.19,60.851,121.7,2,1,1,2,1.5044,0.16606,0.075109,0.15022,2,1,331.25,295.89,60.851,121.7,331.25,331.25,503.36,295.89,381.95,295.89
111,2,335.3,183.83,55.585,111.17,2,1,1,2,1.5213,0.12908,0.049928,0.099856,2,1,363.1,295,55.585,111.17,363.1,363.1,520.31,295,373.61,295
111,4,582.94,174.21,72.359,144.72,6,1,3,2,-2.58,-0.35407,-0.2144,-0.4288,6,1,619.12,318.92,72.359,144.72,619.12,619.12,414.46,318.92,216.59,318.92
111,5,206.64,113.49,163.12,326.24,1,1,4,0,9.3455,-1.5656,-1.037,-2.074,1,1,288.2,439.73,163.12,326.24,288.2,614.44,614.44,439.73,602.85,276.61
112,1,301.58,174.45,60.941,121.88,2,1,0,0,0,0,0,0,0,0,0,0,0,0,0,0,0,0,0,0
112,2,336.14,184.11,55.64,111.28,2,1,0,0,0,0,0,0,0,0,0,0,0,0,0,0,0,0,0,0
112,4,579.68,174.53,72.1,144.2,6,1,0,0,0,0,0,0,0,0,0,0,0,0,0,0,0,0,0,0
112,5,214.96,114.2,162.18,324.36,1,1,0,0,0,0,0,0,0,0,0,0,0,0,0,0,0,0,0,0
113,1,302.34,173.97,61.032,122.06,2,1,0,0,0,0,0,0,0,0,0,0,0,0,0,0,0,0,0,0
113,2,336.98,183.64,55.697,111.39,2,1,0,0,0,0,0,0,0,0,0,0,0,0,0,0,0,0,0,0
113,4,576.44,174.12,71.844,143.69,6,1,0,0,0,0,0,0,0,0,0,0,0,0,0,0,0,0,0,0
113,5,223.13,114.16,161.24,322.49,1,1,0,0,0,0,0,0,0,0,0,0,0,0,0,0,0,0,0,0
114,1,303.35,173.66,61.122,122.24,2,1,0,0,0,0,0,0,0,0,0,0,0,0,0,0,0,0,0,0
114,2,338.07,183.36,55.755,111.51,2,1,0,0,0,0,0,0,0,0,0,0,0,0,0,0,0,0,0,0
114,4,573.49,173.89,71.607,143.21,6,1,0,0,0,0,0,0,0,0,0,0,0,0,0,0,0,0,0,0
114,5,231.4,114.31,160.31,320.61,1,1,0,0,0,0,0,0,0,0,0,0,0,0,0,0,0,0,0,0
115,1,304.27,173.75,61.21,122.42,2,1,0,0,0,0,0,0,0,0,0,0,0,0,0,0,0,0,0,0
115,2,339.08,183.46,55.809,111.62,2,1,0,0,0,0,0,0,0,0,0,0,0,0,0,0,0,0,0,0
115,4,570.42,174.04,71.359,142.72,6,1,0,0,0,0,0,0,0,0,0,0,0,0,0,0,0,0,0,0
115,5,239.44,114.84,159.37,318.73,1,1,0,0,0,0,0,0,0,0,0,0,0,0,0,0,0,0,0,0
116,1,304.85,173.83,61.304,122.61,2,1,0,0,0,0,0,0,0,0,0,0,0,0,0,0,0,0,0,0
116,2,339.76,183.55,55.867,111.73,2,1,0,0,0,0,0,0,0,0,0,0,0,0,0,0,0,0,0,0
116,4,566.99,174.19,71.094,142.19,6,1,0,0,0,0,0,0,0,0,0,0,0,0,0,0,0,0,0,0
116,5,246.97,115.37,158.45,316.9,1,1,0,0,0,0,0,0,0,0,0,0,0,0,0,0,0,0,0,0
117,1,305.95,173.86,61.394,122.79,2,1,0,0,0,0,0,0,0,0,0,0,0,0,0,0,0,0,0,0
117,2,340.96,183.6,55.922,111.84,2,1,0,0,0,0,0,0,0,0,0,0,0,0,0,0,0,0,0,0
117,4,564.15,174.29,70.863,141.73,6,1,0,0,0,0,0,0,0,0,0,0,0,0,0,0,0,0,0,0
117,5,254.88,115.84,157.52,315.04,1,1,0,0,0,0,0,0,0,0,0,0,0,0,0,0,0,0,0,0
118,1,307.43,174.09,61.481,122.96,2,1,0,0,0,0,0,0,0,0,0,0,0,0,0,0,0,0,0,0
118,2,342.54,183.85,55.979,111.96,2,1,0,0,0,0,0,0,0,0,0,0,0,0,0,0,0,0,0,0
118,4,561.74,174.58,70.658,141.32,6,1,0,0,0,0,0,0,0,0,0,0,0,0,0,0,0,0,0,0
118,5,263.02,116.53,156.59,313.18,1,1,0,0,0,0,0,0,0,0,0,0,0,0,0,0,0,0,0,0
119,1,309.13,173.92,61.559,123.12,2,1,0,0,0,0,0,0,0,0,0,0,0,0,0,0,0,0,0,0
119,2,344.34,183.7,56.027,112.05,2,1,0,0,0,0,0,0,0,0,0,0,0,0,0,0,0,0,0,0
119,4,559.54,174.47,70.455,140.91,6,1,0,0,0,0,0,0,0,0,0,0,0,0,0,0,0,0,0,0
119,5,271.22,116.81,155.64,311.28,1,1,0,0,0,0,0,0,0,0,0,0,0,0,0,0,0,0,0,0
120,1,310.42,173.91,61.642,123.28,2,1,0,0,0,0,0,0,0,0,0,0,0,0,0,0,0,0,0,0
120,2,345.73,183.69,56.077,112.15,2,1,0,0,0,0,0,0,0,0,0,0,0,0,0,0,0,0,0,0
120,4,556.89,174.52,70.227,140.45,6,1,0,0,0,0,0,0,0,0,0,0,0,0,0,0,0,0,0,0
120,5,278.85,117.24,154.71,309.43,1,1,0,0,0,0,0,0,0,0,0,0,0,0,0,0,0,0,0,0
121,4,554.61,174.47,70.027,140.05,6,1,1,0,-2.9101,-0.42009,-0.23072,-0.46144,6,1,589.62,314.52,70.027,140.05,589.62,589.62,391.56,314.52,215.49,314.52
121,5,286.64,117.56,153.8,307.61,8,1,2,0,7.4915,-1.4394,-0.93137,-1.8627,1,1,363.54,425.17,153.8,307.61,363.54,671.14,671.14,425.17,578.97,271.37
122,4,552.35,174.61,69.825,139.65,6,1,0,0,0,0,0,0,0,0,0,0,0,0,0,0,0,0,0,0
122,5,294.3,118.08,152.9,305.79,8,1,0,0,0,0,0,0,0,0,0,0,0,0,0,0,0,0,0,0
123,4,550.03,174.53,69.624,139.25,6,1,0,0,0,0,0,0,0,0,0,0,0,0,0,0,0,0,0,0
123,5,301.73,118.38,152.01,304.01,8,1,0,0,0,0,0,0,0,0,0,0,0,0,0,0,0,0,0,0
124,4,548.19,174.73,69.442,138.88,6,1,0,0,0,0,0,0,0,0,0,0,0,0,0,0,0,0,0,0
124,5,309.45,118.95,151.11,302.23,8,1,0,0,0,0,0,0,0,0,0,0,0,0,0,0,0,0,0,0
125,4,546.03,174.77,69.247,138.49,6,1,0,0,0,0,0,0,0,0,0,0,0,0,0,0,0,0,0,0
125,5,316.73,119.35,150.24,300.48,8,1,0,0,0,0,0,0,0,0,0,0,0,0,0,0,0,0,0,0
126,4,543.76,174.87,69.046,138.09,6,1,0,0,0,0,0,0,0,0,0,0,0,0,0,0,0,0,0,0
126,5,323.76,119.8,149.37,298.74,8,1,0,0,0,0,0,0,0,0,0,0,0,0,0,0,0,0,0,0
127,4,541.71,175.17,68.861,137.72,6,1,0,0,0,0,0,0,0,0,0,0,0,0,0,0,0,0,0,0
127,5,330.82,120.46,148.52,297.05,8,1,0,0,0,0,0,0,0,0,0,0,0,0,0,0,0,0,0,0
128,4,538.89,175.14,68.641,137.28,6,1,0,0,0,0,0,0,0,0,0,0,0,0,0,0,0,0,0,0
128,5,337.04,120.78,147.68,295.35,8,1,0,0,0,0,0,0,0,0,0,0,0,0,0,0,0,0,0,0
129,4,537.5,174.76,68.483,136.97,6,1,0,0,0,0,0,0,0,0,0,0,0,0,0,0,0,0,0,0
129,5,344.41,120.74,146.85,293.69,8,1,0,0,0,0,0,0,0,0,0,0,0,0,0,0,0,0,0,0
130,4,535.64,174.93,68.312,136.62,6,1,0,0,0,0,0,0,0,0,0,0,0,0,0,0,0,0,0,0
130,5,351.2,121.25,146.04,292.08,8,1,0,0,0,0,0,0,0,0,0,0,0,0,0,0,0,0,0,0
131,1,329.92,173.93,62.626,125.25,3,1,1,2,0,0,0,0,0,0,0,0,0,0,0,0,0,0,0,0
131,2,366.72,183.89,56.701,113.4,2,1,1,2,0,0,0,0,0,0,0,0,0,0,0,0,0,0,0,0
131,4,533.83,175.17,68.135,136.27,6,1,2,0,-2.1815,-0.32136,-0.18907,-0.37815,6,1,567.9,311.44,68.135,136.27,567.9,567.9,375.19,311.44,215.08,311.44
131,5,357.9,121.83,145.22,290.45,8,1,3,0,6.6127,-1.2947,-0.85279,-1.7056,8,1,430.51,412.28,145.22,290.45,430.51,841.26,430.51,412.28,412.28,206.9
132,1,331.73,173.73,62.718,125.44,3,1,0,0,0,0,0,0,0,0,0,0,0,0,0,0,0,0,0,0
132,2,368.68,183.72,56.757,113.51,2,1,0,0,0,0,0,0,0,0,0,0,0,0,0,0,0,0,0,0
132,4,531.76,175.03,67.945,135.89,6,1,0,0,0,0,0,0,0,0,0,0,0,0,0,0,0,0,0,0
132,5,364.23,122.03,144.41,288.81,8,1,0,0,0,0,0,0,0,0,0,0,0,0,0,0,0,0,0,0
133,1,333.32,174.23,62.816,125.63,3,1,0,0,0,0,0,0,0,0,0,0,0,0,0,0,0,0,0,0
133,2,370.44,184.23,56.818,113.64,2,1,0,0,0,0,0,0,0,0,0,0,0,0,0,0,0,0,0,0
133,4,529.47,175.59,67.751,135.5,6,1,0,0,0,0,0,0,0,0,0,0,0,0,0,0,0,0,0,0
133,5,370.2,122.92,143.6,287.21,8,1,0,0,0,0,0,0,0,0,0,0,0,0,0,0,0,0,0,0
134,1,335.54,174.34,62.908,125.82,3,1,0,0,0,0,0,0,0,0,0,0,0,0,0,0,0,0,0,0
134,2,372.82,184.36,56.877,113.75,2,1,0,0,0,0,0,0,0,0,0,0,0,0,0,0,0,0,0,0
134,4,527.84,175.76,67.582,135.16,6,1,0,0,0,0,0,0,0,0,0,0,0,0,0,0,0,0,0,0
134,5,376.65,123.41,142.82,285.63,8,1,0,0,0,0,0,0,0,0,0,0,0,0,0,0,0,0,0,0
135,1,337.54,174.13,63.005,126.01,3,1,0,0,0,0,0,0,0,0,0,0,0,0,0,0,0,0,0,0
135,2,374.99,184.16,56.939,113.88,2,1,0,0,0,0,0,0,0,0,0,0,0,0,0,0,0,0,0,0
135,4,525.99,175.6,67.408,134.82,6,1,0,0,0,0,0,0,0,0,0,0,0,0,0,0,0,0,0,0
135,5,382.75,123.58,142.04,284.08,8,1,0,0,0,0,0,0,0,0,0,0,0,0,0,0,0,0,0,0
136,1,339.72,173.88,63.104,126.21,3,1,0,0,0,0,0,0,0,0,0,0,0,0,0,0,0,0,0,0
136,2,377.34,183.93,57.003,114.01,2,1,0,0,0,0,0,0,0,0,0,0,0,0,0,0,0,0,0,0
136,4,524.33,175.4,67.243,134.49,6,1,0,0,0,0,0,0,0,0,0,0,0,0,0,0,0,0,0,0
136,5,388.88,123.7,141.28,282.56,8,1,0,0,0,0,0,0,0,0,0,0,0,0,0,0,0,0,0,0
137,1,341.81,174.37,63.199,126.4,3,1,0,0,0,0,0,0,0,0,0,0,0,0,0,0,0,0,0,0
137,2,379.6,184.44,57.064,114.13,2,1,0,0,0,0,0,0,0,0,0,0,0,0,0,0,0,0,0,0
137,4,522.56,175.95,67.069,134.14,6,1,0,0,0,0,0,0,0,0,0,0,0,0,0,0,0,0,0,0
137,5,394.79,124.56,140.52,281.04,8,1,0,0,0,0,0,0,0,0,0,0,0,0,0,0,0,0,0,0
138,1,343.98,173.98,63.296,126.59,3,1,0,0,0,0,0,0,0,0,0,0,0,0,0,0,0,0,0,0
138,2,381.94,184.06,57.126,114.25,2,1,0,0,0,0,0,0,0,0,0,0,0,0,0,0,0,0,0,0
138,4,520.88,175.61,66.899,133.8,6,1,0,0,0,0,0,0,0,0,0,0,0,0,0,0,0,0,0,0
138,5,400.64,124.54,139.77,279.53,8,1,0,0,0,0,0,0,0,0,0,0,0,0,0,0,0,0,0,0
139,1,345.8,174.1,63.401,126.8,3,1,0,0,0,0,0,0,0,0,0,0,0,0,0,0,0,0,0,0
139,2,383.94,184.2,57.193,114.39,2,1,0,0,0,0,0,0,0,0,0,0,0,0,0,0,0,0,0,0
139,4,518.84,175.79,66.722,133.44,6,1,0,0,0,0,0,0,0,0,0,0,0,0,0,0,0,0,0,0
139,5,406.02,125.02,139.02,278.05,8,1,0,0,0,0,0,0,0,0,0,0,0,0,0,0,0,0,0,0
140,1,347.55,173.69,63.509,127.02,3,1,0,0,0,0,0,0,0,0,0,0,0,0,0,0,0,0,0,0
140,2,385.87,183.81,57.262,114.52,2,1,0,0,0,0,0,0,0,0,0,0,0,0,0,0,0,0,0,0
140,4,516.72,175.44,66.545,133.09,6,1,0,0,0,0,0,0,0,0,0,0,0,0,0,0,0,0,0,0
140,5,411.19,124.97,138.29,276.57,8,1,0,0,0,0,0,0,0,0,0,0,0,0,0,0,0,0,0,0
141,1,349.65,174.02,63.614,127.23,2,1,1,2,2.0712,0.1833,0.099135,0.19827,3,1,381.46,301.25,63.614,127.23,381.46,254.23,508.69,301.25,364.86,364.86
141,2,388.16,184.16,57.331,114.66,2,1,1,2,2.2258,0.12983,0.063473,0.12695,2,1,416.82,298.82,57.331,114.66,416.82,416.82,578.98,298.82,379.9,298.82
141,4,514.97,175.83,66.38,132.76,6,1,2,0,-1.9199,-0.30436,-0.17288,-0.34576,6,1,548.16,308.59,66.38,132.76,548.16,548.16,360.41,308.59,214.71,308.59
141,5,416.59,125.66,137.57,275.13,8,1,3,0,5.4666,-1.1633,-0.75964,-1.5193,8,1,485.37,400.79,137.57,275.13,485.37,874.47,485.37,400.79,400.79,206.24
142,1,351.87,173.78,63.721,127.44,2,1,0,0,0,0,0,0,0,0,0,0,0,0,0,0,0,0,0,0
142,2,390.55,183.94,57.402,114.8,2,1,0,0,0,0,0,0,0,0,0,0,0,0,0,0,0,0,0,0
142,4,513.34,175.65,66.221,132.44,6,1,0,0,0,0,0,0,0,0,0,0,0,0,0,0,0,0,0,0
142,5,421.97,125.77,136.86,273.72,8,1,0,0,0,0,0,0,0,0,0,0,0,0,0,0,0,0,0,0
143,1,353.8,173.96,63.829,127.66,2,1,0,0,0,0,0,0,0,0,0,0,0,0,0,0,0,0,0,0
143,2,392.68,184.15,57.471,114.94,2,1,0,0,0,0,0,0,0,0,0,0,0,0,0,0,0,0,0,0
143,4,511.41,175.89,66.051,132.1,6,1,0,0,0,0,0,0,0,0,0,0,0,0,0,0,0,0,0,0
143,5,426.94,126.3,136.15,272.3,8,1,0,0,0,0,0,0,0,0,0,0,0,0,0,0,0,0,0,0
144,1,355.97,174.18,63.934,127.87,2,1,0,0,0,0,0,0,0,0,0,0,0,0,0,0,0,0,0,0
144,2,395.02,184.38,57.54,115.08,2,1,0,0,0,0,0,0,0,0,0,0,0,0,0,0,0,0,0,0
144,4,509.71,176.16,65.886,131.77,6,1,0,0,0,0,0,0,0,0,0,0,0,0,0,0,0,0,0,0
144,5,432.01,126.86,135.44,270.89,8,1,0,0,0,0,0,0,0,0,0,0,0,0,0,0,0,0,0,0
145,1,357.62,174.16,64.048,128.1,2,1,0,0,0,0,0,0,0,0,0,0,0,0,0,0,0,0,0,0
145,2,396.86,184.38,57.613,115.23,2,1,0,0,0,0,0,0,0,0,0,0,0,0,0,0,0,0,0,0
145,4,507.48,176.2,65.711,131.42,6,1,0,0,0,0,0,0,0,0,0,0,0,0,0,0,0,0,0,0
145,5,436.44,127.19,134.74,269.47,8,1,0,0,0,0,0,0,0,0,0,0,0,0,0,0,0,0,0,0
146,1,359.37,174.06,64.156,128.31,2,1,0,0,0,0,0,0,0,0,0,0,0,0,0,0,0,0,0,0
146,2,398.79,184.3,57.68,115.36,2,1,0,0,0,0,0,0,0,0,0,0,0,0,0,0,0,0,0,0
146,4,505.33,176.16,65.532,131.06,6,1,0,0,0,0,0,0,0,0,0,0,0,0,0,0,0,0,0,0
146,5,440.84,127.45,134.02,268.05,8,1,0,0,0,0,0,0,0,0,0,0,0,0,0,0,0,0,0,0
147,1,361.22,174.31,64.267,128.53,2,1,0,0,0,0,0,0,0,0,0,0,0,0,0,0,0,0,0,0
147,2,400.83,184.57,57.753,115.51,2,1,0,0,0,0,0,0,0,0,0,0,0,0,0,0,0,0,0,0
147,4,503.3,176.47,65.363,130.73,6,1,0,0,0,0,0,0,0,0,0,0,0,0,0,0,0,0,0,0
147,5,445.21,128.04,133.33,266.66,8,1,0,0,0,0,0,0,0,0,0,0,0,0,0,0,0,0,0,0
148,1,363.08,174.51,64.378,128.76,2,1,0,0,0,0,0,0,0,0,0,0,0,0,0,0,0,0,0,0
148,2,402.87,184.79,57.824,115.65,2,1,0,0,0,0,0,0,0,0,0,0,0,0,0,0,0,0,0,0
148,4,501.27,176.72,65.193,130.39,6,1,0,0,0,0,0,0,0,0,0,0,0,0,0,0,0,0,0,0
148,5,449.47,128.58,132.64,265.28,8,1,0,0,0,0,0,0,0,0,0,0,0,0,0,0,0,0,0,0
149,1,364.93,174.53,64.495,128.99,2,1,0,0,0,0,0,0,0,0,0,0,0,0,0,0,0,0,0,0
149,2,404.91,184.83,57.901,115.8,2,1,0,0,0,0,0,0,0,0,0,0,0,0,0,0,0,0,0,0
149,4,499.23,176.81,65.029,130.06,6,1,0,0,0,0,0,0,0,0,0,0,0,0,0,0,0,0,0,0
149,5,453.6,128.94,131.97,263.93,8,1,0,0,0,0,0,0,0,0,0,0,0,0,0,0,0,0,0,0
150,1,367.12,174.25,64.607,129.21,2,1,0,0,0,0,0,0,0,0,0,0,0,0,0,0,0,0,0,0
150,2,407.27,184.57,57.976,115.95,2,1,0,0,0,0,0,0,0,0,0,0,0,0,0,0,0,0,0,0
150,4,497.54,176.58,64.871,129.74,6,1,0,0,0,0,0,0,0,0,0,0,0,0,0,0,0,0,0,0
150,5,457.94,128.99,131.31,262.61,8,1,0,0,0,0,0,0,0,0,0,0,0,0,0,0,0,0,0,0
151,1,368.96,173.95,64.724,129.45,2,1,1,2,1.9353,0.26295,0.11143,0.22287,2,1,401.32,303.4,64.724,129.45,401.32,401.32,584.39,303.4,394.93,303.4
151,2,409.29,184.29,58.053,116.11,2,1,1,2,2.0985,0.20449,0.072199,0.1444,2,1,438.32,300.4,58.053,116.11,438.32,438.32,602.52,300.4,382.5,300.4
151,5,461.81,129.02,130.64,261.28,7,1,2,0,4.0595,-1.0019,-0.69249,-1.385,8,1,527.13,390.3,130.64,261.28,527.13,896.63,527.13,390.3,390.3,205.55
151,6,337.17,182.99,53,106,2,1,3,0,0,0,0,0,0,0,0,0,0,0,0,0,0,0,0,0
152,1,370.88,174.4,64.842,129.68,2,1,0,0,0,0,0,0,0,0,0,0,0,0,0,0,0,0,0,0
152,2,411.39,184.76,58.132,116.26,2,1,0,0,0,0,0,0,0,0,0,0,0,0,0,0,0,0,0,0
152,5,465.64,129.8,129.98,259.96,7,1,0,0,0,0,0,0,0,0,0,0,0,0,0,0,0,0,0,0
152,6,338.15,183.45,53.07,106.14,2,1,0,0,0,0,0,0,0,0,0,0,0,0,0,0,0,0,0,0
153,1,372.59,174.72,64.963,129.93,2,1,0,0,0,0,0,0,0,0,0,0,0,0,0,0,0,0,0,0
153,2,413.27,185.11,58.212,116.42,2,1,0,0,0,0,0,0,0,0,0,0,0,0,0,0,0,0,0,0
153,5,469.13,130.45,129.32,258.64,7,1,0,0,0,0,0,0,0,0,0,0,0,0,0,0,0,0,0,0
153,6,338.91,183.8,53.144,106.29,2,1,0,0,0,0,0,0,0,0,0,0,0,0,0,0,0,0,0,0
154,1,374.67,175.94,65.087,130.17,2,1,0,0,0,0,0,0,0,0,0,0,0,0,0,0,0,0,0,0
154,2,415.53,186.35,58.297,116.59,2,1,0,0,0,0,0,0,0,0,0,0,0,0,0,0,0,0,0,0
154,5,472.89,131.99,128.69,257.39,7,1,0,0,0,0,0,0,0,0,0,0,0,0,0,0,0,0,0,0
154,6,340.04,185.04,53.217,106.43,2,1,0,0,0,0,0,0,0,0,0,0,0,0,0,0,0,0,0,0
155,1,376.67,175.65,65.208,130.42,2,1,0,0,0,0,0,0,0,0,0,0,0,0,0,0,0,0,0,0
155,2,417.71,186.08,58.38,116.76,2,1,0,0,0,0,0,0,0,0,0,0,0,0,0,0,0,0,0,0
155,5,476.45,132.02,128.06,256.12,7,1,0,0,0,0,0,0,0,0,0,0,0,0,0,0,0,0,0,0
155,6,341.09,184.77,53.288,106.58,2,1,0,0,0,0,0,0,0,0,0,0,0,0,0,0,0,0,0,0
156,1,378.2,175.89,65.329,130.66,2,1,0,0,0,0,0,0,0,0,0,0,0,0,0,0,0,0,0,0
156,2,419.4,186.34,58.458,116.92,2,1,0,0,0,0,0,0,0,0,0,0,0,0,0,0,0,0,0,0
156,5,479.4,132.59,127.4,254.79,7,1,0,0,0,0,0,0,0,0,0,0,0,0,0,0,0,0,0,0
156,6,341.65,185.03,53.362,106.72,2,1,0,0,0,0,0,0,0,0,0,0,0,0,0,0,0,0,0,0
157,1,380.03,175.69,65.45,130.9,2,1,0,0,0,0,0,0,0,0,0,0,0,0,0,0,0,0,0,0
157,2,421.41,186.16,58.54,117.08,2,1,0,0,0,0,0,0,0,0,0,0,0,0,0,0,0,0,0,0
157,5,482.54,132.71,126.76,253.52,7,1,0,0,0,0,0,0,0,0,0,0,0,0,0,0,0,0,0,0
157,6,342.52,184.85,53.434,106.87,2,1,0,0,0,0,0,0,0,0,0,0,0,0,0,0,0,0,0,0
158,1,381.93,176,65.571,131.14,2,1,0,0,0,0,0,0,0,0,0,0,0,0,0,0,0,0,0,0
158,2,423.46,186.49,58.622,117.24,2,1,0,0,0,0,0,0,0,0,0,0,0,0,0,0,0,0,0,0
158,5,485.63,133.33,126.13,252.25,7,1,0,0,0,0,0,0,0,0,0,0,0,0,0,0,0,0,0,0
158,6,343.44,185.17,53.504,107.01,2,1,0,0,0,0,0,0,0,0,0,0,0,0,0,0,0,0,0,0
159,1,383.48,175.32,65.695,131.39,2,1,0,0,0,0,0,0,0,0,0,0,0,0,0,0,0,0,0,0
159,2,425.18,185.83,58.704,117.41,2,1,0,0,0,0,0,0,0,0,0,0,0,0,0,0,0,0,0,0
159,5,488.25,132.97,125.48,250.96,7,1,0,0,0,0,0,0,0,0,0,0,0,0,0,0,0,0,0,0
159,6,344.02,184.51,53.58,107.16,2,1,0,0,0,0,0,0,0,0,0,0,0,0,0,0,0,0,0,0
160,1,385.67,175.63,65.821,131.64,2,1,0,0,0,0,0,0,0,0,0,0,0,0,0,0,0,0,0,0
160,2,427.53,186.17,58.793,117.59,2,1,0,0,0,0,0,0,0,0,0,0,0,0,0,0,0,0,0,0
160,5,491.42,133.59,124.89,249.77,7,1,0,0,0,0,0,0,0,0,0,0,0,0,0,0,0,0,0,0
160,6,345.23,184.85,53.651,107.3,2,1,0,0,0,0,0,0,0,0,0,0,0,0,0,0,0,0,0,0
161,1,387.4,174.92,65.951,131.9,2,1,1,2,1.891,0.29864,0.12265,0.2453,2,1,420.37,306.82,65.951,131.9,420.37,420.37,606.91,306.82,400.09,306.82
161,2,429.41,185.48,58.882,117.76,2,1,1,2,2.0378,0.24082,0.082868,0.16574,2,1,458.85,303.25,58.882,117.76,458.85,458.85,625.4,303.25,386.52,303.25
161,4,474.6,177.9,63.143,126.29,7,1,2,2,0,0,0,0,0,0,0,0,0,0,0,0,0,0,0,0
161,5,494,133.2,124.27,248.54,7,1,3,0,2.8257,-0.89914,-0.63614,-1.2723,7,1,556.14,381.73,124.27,248.54,556.14,804.67,307.6,381.73,257.46,257.46
161,6,345.97,184.16,53.728,107.46,2,1,4,0,0.90003,0.21905,0.072755,0.14551,2,1,372.84,291.62,53.728,107.46,372.84,372.84,524.8,291.62,367.6,291.62
162,1,389.28,175.43,66.079,132.16,2,1,0,0,0,0,0,0,0,0,0,0,0,0,0,0,0,0,0,0
162,2,431.45,186.01,58.972,117.94,2,1,0,0,0,0,0,0,0,0,0,0,0,0,0,0,0,0,0,0
162,4,472.52,178.46,62.995,125.99,7,1,0,0,0,0,0,0,0,0,0,0,0,0,0,0,0,0,0,0
162,5,496.63,134.01,123.66,247.33,7,1,0,0,0,0,0,0,0,0,0,0,0,0,0,0,0,0,0,0
162,6,346.86,184.69,53.803,107.61,2,1,0,0,0,0,0,0,0,0,0,0,0,0,0,0,0,0,0,0
163,1,391.35,175.17,66.211,132.42,2,1,0,0,0,0,0,0,0,0,0,0,0,0,0,0,0,0,0,0
163,2,433.67,185.78,59.067,118.13,2,1,0,0,0,0,0,0,0,0,0,0,0,0,0,0,0,0,0,0
163,4,470.62,178.26,62.855,125.71,7,1,0,0,0,0,0,0,0,0,0,0,0,0,0,0,0,0,0,0
163,5,499.35,134.05,123.08,246.16,7,1,0,0,0,0,0,0,0,0,0,0,0,0,0,0,0,0,0,0
163,6,347.94,184.45,53.878,107.76,2,1,0,0,0,0,0,0,0,0,0,0,0,0,0,0,0,0,0,0
164,1,393.5,175.26,66.342,132.68,2,1,0,0,0,0,0,0,0,0,0,0,0,0,0,0,0,0,0,0
164,2,435.96,185.89,59.161,118.32,2,1,0,0,0,0,0,0,0,0,0,0,0,0,0,0,0,0,0,0
164,4,468.78,178.41,62.714,125.43,7,1,0,0,0,0,0,0,0,0,0,0,0,0,0,0,0,0,0,0
164,5,502.03,134.44,122.5,245,7,1,0,0,0,0,0,0,0,0,0,0,0,0,0,0,0,0,0,0
164,6,349.09,184.57,53.95,107.9,2,1,0,0,0,0,0,0,0,0,0,0,0,0,0,0,0,0,0,0
165,1,395.34,175.68,66.472,132.94,2,1,0,0,0,0,0,0,0,0,0,0,0,0,0,0,0,0,0,0
165,2,437.94,186.33,59.253,118.51,2,1,0,0,0,0,0,0,0,0,0,0,0,0,0,0,0,0,0,0
165,4,466.63,178.89,62.569,125.14,7,1,0,0,0,0,0,0,0,0,0,0,0,0,0,0,0,0,0,0
165,5,504.29,135.16,121.9,243.81,7,1,0,0,0,0,0,0,0,0,0,0,0,0,0,0,0,0,0,0
165,6,349.93,185.01,54.025,108.05,2,1,0,0,0,0,0,0,0,0,0,0,0,0,0,0,0,0,0,0
166,1,397.07,175.61,66.603,133.21,2,1,0,0,0,0,0,0,0,0,0,0,0,0,0,0,0,0,0,0
166,2,439.81,186.28,59.343,118.69,2,1,0,0,0,0,0,0,0,0,0,0,0,0,0,0,0,0,0,0
166,4,464.34,178.87,62.42,124.84,7,1,0,0,0,0,0,0,0,0,0,0,0,0,0,0,0,0,0,0
166,5,506.31,135.39,121.3,242.6,7,1,0,0,0,0,0,0,0,0,0,0,0,0,0,0,0,0,0,0
166,6,350.65,184.95,54.101,108.2,2,1,0,0,0,0,0,0,0,0,0,0,0,0,0,0,0,0,0,0
167,1,399.36,175.98,66.739,133.48,2,1,0,0,0,0,0,0,0,0,0,0,0,0,0,0,0,0,0,0
167,2,442.23,186.68,59.444,118.89,2,1,0,0,0,0,0,0,0,0,0,0,0,0,0,0,0,0,0,0
167,4,462.63,179.3,62.287,124.57,7,1,0,0,0,0,0,0,0,0,0,0,0,0,0,0,0,0,0,0
167,5,508.82,136.05,120.75,241.5,7,1,0,0,0,0,0,0,0,0,0,0,0,0,0,0,0,0,0,0
167,6,351.93,185.35,54.174,108.35,2,1,0,0,0,0,0,0,0,0,0,0,0,0,0,0,0,0,0,0
168,1,400.94,176.82,66.866,133.73,2,1,0,0,0,0,0,0,0,0,0,0,0,0,0,0,0,0,0,0
168,2,443.93,187.54,59.532,119.06,2,1,0,0,0,0,0,0,0,0,0,0,0,0,0,0,0,0,0,0
168,4,460.16,180.21,62.135,124.27,7,1,0,0,0,0,0,0,0,0,0,0,0,0,0,0,0,0,0,0
168,5,510.46,137.2,120.14,240.28,7,1,0,0,0,0,0,0,0,0,0,0,0,0,0,0,0,0,0,0
168,6,352.49,186.22,54.248,108.5,2,1,0,0,0,0,0,0,0,0,0,0,0,0,0,0,0,0,0,0
169,1,403.92,176.99,67.009,134.02,2,1,0,0,0,0,0,0,0,0,0,0,0,0,0,0,0,0,0,0
169,2,447.05,187.73,59.647,119.29,2,1,0,0,0,0,0,0,0,0,0,0,0,0,0,0,0,0,0,0
169,4,459.13,180.43,62.017,124.03,7,1,0,0,0,0,0,0,0,0,0,0,0,0,0,0,0,0,0,0
169,5,513.51,137.62,119.65,239.3,7,1,0,0,0,0,0,0,0,0,0,0,0,0,0,0,0,0,0,0
169,6,354.46,186.41,54.317,108.63,2,1,0,0,0,0,0,0,0,0,0,0,0,0,0,0,0,0,0,0
170,1,405.57,176.7,67.142,134.28,2,1,0,0,0,0,0,0,0,0,0,0,0,0,0,0,0,0,0,0
170,2,448.81,187.47,59.74,119.48,2,1,0,0,0,0,0,0,0,0,0,0,0,0,0,0,0,0,0,0
170,4,456.73,180.2,61.87,123.74,7,1,0,0,0,0,0,0,0,0,0,0,0,0,0,0,0,0,0,0
170,5,515.02,137.64,119.06,238.12,7,1,0,0,0,0,0,0,0,0,0,0,0,0,0,0,0,0,0,0
170,6,355.09,186.14,54.394,108.79,2,1,0,0,0,0,0,0,0,0,0,0,0,0,0,0,0,0,0,0
171,1,407.35,177.72,67.277,134.55,3,1,1,2,2.0868,0.53135,0.13305,0.2661,2,1,440.99,312.27,67.277,134.55,440.99,440.99,631.27,312.27,407.42,312.27
171,2,450.7,188.51,59.836,119.67,3,1,1,2,2.2005,0.48057,0.09611,0.19222,2,1,480.62,308.18,59.836,119.67,480.62,480.62,649.86,308.18,392.8,308.18
171,5,516.56,138.95,118.48,236.97,7,1,2,0,1.9399,-0.59034,-0.57486,-1.1497,7,1,575.8,375.91,118.48,236.97,575.8,812.77,338.84,375.91,257.43,257.43
171,6,355.84,187.18,54.469,108.94,3,1,3,0,1.0476,0.43546,0.073865,0.14773,2,1,383.08,296.12,54.469,108.94,383.08,383.08,537.14,296.12,373.15,296.12
172,1,408.88,177.43,67.409,134.82,3,1,0,0,0,0,0,0,0,0,0,0,0,0,0,0,0,0,0,0
172,2,452.33,188.24,59.929,119.86,3,1,0,0,0,0,0,0,0,0,0,0,0,0,0,0,0,0,0,0
172,5,517.74,138.96,117.89,235.78,7,1,0,0,0,0,0,0,0,0,0,0,0,0,0,0,0,0,0,0
172,6,356.35,186.91,54.546,109.09,3,1,0,0,0,0,0,0,0,0,0,0,0,0,0,0,0,0,0,0
173,1,411.25,177.57,67.555,135.11,3,1,0,0,0,0,0,0,0,0,0,0,0,0,0,0,0,0,0,0
173,2,454.8,188.41,60.041,120.08,3,1,0,0,0,0,0,0,0,0,0,0,0,0,0,0,0,0,0,0
173,5,519.71,139.38,117.37,234.75,7,1,0,0,0,0,0,0,0,0,0,0,0,0,0,0,0,0,0,0
173,6,357.68,187.09,54.622,109.24,3,1,0,0,0,0,0,0,0,0,0,0,0,0,0,0,0,0,0,0
174,1,413.56,177.54,67.698,135.4,3,1,0,0,0,0,0,0,0,0,0,0,0,0,0,0,0,0,0,0
174,2,457.22,188.41,60.151,120.3,3,1,0,0,0,0,0,0,0,0,0,0,0,0,0,0,0,0,0,0
174,5,521.52,139.62,116.85,233.71,7,1,0,0,0,0,0,0,0,0,0,0,0,0,0,0,0,0,0,0
174,6,358.96,187.08,54.696,109.39,3,1,0,0,0,0,0,0,0,0,0,0,0,0,0,0,0,0,0,0
175,1,416.08,176.55,67.845,135.69,3,1,0,0,0,0,0,0,0,0,0,0,0,0,0,0,0,0,0,0
175,2,459.83,187.44,60.267,120.53,3,1,0,0,0,0,0,0,0,0,0,0,0,0,0,0,0,0,0,0
175,5,523.45,138.89,116.35,232.7,7,1,0,0,0,0,0,0,0,0,0,0,0,0,0,0,0,0,0,0
175,6,360.45,186.12,54.769,109.54,3,1,0,0,0,0,0,0,0,0,0,0,0,0,0,0,0,0,0,0
176,1,417.83,177.09,67.986,135.97,3,1,0,0,0,0,0,0,0,0,0,0,0,0,0,0,0,0,0,0
176,2,461.66,188.01,60.37,120.74,3,1,0,0,0,0,0,0,0,0,0,0,0,0,0,0,0,0,0,0
176,5,524.46,139.72,115.8,231.59,7,1,0,0,0,0,0,0,0,0,0,0,0,0,0,0,0,0,0,0
176,6,361.16,186.68,54.847,109.69,3,1,0,0,0,0,0,0,0,0,0,0,0,0,0,0,0,0,0,0
177,1,420.18,177.07,68.133,136.27,3,1,0,0,0,0,0,0,0,0,0,0,0,0,0,0,0,0,0,0
177,2,464.1,188.01,60.485,120.97,3,1,0,0,0,0,0,0,0,0,0,0,0,0,0,0,0,0,0,0
177,5,526.02,139.96,115.29,230.58,7,1,0,0,0,0,0,0,0,0,0,0,0,0,0,0,0,0,0,0
177,6,362.47,186.68,54.921,109.84,3,1,0,0,0,0,0,0,0,0,0,0,0,0,0,0,0,0,0,0
178,1,422.47,177.16,68.282,136.56,3,1,0,0,0,0,0,0,0,0,0,0,0,0,0,0,0,0,0,0
178,2,466.46,188.12,60.602,121.2,3,1,0,0,0,0,0,0,0,0,0,0,0,0,0,0,0,0,0,0
178,5,527.4,140.32,114.78,229.56,7,1,0,0,0,0,0,0,0,0,0,0,0,0,0,0,0,0,0,0
178,6,363.71,186.8,54.997,109.99,3,1,0,0,0,0,0,0,0,0,0,0,0,0,0,0,0,0,0,0
179,1,424.92,177.21,68.439,136.88,3,1,0,0,0,0,0,0,0,0,0,0,0,0,0,0,0,0,0,0
179,2,468.98,188.19,60.728,121.46,3,1,0,0,0,0,0,0,0,0,0,0,0,0,0,0,0,0,0,0
179,5,528.88,140.62,114.3,228.6,7,1,0,0,0,0,0,0,0,0,0,0,0,0,0,0,0,0,0,0
179,6,365.1,186.87,55.076,110.15,3,1,0,0,0,0,0,0,0,0,0,0,0,0,0,0,0,0,0,0
180,1,427.03,177.34,68.591,137.18,3,1,0,0,0,0,0,0,0,0,0,0,0,0,0,0,0,0,0,0
180,2,471.15,188.35,60.846,121.69,3,1,0,0,0,0,0,0,0,0,0,0,0,0,0,0,0,0,0,0
180,5,529.89,141.02,113.79,227.58,7,1,0,0,0,0,0,0,0,0,0,0,0,0,0,0,0,0,0,0
180,6,366.16,187.03,55.155,110.31,3,1,0,0,0,0,0,0,0,0,0,0,0,0,0,0,0,0,0,0
181,1,429.28,177.37,68.748,137.5,3,1,1,2,2.331,0.28434,0.14828,0.29656,3,1,463.66,314.87,68.748,137.5,463.66,326.16,601.15,314.87,383.62,383.62
181,2,473.46,188.41,60.971,121.94,3,1,1,2,2.3947,0.24345,0.11529,0.23057,3,1,503.94,310.36,60.971,121.94,503.94,382,625.88,310.36,371.33,371.33
181,5,530.95,141.32,113.3,226.6,7,1,2,0,1.2013,-0.76626,-0.51125,-1.0225,7,1,587.6,367.92,113.3,226.6,587.6,814.2,361.01,367.92,254.62,254.62
181,6,367.36,187.09,55.235,110.47,3,1,3,0,1.2516,0.16621,0.076353,0.15271,3,1,394.98,297.56,55.235,110.47,394.98,284.51,505.45,297.56,352.8,352.8
182,1,431.54,177.4,68.901,137.8,3,1,0,0,0,0,0,0,0,0,0,0,0,0,0,0,0,0,0,0
182,2,475.76,188.46,61.093,122.19,3,1,0,0,0,0,0,0,0,0,0,0,0,0,0,0,0,0,0,0
182,5,531.93,141.6,112.8,225.6,7,1,0,0,0,0,0,0,0,0,0,0,0,0,0,0,0,0,0,0
182,6,368.56,187.14,55.311,110.62,3,1,0,0,0,0,0,0,0,0,0,0,0,0,0,0,0,0,0,0
183,1,433.59,178.3,69.055,138.11,3,1,0,0,0,0,0,0,0,0,0,0,0,0,0,0,0,0,0,0
183,2,477.84,189.39,61.214,122.43,3,1,0,0,0,0,0,0,0,0,0,0,0,0,0,0,0,0,0,0
183,5,532.58,142.77,112.3,224.59,7,1,0,0,0,0,0,0,0,0,0,0,0,0,0,0,0,0,0,0
183,6,369.55,188.07,55.39,110.78,3,1,0,0,0,0,0,0,0,0,0,0,0,0,0,0,0,0,0,0
184,1,435.53,178.36,69.2,138.4,3,1,0,0,0,0,0,0,0,0,0,0,0,0,0,0,0,0,0,0
184,2,479.8,189.47,61.327,122.65,3,1,0,0,0,0,0,0,0,0,0,0,0,0,0,0,0,0,0,0
184,5,533.01,143.1,111.77,223.55,7,1,0,0,0,0,0,0,0,0,0,0,0,0,0,0,0,0,0,0
184,6,370.44,188.15,55.464,110.93,3,1,0,0,0,0,0,0,0,0,0,0,0,0,0,0,0,0,0,0
185,1,437.58,178.34,69.354,138.71,3,1,0,0,0,0,0,0,0,0,0,0,0,0,0,0,0,0,0,0
185,2,481.88,189.48,61.45,122.9,3,1,0,0,0,0,0,0,0,0,0,0,0,0,0,0,0,0,0,0
185,5,533.49,143.36,111.27,222.55,7,1,0,0,0,0,0,0,0,0,0,0,0,0,0,0,0,0,0,0
185,6,371.44,188.17,55.541,111.08,3,1,0,0,0,0,0,0,0,0,0,0,0,0,0,0,0,0,0,0
186,1,439.85,178.17,69.513,139.03,3,1,0,0,0,0,0,0,0,0,0,0,0,0,0,0,0,0,0,0
186,2,484.16,189.34,61.579,123.16,3,1,0,0,0,0,0,0,0,0,0,0,0,0,0,0,0,0,0,0
186,5,534.11,143.44,110.79,221.58,7,1,0,0,0,0,0,0,0,0,0,0,0,0,0,0,0,0,0,0
186,6,372.64,188.02,55.619,111.24,3,1,0,0,0,0,0,0,0,0,0,0,0,0,0,0,0,0,0,0
187,1,442.67,176.66,69.689,139.38,3,1,0,0,0,0,0,0,0,0,0,0,0,0,0,0,0,0,0,0
187,2,487.01,187.85,61.729,123.46,3,1,0,0,0,0,0,0,0,0,0,0,0,0,0,0,0,0,0,0
187,5,535.24,142.16,110.36,220.72,7,1,0,0,0,0,0,0,0,0,0,0,0,0,0,0,0,0,0,0
187,6,374.39,186.54,55.699,111.4,3,1,0,0,0,0,0,0,0,0,0,0,0,0,0,0,0,0,0,0
188,1,445.08,176.92,69.851,139.7,3,1,0,0,0,0,0,0,0,0,0,0,0,0,0,0,0,0,0,0
188,2,489.42,188.14,61.864,123.73,3,1,0,0,0,0,0,0,0,0,0,0,0,0,0,0,0,0,0,0
188,5,535.83,142.68,109.89,219.79,7,1,0,0,0,0,0,0,0,0,0,0,0,0,0,0,0,0,0,0
188,6,375.73,186.83,55.776,111.55,3,1,0,0,0,0,0,0,0,0,0,0,0,0,0,0,0,0,0,0
189,1,447.35,176.99,70.019,140.04,3,1,0,0,0,0,0,0,0,0,0,0,0,0,0,0,0,0,0,0
189,2,491.69,188.24,62.002,124,3,1,0,0,0,0,0,0,0,0,0,0,0,0,0,0,0,0,0,0
189,5,536.19,143,109.43,218.85,7,1,0,0,0,0,0,0,0,0,0,0,0,0,0,0,0,0,0,0
189,6,376.93,186.93,55.857,111.71,3,1,0,0,0,0,0,0,0,0,0,0,0,0,0,0,0,0,0,0
190,1,449.54,177.31,70.185,140.37,3,1,0,0,0,0,0,0,0,0,0,0,0,0,0,0,0,0,0,0
190,2,493.87,188.59,62.139,124.28,3,1,0,0,0,0,0,0,0,0,0,0,0,0,0,0,0,0,0,0
190,5,536.37,143.58,108.95,217.91,7,1,0,0,0,0,0,0,0,0,0,0,0,0,0,0,0,0,0,0
190,6,378.04,187.28,55.938,111.88,3,1,0,0,0,0,0,0,0,0,0,0,0,0,0,0,0,0,0,0
191,1,452.29,175.59,70.366,140.73,3,1,1,2,2.402,0.10879,0.16277,0.32554,3,1,487.48,316.32,70.366,140.73,487.48,346.75,628.21,316.32,386.69,386.69
191,2,496.63,186.9,62.295,124.59,3,1,1,2,2.4,0.077672,0.13372,0.26744,3,1,527.77,311.49,62.295,124.59,527.77,403.18,652.36,311.49,373.78,373.78
191,5,537.08,142.09,108.53,217.06,7,1,2,0,0.35021,-0.90953,-0.47369,-0.94737,7,1,591.34,359.15,108.53,217.06,591.34,808.4,374.28,359.15,250.62,250.62
191,6,379.72,185.59,56.02,112.04,3,1,3,0,1.2933,-0.030828,0.078551,0.1571,3,1,407.73,297.63,56.02,112.04,407.73,295.69,519.76,297.63,353.65,353.65
192,1,455.13,175.76,70.547,141.09,3,1,0,0,0,0,0,0,0,0,0,0,0,0,0,0,0,0,0,0
192,2,499.46,187.1,62.452,124.9,3,1,0,0,0,0,0,0,0,0,0,0,0,0,0,0,0,0,0,0
192,5,537.78,142.5,108.11,216.22,7,1,0,0,0,0,0,0,0,0,0,0,0,0,0,0,0,0,0,0
192,6,381.47,185.8,56.099,112.2,3,1,0,0,0,0,0,0,0,0,0,0,0,0,0,0,0,0,0,0
193,1,457.85,175.28,70.737,141.47,3,1,0,0,0,0,0,0,0,0,0,0,0,0,0,0,0,0,0,0
193,2,502.17,186.65,62.616,125.23,3,1,0,0,0,0,0,0,0,0,0,0,0,0,0,0,0,0,0,0
193,5,538.29,142.25,107.69,215.39,7,1,0,0,0,0,0,0,0,0,0,0,0,0,0,0,0,0,0,0
193,6,383.09,185.35,56.187,112.37,3,1,0,0,0,0,0,0,0,0,0,0,0,0,0,0,0,0,0,0
194,1,459.97,176.5,70.906,141.81,3,1,0,0,0,0,0,0,0,0,0,0,0,0,0,0,0,0,0,0
194,2,504.25,187.89,62.756,125.51,3,1,0,0,0,0,0,0,0,0,0,0,0,0,0,0,0,0,0,0
194,5,538.06,143.72,107.22,214.45,7,1,0,0,0,0,0,0,0,0,0,0,0,0,0,0,0,0,0,0
194,6,384.13,186.6,56.267,112.53,3,1,0,0,0,0,0,0,0,0,0,0,0,0,0,0,0,0,0,0
195,1,462.57,177.1,71.088,142.18,3,1,0,0,0,0,0,0,0,0,0,0,0,0,0,0,0,0,0,0
195,2,506.82,188.52,62.913,125.83,3,1,0,0,0,0,0,0,0,0,0,0,0,0,0,0,0,0,0,0
195,5,538.26,144.56,106.79,213.58,7,1,0,0,0,0,0,0,0,0,0,0,0,0,0,0,0,0,0,0
195,6,385.64,187.23,56.349,112.7,3,1,0,0,0,0,0,0,0,0,0,0,0,0,0,0,0,0,0,0
196,1,465.4,176.99,71.274,142.55,3,1,0,0,0,0,0,0,0,0,0,0,0,0,0,0,0,0,0,0
196,2,509.62,188.44,63.075,126.15,3,1,0,0,0,0,0,0,0,0,0,0,0,0,0,0,0,0,0,0
196,5,538.63,144.69,106.37,212.74,7,1,0,0,0,0,0,0,0,0,0,0,0,0,0,0,0,0,0,0
196,6,387.37,187.16,56.427,112.85,3,1,0,0,0,0,0,0,0,0,0,0,0,0,0,0,0,0,0,0
197,1,467.69,176.58,71.452,142.9,3,1,0,0,0,0,0,0,0,0,0,0,0,0,0,0,0,0,0,0
197,2,511.86,188.07,63.226,126.45,3,1,0,0,0,0,0,0,0,0,0,0,0,0,0,0,0,0,0,0
197,5,538.34,144.53,105.92,211.84,7,1,0,0,0,0,0,0,0,0,0,0,0,0,0,0,0,0,0,0
197,6,388.57,186.78,56.51,113.02,3,1,0,0,0,0,0,0,0,0,0,0,0,0,0,0,0,0,0,0
198,1,470.43,176.27,71.646,143.29,3,1,0,0,0,0,0,0,0,0,0,0,0,0,0,0,0,0,0,0
198,2,514.56,187.79,63.395,126.79,3,1,0,0,0,0,0,0,0,0,0,0,0,0,0,0,0,0,0,0
198,5,538.45,144.45,105.51,211.02,7,1,0,0,0,0,0,0,0,0,0,0,0,0,0,0,0,0,0,0
198,6,390.2,186.51,56.595,113.19,3,1,0,0,0,0,0,0,0,0,0,0,0,0,0,0,0,0,0,0
199,1,472.83,176.05,71.828,143.66,3,1,0,0,0,0,0,0,0,0,0,0,0,0,0,0,0,0,0,0
199,2,516.9,187.59,63.551,127.1,3,1,0,0,0,0,0,0,0,0,0,0,0,0,0,0,0,0,0,0
199,5,538.13,144.47,105.07,210.14,7,1,0,0,0,0,0,0,0,0,0,0,0,0,0,0,0,0,0,0
199,6,391.51,186.32,56.676,113.35,3,1,0,0,0,0,0,0,0,0,0,0,0,0,0,0,0,0,0,0
200,1,475.54,175.65,72.024,144.05,3,1,0,0,0,0,0,0,0,0,0,0,0,0,0,0,0,0,0,0
200,2,519.57,187.23,63.722,127.44,3,1,0,0,0,0,0,0,0,0,0,0,0,0,0,0,0,0,0,0
200,5,538.07,144.31,104.66,209.32,7,1,0,0,0,0,0,0,0,0,0,0,0,0,0,0,0,0,0,0
200,6,393.11,185.95,56.762,113.52,3,1,0,0,0,0,0,0,0,0,0,0,0,0,0,0,0,0,0,0
201,1,478.35,174.94,72.226,144.45,3,1,1,2,2.6556,0.31047,0.18537,0.37075,3,1,514.47,319.39,72.226,144.45,514.47,370.01,658.92,319.39,391.62,391.62
201,2,522.35,186.55,63.899,127.8,7,1,1,2,2.6045,0.28913,0.15963,0.31926,3,1,554.3,314.35,63.899,127.8,554.3,426.5,682.1,314.35,378.25,378.25
201,5,538.05,143.83,104.26,208.52,7,1,2,0,-0.20647,-0.68049,-0.43001,-0.86002,7,1,590.17,352.35,104.26,208.52,590.17,798.69,381.66,352.35,248.09,248.09
201,6,394.81,185.28,56.848,113.7,3,1,3,0,1.5078,0.13855,0.082628,0.16526,3,1,423.23,298.98,56.848,113.7,423.23,309.54,536.93,298.98,355.83,355.83
202,1,481.09,175.41,72.423,144.85,3,1,0,0,0,0,0,0,0,0,0,0,0,0,0,0,0,0,0,0
202,2,525.04,187.05,64.072,128.14,7,1,0,0,0,0,0,0,0,0,0,0,0,0,0,0,0,0,0,0
202,5,537.86,144.53,103.85,207.7,7,1,0,0,0,0,0,0,0,0,0,0,0,0,0,0,0,0,0,0
202,6,396.44,185.79,56.932,113.86,3,1,0,0,0,0,0,0,0,0,0,0,0,0,0,0,0,0,0,0
203,1,483.85,175.72,72.627,145.25,3,1,0,0,0,0,0,0,0,0,0,0,0,0,0,0,0,0,0,0
203,2,527.75,187.39,64.25,128.5,7,1,0,0,0,0,0,0,0,0,0,0,0,0,0,0,0,0,0,0
203,5,537.63,145.07,103.45,206.89,7,1,0,0,0,0,0,0,0,0,0,0,0,0,0,0,0,0,0,0
203,6,398.08,186.13,57.019,114.04,3,1,0,0,0,0,0,0,0,0,0,0,0,0,0,0,0,0,0,0
204,1,487.09,175.73,72.85,145.7,3,1,0,0,0,0,0,0,0,0,0,0,0,0,0,0,0,0,0,0
204,2,530.97,187.44,64.451,128.9,7,1,0,0,0,0,0,0,0,0,0,0,0,0,0,0,0,0,0,0
204,5,537.85,145.3,103.08,206.17,7,1,0,0,0,0,0,0,0,0,0,0,0,0,0,0,0,0,0,0
204,6,400.19,186.19,57.11,114.22,3,1,0,0,0,0,0,0,0,0,0,0,0,0,0,0,0,0,0,0
205,1,490.06,175.28,73.065,146.13,3,1,0,0,0,0,0,0,0,0,0,0,0,0,0,0,0,0,0,0
205,2,533.89,187.02,64.642,129.28,7,1,0,0,0,0,0,0,0,0,0,0,0,0,0,0,0,0,0,0
205,5,537.7,145.07,102.7,205.4,7,1,0,0,0,0,0,0,0,0,0,0,0,0,0,0,0,0,0,0
205,6,402.02,185.77,57.201,114.4,3,1,0,0,0,0,0,0,0,0,0,0,0,0,0,0,0,0,0,0
206,1,493.06,176.1,73.283,146.57,3,1,0,0,0,0,0,0,0,0,0,0,0,0,0,0,0,0,0,0
206,2,536.86,187.88,64.835,129.67,7,1,0,0,0,0,0,0,0,0,0,0,0,0,0,0,0,0,0,0
206,5,537.52,146.12,102.32,204.64,7,1,0,0,0,0,0,0,0,0,0,0,0,0,0,0,0,0,0,0
206,6,403.89,186.63,57.291,114.58,3,1,0,0,0,0,0,0,0,0,0,0,0,0,0,0,0,0,0,0
207,1,495.77,176.34,73.485,146.97,3,1,0,0,0,0,0,0,0,0,0,0,0,0,0,0,0,0,0,0
207,2,539.51,188.15,65.012,130.02,7,1,0,0,0,0,0,0,0,0,0,0,0,0,0,0,0,0,0,0
207,5,536.97,146.6,101.91,203.82,7,1,0,0,0,0,0,0,0,0,0,0,0,0,0,0,0,0,0,0
207,6,405.49,186.91,57.373,114.75,3,1,0,0,0,0,0,0,0,0,0,0,0,0,0,0,0,0,0,0
208,1,498.97,175.98,73.714,147.43,3,1,0,0,0,0,0,0,0,0,0,0,0,0,0,0,0,0,0,0
208,2,542.69,187.83,65.217,130.43,7,1,0,0,0,0,0,0,0,0,0,0,0,0,0,0,0,0,0,0
208,5,536.88,146.46,101.55,203.09,7,1,0,0,0,0,0,0,0,0,0,0,0,0,0,0,0,0,0,0
208,6,407.55,186.6,57.466,114.93,3,1,0,0,0,0,0,0,0,0,0,0,0,0,0,0,0,0,0,0
209,1,502.02,175.29,73.943,147.89,3,1,0,0,0,0,0,0,0,0,0,0,0,0,0,0,0,0,0,0
209,2,545.7,187.17,65.42,130.84,7,1,0,0,0,0,0,0,0,0,0,0,0,0,0,0,0,0,0,0
209,5,536.56,145.99,101.18,202.35,7,1,0,0,0,0,0,0,0,0,0,0,0,0,0,0,0,0,0,0
209,6,409.46,185.95,57.56,115.12,3,1,0,0,0,0,0,0,0,0,0,0,0,0,0,0,0,0,0,0
210,1,504.98,175.02,74.168,148.34,3,1,0,0,0,0,0,0,0,0,0,0,0,0,0,0,0,0,0,0
210,2,548.62,186.94,65.62,131.24,7,1,0,0,0,0,0,0,0,0,0,0,0,0,0,0,0,0,0,0
210,5,536.09,145.94,100.8,201.59,7,1,0,0,0,0,0,0,0,0,0,0,0,0,0,0,0,0,0,0
210,6,411.29,185.72,57.652,115.3,3,1,0,0,0,0,0,0,0,0,0,0,0,0,0,0,0,0,0,0
211,1,508.12,175.36,74.399,148.8,2,1,1,2,3.1112,0.40682,0.21937,0.43873,3,1,545.32,324.15,74.399,148.8,545.32,396.52,694.12,324.15,398.55,398.55
211,5,535.75,146.5,100.43,200.86,7,1,2,0,-0.42847,-0.56757,-0.38025,-0.7605,7,1,585.96,347.36,100.43,200.86,585.96,786.82,385.11,347.36,246.93,246.93
211,6,413.29,186.1,57.744,115.49,2,1,3,0,1.9157,0.18881,0.090068,0.18014,3,1,442.16,301.59,57.744,115.49,442.16,326.68,557.65,301.59,359.33,359.33
212,1,511.06,174.75,74.628,149.26,2,1,0,0,0,0,0,0,0,0,0,0,0,0,0,0,0,0,0,0
212,5,535.15,146.12,100.05,200.1,7,1,0,0,0,0,0,0,0,0,0,0,0,0,0,0,0,0,0,0
212,6,415.1,185.54,57.836,115.67,2,1,0,0,0,0,0,0,0,0,0,0,0,0,0,0,0,0,0,0
213,1,513.97,175.34,74.857,149.71,2,1,0,0,0,0,0,0,0,0,0,0,0,0,0,0,0,0,0,0
213,5,534.46,146.94,99.671,199.34,7,1,0,0,0,0,0,0,0,0,0,0,0,0,0,0,0,0,0,0
213,6,416.88,186.17,57.93,115.86,2,1,0,0,0,0,0,0,0,0,0,0,0,0,0,0,0,0,0,0
214,1,516.53,174.67,75.069,150.14,2,1,0,0,0,0,0,0,0,0,0,0,0,0,0,0,0,0,0,0
214,5,533.35,146.51,99.263,198.53,7,1,0,0,0,0,0,0,0,0,0,0,0,0,0,0,0,0,0,0
214,6,418.34,185.54,58.017,116.03,2,1,0,0,0,0,0,0,0,0,0,0,0,0,0,0,0,0,0,0
215,1,519.65,174.32,75.312,150.62,2,1,0,0,0,0,0,0,0,0,0,0,0,0,0,0,0,0,0,0
215,5,532.78,146.38,98.902,197.8,7,1,0,0,0,0,0,0,0,0,0,0,0,0,0,0,0,0,0,0
215,6,420.33,185.24,58.113,116.23,2,1,0,0,0,0,0,0,0,0,0,0,0,0,0,0,0,0,0,0
216,1,522.78,174.44,75.549,151.1,2,1,0,0,0,0,0,0,0,0,0,0,0,0,0,0,0,0,0,0
216,5,532.16,146.72,98.533,197.07,7,1,0,0,0,0,0,0,0,0,0,0,0,0,0,0,0,0,0,0
216,6,422.33,185.4,58.204,116.41,2,1,0,0,0,0,0,0,0,0,0,0,0,0,0,0,0,0,0,0
217,1,525.56,174.41,75.782,151.56,2,1,0,0,0,0,0,0,0,0,0,0,0,0,0,0,0,0,0,0
217,5,531.15,146.91,98.153,196.31,7,1,0,0,0,0,0,0,0,0,0,0,0,0,0,0,0,0,0,0
217,6,424,185.41,58.298,116.6,2,1,0,0,0,0,0,0,0,0,0,0,0,0,0,0,0,0,0,0
218,1,528.6,173.59,76.021,152.04,2,1,0,0,0,0,0,0,0,0,0,0,0,0,0,0,0,0,0,0
218,5,530.36,146.32,97.783,195.57,7,1,0,0,0,0,0,0,0,0,0,0,0,0,0,0,0,0,0,0
218,6,425.93,184.64,58.391,116.78,2,1,0,0,0,0,0,0,0,0,0,0,0,0,0,0,0,0,0,0
219,1,531.67,173.87,76.271,152.54,2,1,0,0,0,0,0,0,0,0,0,0,0,0,0,0,0,0,0,0
219,5,529.55,146.82,97.424,194.85,7,1,0,0,0,0,0,0,0,0,0,0,0,0,0,0,0,0,0,0
219,6,427.88,184.96,58.489,116.98,2,1,0,0,0,0,0,0,0,0,0,0,0,0,0,0,0,0,0,0
220,1,534.98,173.57,76.528,153.06,2,1,0,0,0,0,0,0,0,0,0,0,0,0,0,0,0,0,0,0
220,5,528.95,146.74,97.074,194.15,7,1,0,0,0,0,0,0,0,0,0,0,0,0,0,0,0,0,0,0
220,6,430.06,184.71,58.585,117.17,2,1,0,0,0,0,0,0,0,0,0,0,0,0,0,0,0,0,0,0
221,2,581.46,185.86,67.918,135.84,2,1,1,2,0,0,0,0,0,0,0,0,0,0,0,0,0,0,0,0
221,4,356.73,180.41,55.815,111.63,6,1,2,2,0,0,0,0,0,0,0,0,0,0,0,0,0,0,0,0
221,5,528.05,146.91,96.718,193.44,6,1,3,0,-0.97133,-0.69637,-0.37029,-0.74058,7,1,576.41,340.35,96.718,193.44,576.41,769.84,382.97,340.35,243.63,243.63
221,6,432.01,184.7,58.685,117.37,2,1,4,0,1.9298,0.052031,0.093983,0.18797,2,1,461.36,302.07,58.685,117.37,461.36,461.36,627.34,302.07,385.06,302.07
222,2,584.4,185.84,68.126,136.25,2,1,0,0,0,0,0,0,0,0,0,0,0,0,0,0,0,0,0,0
222,4,354.48,180.43,55.702,111.4,6,1,0,0,0,0,0,0,0,0,0,0,0,0,0,0,0,0,0,0
222,5,526.99,147.08,96.343,192.69,6,1,0,0,0,0,0,0,0,0,0,0,0,0,0,0,0,0,0,0
222,6,433.87,184.69,58.775,117.55,2,1,0,0,0,0,0,0,0,0,0,0,0,0,0,0,0,0,0,0
223,2,587.5,185.72,68.347,136.69,2,1,0,0,0,0,0,0,0,0,0,0,0,0,0,0,0,0,0,0
223,4,352.32,180.35,55.592,111.18,6,1,0,0,0,0,0,0,0,0,0,0,0,0,0,0,0,0,0,0
223,5,526.03,147.14,95.984,191.97,6,1,0,0,0,0,0,0,0,0,0,0,0,0,0,0,0,0,0,0
223,6,435.84,184.58,58.87,117.74,2,1,0,0,0,0,0,0,0,0,0,0,0,0,0,0,0,0,0,0
224,2,590.63,185.77,68.568,137.14,2,1,0,0,0,0,0,0,0,0,0,0,0,0,0,0,0,0,0,0
224,4,350.17,180.44,55.48,110.96,6,1,0,0,0,0,0,0,0,0,0,0,0,0,0,0,0,0,0,0
224,5,525.07,147.38,95.625,191.25,6,1,0,0,0,0,0,0,0,0,0,0,0,0,0,0,0,0,0,0
224,6,437.87,184.64,58.965,117.93,2,1,0,0,0,0,0,0,0,0,0,0,0,0,0,0,0,0,0,0
225,2,593.91,185.64,68.801,137.6,2,1,0,0,0,0,0,0,0,0,0,0,0,0,0,0,0,0,0,0
225,4,348.11,180.35,55.371,110.74,6,1,0,0,0,0,0,0,0,0,0,0,0,0,0,0,0,0,0,0
225,5,524.2,147.42,95.28,190.56,6,1,0,0,0,0,0,0,0,0,0,0,0,0,0,0,0,0,0,0
225,6,440,184.51,59.065,118.13,2,1,0,0,0,0,0,0,0,0,0,0,0,0,0,0,0,0,0,0
226,2,596.96,185.9,69.021,138.04,2,1,0,0,0,0,0,0,0,0,0,0,0,0,0,0,0,0,0,0
226,4,345.82,180.64,55.261,110.52,6,1,0,0,0,0,0,0,0,0,0,0,0,0,0,0,0,0,0,0
226,5,523.07,147.86,94.92,189.84,6,1,0,0,0,0,0,0,0,0,0,0,0,0,0,0,0,0,0,0
226,6,441.94,184.78,59.159,118.32,2,1,0,0,0,0,0,0,0,0,0,0,0,0,0,0,0,0,0,0
227,2,600.04,185.92,69.244,138.49,2,1,0,0,0,0,0,0,0,0,0,0,0,0,0,0,0,0,0,0
227,4,343.53,180.7,55.153,110.31,6,1,0,0,0,0,0,0,0,0,0,0,0,0,0,0,0,0,0,0
227,5,521.94,148.06,94.564,189.13,6,1,0,0,0,0,0,0,0,0,0,0,0,0,0,0,0,0,0,0
227,6,443.9,184.8,59.255,118.51,2,1,0,0,0,0,0,0,0,0,0,0,0,0,0,0,0,0,0,0
228,2,603.4,185.73,69.481,138.96,2,1,0,0,0,0,0,0,0,0,0,0,0,0,0,0,0,0,0,0
228,4,341.46,180.55,55.041,110.08,6,1,0,0,0,0,0,0,0,0,0,0,0,0,0,0,0,0,0,0
228,5,521.04,148.05,94.222,188.44,6,1,0,0,0,0,0,0,0,0,0,0,0,0,0,0,0,0,0,0
228,6,446.11,184.62,59.355,118.71,2,1,0,0,0,0,0,0,0,0,0,0,0,0,0,0,0,0,0,0
229,2,606.45,185.85,69.701,139.4,2,1,0,0,0,0,0,0,0,0,0,0,0,0,0,0,0,0,0,0
229,4,339.1,180.71,54.931,109.86,6,1,0,0,0,0,0,0,0,0,0,0,0,0,0,0,0,0,0,0
229,5,519.82,148.35,93.862,187.72,6,1,0,0,0,0,0,0,0,0,0,0,0,0,0,0,0,0,0,0
229,6,448.06,184.75,59.448,118.9,2,1,0,0,0,0,0,0,0,0,0,0,0,0,0,0,0,0,0,0
230,2,609.48,185.94,69.918,139.84,2,1,0,0,0,0,0,0,0,0,0,0,0,0,0,0,0,0,0,0
230,4,336.7,180.84,54.818,109.64,6,1,0,0,0,0,0,0,0,0,0,0,0,0,0,0,0,0,0,0
230,5,518.55,148.62,93.499,187,6,1,0,0,0,0,0,0,0,0,0,0,0,0,0,0,0,0,0,0
230,6,450,184.85,59.539,119.08,2,1,0,0,0,0,0,0,0,0,0,0,0,0,0,0,0,0,0,0
231,1,569.23,173.2,79.406,158.81,2,1,1,2,0,0,0,0,0,0,0,0,0,0,0,0,0,0,0,0
231,2,613.22,185.97,70.18,140.36,2,1,1,2,3.2878,0.4737,0.22672,0.45344,2,1,648.31,326.33,70.18,140.36,648.31,648.31,846.81,326.33,425.58,326.33
231,4,334.86,180.91,54.705,109.41,6,1,2,2,-2.2588,-0.16137,-0.11048,-0.22095,6,1,362.21,290.32,54.705,109.41,362.21,362.21,207.48,290.32,212.96,290.32
231,5,517.89,148.82,93.18,186.36,7,1,3,0,-1.2134,-0.50572,-0.35277,-0.70555,6,1,564.48,335.18,93.18,186.36,564.48,564.48,300.93,335.18,203.4,335.18
231,6,452.53,184.88,59.645,119.29,2,1,4,0,2.0988,0.22009,0.096311,0.19262,2,1,482.35,304.17,59.645,119.29,482.35,482.35,651.06,304.17,388.53,304.17
232,1,572.36,173.57,79.683,159.37,2,1,0,0,0,0,0,0,0,0,0,0,0,0,0,0,0,0,0,0
232,2,616.46,186.38,70.415,140.83,2,1,0,0,0,0,0,0,0,0,0,0,0,0,0,0,0,0,0,0
232,4,332.57,181.37,54.596,109.19,6,1,0,0,0,0,0,0,0,0,0,0,0,0,0,0,0,0,0,0
232,5,516.75,149.41,92.836,185.67,7,1,0,0,0,0,0,0,0,0,0,0,0,0,0,0,0,0,0,0
232,6,454.64,185.31,59.744,119.49,2,1,0,0,0,0,0,0,0,0,0,0,0,0,0,0,0,0,0,0
233,1,576.03,173.63,79.996,159.99,2,1,0,0,0,0,0,0,0,0,0,0,0,0,0,0,0,0,0,0
233,2,620.29,186.5,70.685,141.37,2,1,0,0,0,0,0,0,0,0,0,0,0,0,0,0,0,0,0,0
233,4,330.73,181.53,54.483,108.97,6,1,0,0,0,0,0,0,0,0,0,0,0,0,0,0,0,0,0,0
233,5,516.1,149.69,92.523,185.05,7,1,0,0,0,0,0,0,0,0,0,0,0,0,0,0,0,0,0,0
233,6,457.24,185.43,59.854,119.71,2,1,0,0,0,0,0,0,0,0,0,0,0,0,0,0,0,0,0,0
234,1,579.06,173.65,80.273,160.55,2,1,0,0,0,0,0,0,0,0,0,0,0,0,0,0,0,0,0,0
234,2,623.45,186.56,70.918,141.84,2,1,0,0,0,0,0,0,0,0,0,0,0,0,0,0,0,0,0,0
234,4,328.3,181.63,54.376,108.75,6,1,0,0,0,0,0,0,0,0,0,0,0,0,0,0,0,0,0,0
234,5,514.82,149.93,92.178,184.36,7,1,0,0,0,0,0,0,0,0,0,0,0,0,0,0,0,0,0,0
234,6,459.27,185.5,59.953,119.91,2,1,0,0,0,0,0,0,0,0,0,0,0,0,0,0,0,0,0,0
235,1,582.03,173.74,80.545,161.09,2,1,0,0,0,0,0,0,0,0,0,0,0,0,0,0,0,0,0,0
235,2,626.55,186.7,71.145,142.29,2,1,0,0,0,0,0,0,0,0,0,0,0,0,0,0,0,0,0,0
235,4,325.81,181.8,54.268,108.54,6,1,0,0,0,0,0,0,0,0,0,0,0,0,0,0,0,0,0,0
235,5,513.48,150.24,91.828,183.66,7,1,0,0,0,0,0,0,0,0,0,0,0,0,0,0,0,0,0,0
235,6,461.27,185.64,60.049,120.1,2,1,0,0,0,0,0,0,0,0,0,0,0,0,0,0,0,0,0,0
236,1,585.1,174.1,80.828,161.66,2,1,0,0,0,0,0,0,0,0,0,0,0,0,0,0,0,0,0,0
236,2,629.76,187.1,71.38,142.76,2,1,0,0,0,0,0,0,0,0,0,0,0,0,0,0,0,0,0,0
236,4,323.38,182.25,54.161,108.32,6,1,0,0,0,0,0,0,0,0,0,0,0,0,0,0,0,0,0,0
236,5,512.21,150.82,91.488,182.98,7,1,0,0,0,0,0,0,0,0,0,0,0,0,0,0,0,0,0,0
236,6,463.36,186.06,60.149,120.3,2,1,0,0,0,0,0,0,0,0,0,0,0,0,0,0,0,0,0,0
237,1,588.4,174.17,81.124,162.25,2,1,0,0,0,0,0,0,0,0,0,0,0,0,0,0,0,0,0,0
237,2,633.24,187.22,71.629,143.26,2,1,0,0,0,0,0,0,0,0,0,0,0,0,0,0,0,0,0,0
237,4,321.16,182.41,54.048,108.1,6,1,0,0,0,0,0,0,0,0,0,0,0,0,0,0,0,0,0,0
237,5,511.14,151.12,91.156,182.31,7,1,0,0,0,0,0,0,0,0,0,0,0,0,0,0,0,0,0,0
237,6,465.67,186.19,60.25,120.5,2,1,0,0,0,0,0,0,0,0,0,0,0,0,0,0,0,0,0,0
238,1,591.79,174.01,81.436,162.87,2,1,0,0,0,0,0,0,0,0,0,0,0,0,0,0,0,0,0,0
238,2,636.83,187.11,71.892,143.78,2,1,0,0,0,0,0,0,0,0,0,0,0,0,0,0,0,0,0,0
238,4,318.97,182.34,53.941,107.88,6,1,0,0,0,0,0,0,0,0,0,0,0,0,0,0,0,0,0,0
238,5,510.14,151.17,90.838,181.68,7,1,0,0,0,0,0,0,0,0,0,0,0,0,0,0,0,0,0,0
238,6,468.06,186.08,60.36,120.72,2,1,0,0,0,0,0,0,0,0,0,0,0,0,0,0,0,0,0,0
239,1,594.67,174.29,81.711,163.42,2,1,0,0,0,0,0,0,0,0,0,0,0,0,0,0,0,0,0,0
239,2,639.87,187.44,72.115,144.23,2,1,0,0,0,0,0,0,0,0,0,0,0,0,0,0,0,0,0,0
239,4,316.34,182.71,53.833,107.67,6,1,0,0,0,0,0,0,0,0,0,0,0,0,0,0,0,0,0,0
239,5,508.65,151.68,90.49,180.98,7,1,0,0,0,0,0,0,0,0,0,0,0,0,0,0,0,0,0,0
239,6,470.02,186.42,60.455,120.91,2,1,0,0,0,0,0,0,0,0,0,0,0,0,0,0,0,0,0,0
240,1,598.35,174.31,82.039,164.08,2,1,0,0,0,0,0,0,0,0,0,0,0,0,0,0,0,0,0,0
240,2,643.78,187.51,72.393,144.79,2,1,0,0,0,0,0,0,0,0,0,0,0,0,0,0,0,0,0,0
240,4,314.38,182.82,53.717,107.43,6,1,0,0,0,0,0,0,0,0,0,0,0,0,0,0,0,0,0,0
240,5,507.88,151.91,90.18,180.36,7,1,0,0,0,0,0,0,0,0,0,0,0,0,0,0,0,0,0,0
240,6,472.68,186.5,60.566,121.13,2,1,0,0,0,0,0,0,0,0,0,0,0,0,0,0,0,0,0,0
241,1,601.59,174.02,82.341,164.68,2,1,1,2,3.3587,0.66447,0.29322,0.58644,2,1,642.76,338.7,82.341,164.68,642.76,642.76,875.66,338.7,455.15,338.7
241,2,647.23,187.27,72.642,145.28,2,1,1,2,3.5024,0.61681,0.24527,0.49053,2,1,683.55,332.55,72.642,145.28,683.55,683.55,889.01,332.55,435.29,332.55
241,4,312.03,182.62,53.606,107.21,6,1,2,2,-2.3687,-0.052238,-0.10957,-0.21914,6,1,338.83,289.84,53.606,107.21,338.83,338.83,187.21,289.84,214.03,289.84
241,5,506.69,151.84,89.851,179.7,7,1,3,0,-1.3186,-0.3684,-0.33342,-0.66684,7,1,551.62,331.54,89.851,179.7,551.62,731.32,371.92,331.54,241.69,241.69
241,6,474.97,186.27,60.669,121.34,2,1,4,0,2.2778,0.33857,0.10213,0.20425,2,1,505.3,307.6,60.669,121.34,505.3,505.3,676.9,307.6,393.4,307.6
242,1,605.21,173.92,82.676,165.35,2,1,0,0,0,0,0,0,0,0,0,0,0,0,0,0,0,0,0,0
242,2,651.09,187.23,72.922,145.84,2,1,0,0,0,0,0,0,0,0,0,0,0,0,0,0,0,0,0,0
242,4,309.96,182.63,53.495,106.99,6,1,0,0,0,0,0,0,0,0,0,0,0,0,0,0,0,0,0,0
242,5,505.82,151.97,89.545,179.09,7,1,0,0,0,0,0,0,0,0,0,0,0,0,0,0,0,0,0,0
242,6,477.59,186.24,60.784,121.57,2,1,0,0,0,0,0,0,0,0,0,0,0,0,0,0,0,0,0,0
243,1,609,174.66,83.026,166.05,2,1,0,0,0,0,0,0,0,0,0,0,0,0,0,0,0,0,0,0
243,2,655.15,188.02,73.217,146.43,2,1,0,0,0,0,0,0,0,0,0,0,0,0,0,0,0,0,0,0
243,4,308.02,183.46,53.383,106.77,6,1,0,0,0,0,0,0,0,0,0,0,0,0,0,0,0,0,0,0
243,5,505.08,152.91,89.25,178.5,7,1,0,0,0,0,0,0,0,0,0,0,0,0,0,0,0,0,0,0
243,6,480.35,187.04,60.904,121.81,2,1,0,0,0,0,0,0,0,0,0,0,0,0,0,0,0,0,0,0
244,1,611.99,174.65,83.319,166.64,2,1,0,0,0,0,0,0,0,0,0,0,0,0,0,0,0,0,0,0
244,2,658.36,188.06,73.452,146.9,2,1,0,0,0,0,0,0,0,0,0,0,0,0,0,0,0,0,0,0
244,4,305.39,183.54,53.276,106.55,6,1,0,0,0,0,0,0,0,0,0,0,0,0,0,0,0,0,0,0
244,5,503.62,153.13,88.915,177.83,7,1,0,0,0,0,0,0,0,0,0,0,0,0,0,0,0,0,0,0
244,6,482.44,187.09,61.004,122.01,2,1,0,0,0,0,0,0,0,0,0,0,0,0,0,0,0,0,0,0
245,1,615.54,173.33,83.661,167.32,2,1,0,0,0,0,0,0,0,0,0,0,0,0,0,0,0,0,0,0
245,2,662.18,186.8,73.734,147.47,2,1,0,0,0,0,0,0,0,0,0,0,0,0,0,0,0,0,0,0
245,4,303.21,182.33,53.168,106.34,6,1,0,0,0,0,0,0,0,0,0,0,0,0,0,0,0,0,0,0
245,5,502.64,152.03,88.614,177.23,7,1,0,0,0,0,0,0,0,0,0,0,0,0,0,0,0,0,0,0
245,6,485.02,185.83,61.122,122.24,2,1,0,0,0,0,0,0,0,0,0,0,0,0,0,0,0,0,0,0
246,1,618.27,174.54,83.944,167.89,2,1,0,0,0,0,0,0,0,0,0,0,0,0,0,0,0,0,0,0
246,2,665.12,188.05,73.956,147.91,2,1,0,0,0,0,0,0,0,0,0,0,0,0,0,0,0,0,0,0
246,4,300.31,183.61,53.069,106.14,6,1,0,0,0,0,0,0,0,0,0,0,0,0,0,0,0,0,0,0
246,5,500.92,153.45,88.277,176.55,7,1,0,0,0,0,0,0,0,0,0,0,0,0,0,0,0,0,0,0
246,6,486.9,187.09,61.22,122.44,2,1,0,0,0,0,0,0,0,0,0,0,0,0,0,0,0,0,0,0
247,1,620.63,174.54,84.198,168.4,2,1,0,0,0,0,0,0,0,0,0,0,0,0,0,0,0,0,0,0
247,2,667.68,188.1,74.147,148.29,2,1,0,0,0,0,0,0,0,0,0,0,0,0,0,0,0,0,0,0
247,4,297.12,183.69,52.972,105.94,6,1,0,0,0,0,0,0,0,0,0,0,0,0,0,0,0,0,0,0
247,5,498.89,153.67,87.923,175.85,7,1,0,0,0,0,0,0,0,0,0,0,0,0,0,0,0,0,0,0
247,6,488.49,187.15,61.306,122.61,2,1,0,0,0,0,0,0,0,0,0,0,0,0,0,0,0,0,0,0
248,1,625.13,174.79,84.609,169.22,2,1,0,0,0,0,0,0,0,0,0,0,0,0,0,0,0,0,0,0
248,2,672.54,188.42,74.496,148.99,2,1,0,0,0,0,0,0,0,0,0,0,0,0,0,0,0,0,0,0
248,4,295.69,184.07,52.849,105.7,6,1,0,0,0,0,0,0,0,0,0,0,0,0,0,0,0,0,0,0
248,5,498.67,154.14,87.66,175.32,7,1,0,0,0,0,0,0,0,0,0,0,0,0,0,0,0,0,0,0
248,6,491.89,187.48,61.444,122.89,2,1,0,0,0,0,0,0,0,0,0,0,0,0,0,0,0,0,0,0
249,1,628.4,173.87,84.934,169.87,2,1,0,0,0,0,0,0,0,0,0,0,0,0,0,0,0,0,0,0
249,2,676.08,187.55,74.756,149.51,2,1,0,0,0,0,0,0,0,0,0,0,0,0,0,0,0,0,0,0
249,4,293.21,183.24,52.742,105.48,6,1,0,0,0,0,0,0,0,0,0,0,0,0,0,0,0,0,0,0
249,5,497.37,153.44,87.349,174.7,7,1,0,0,0,0,0,0,0,0,0,0,0,0,0,0,0,0,0,0
249,6,494.25,186.62,61.554,123.11,2,1,0,0,0,0,0,0,0,0,0,0,0,0,0,0,0,0,0,0
250,1,632.23,174.88,85.306,170.61,2,1,0,0,0,0,0,0,0,0,0,0,0,0,0,0,0,0,0,0
250,2,680.23,188.62,75.062,150.12,2,1,0,0,0,0,0,0,0,0,0,0,0,0,0,0,0,0,0,0
250,4,291.15,184.36,52.631,105.26,6,1,0,0,0,0,0,0,0,0,0,0,0,0,0,0,0,0,0,0
250,5,496.52,154.66,87.065,174.13,7,1,0,0,0,0,0,0,0,0,0,0,0,0,0,0,0,0,0,0
250,6,497.08,187.7,61.681,123.36,2,1,0,0,0,0,0,0,0,0,0,0,0,0,0,0,0,0,0,0
251,1,635.97,175.35,85.675,171.35,2,1,1,2,3.5134,0.74643,0.32806,0.65612,2,1,678.81,346.7,85.675,171.35,678.81,678.81,921.13,346.7,467.87,346.7
251,2,684.29,189.16,75.363,150.73,2,1,1,2,3.7481,0.6768,0.26592,0.53183,2,1,721.97,339.89,75.363,150.73,721.97,721.97,935.13,339.89,446.46,339.89
251,4,289.01,184.94,52.521,105.04,6,1,2,0,-2.4379,-0.028372,-0.10761,-0.21521,6,1,315.27,289.98,52.521,105.04,315.27,315.27,166.72,289.98,215.7,289.98
251,5,495.57,155.35,86.781,173.56,7,1,3,0,-1.3512,-0.31254,-0.31037,-0.62073,7,1,538.96,328.91,86.781,173.56,538.96,712.53,365.4,328.91,242.13,242.13
252,1,639.62,175.33,86.037,172.07,2,1,0,0,0,0,0,0,0,0,0,0,0,0,0,0,0,0,0,0
252,2,688.24,189.19,75.655,151.31,2,1,0,0,0,0,0,0,0,0,0,0,0,0,0,0,0,0,0,0
252,4,286.77,185.02,52.412,104.82,6,1,0,0,0,0,0,0,0,0,0,0,0,0,0,0,0,0,0,0
252,5,494.52,155.54,86.492,172.98,7,1,0,0,0,0,0,0,0,0,0,0,0,0,0,0,0,0,0,0
253,1,643.32,174.42,86.402,172.8,2,1,0,0,0,0,0,0,0,0,0,0,0,0,0,0,0,0,0,0
253,2,692.26,188.35,75.95,151.9,2,1,0,0,0,0,0,0,0,0,0,0,0,0,0,0,0,0,0,0
253,4,284.57,184.22,52.299,104.6,6,1,0,0,0,0,0,0,0,0,0,0,0,0,0,0,0,0,0,0
253,5,493.5,154.85,86.202,172.4,7,1,0,0,0,0,0,0,0,0,0,0,0,0,0,0,0,0,0,0
254,1,646.88,174.18,86.758,173.52,2,1,0,0,0,0,0,0,0,0,0,0,0,0,0,0,0,0,0,0
254,2,696.13,188.16,76.235,152.47,2,1,0,0,0,0,0,0,0,0,0,0,0,0,0,0,0,0,0,0
254,4,282.25,184.08,52.187,104.37,6,1,0,0,0,0,0,0,0,0,0,0,0,0,0,0,0,0,0,0
254,5,492.34,154.83,85.909,171.82,7,1,0,0,0,0,0,0,0,0,0,0,0,0,0,0,0,0,0,0
255,1,650.13,173.98,87.095,174.19,2,1,0,0,0,0,0,0,0,0,0,0,0,0,0,0,0,0,0,0
255,2,699.66,188.02,76.497,152.99,2,1,0,0,0,0,0,0,0,0,0,0,0,0,0,0,0,0,0,0
255,4,279.63,183.97,52.084,104.17,6,1,0,0,0,0,0,0,0,0,0,0,0,0,0,0,0,0,0,0
255,5,490.9,154.84,85.61,171.22,7,1,0,0,0,0,0,0,0,0,0,0,0,0,0,0,0,0,0,0
256,1,653.63,173.86,87.455,174.91,2,1,0,0,0,0,0,0,0,0,0,0,0,0,0,0,0,0,0,0
256,2,703.46,187.96,76.781,153.56,2,1,0,0,0,0,0,0,0,0,0,0,0,0,0,0,0,0,0,0
256,4,277.17,183.96,51.98,103.96,6,1,0,0,0,0,0,0,0,0,0,0,0,0,0,0,0,0,0,0
256,5,489.63,154.94,85.325,170.65,7,1,0,0,0,0,0,0,0,0,0,0,0,0,0,0,0,0,0,0
257,1,657.69,173.92,87.861,175.72,2,1,0,0,0,0,0,0,0,0,0,0,0,0,0,0,0,0,0,0
257,2,707.88,188.09,77.111,154.22,2,1,0,0,0,0,0,0,0,0,0,0,0,0,0,0,0,0,0,0
257,4,275.17,184.14,51.866,103.73,6,1,0,0,0,0,0,0,0,0,0,0,0,0,0,0,0,0,0,0
257,5,488.8,155.21,85.059,170.12,7,1,0,0,0,0,0,0,0,0,0,0,0,0,0,0,0,0,0,0
258,1,661.32,174.16,88.23,176.46,2,1,0,0,0,0,0,0,0,0,0,0,0,0,0,0,0,0,0,0
258,2,711.81,188.39,77.402,154.8,2,1,0,0,0,0,0,0,0,0,0,0,0,0,0,0,0,0,0,0
258,4,272.79,184.48,51.757,103.51,6,1,0,0,0,0,0,0,0,0,0,0,0,0,0,0,0,0,0,0
258,5,487.59,155.66,84.777,169.55,7,1,0,0,0,0,0,0,0,0,0,0,0,0,0,0,0,0,0,0
259,1,664.75,173.54,88.587,177.17,2,1,0,0,0,0,0,0,0,0,0,0,0,0,0,0,0,0,0,0
259,2,715.54,187.84,77.679,155.36,2,1,0,0,0,0,0,0,0,0,0,0,0,0,0,0,0,0,0,0
259,4,270.25,183.97,51.652,103.3,6,1,0,0,0,0,0,0,0,0,0,0,0,0,0,0,0,0,0,0
259,5,486.2,155.27,84.492,168.98,7,1,0,0,0,0,0,0,0,0,0,0,0,0,0,0,0,0,0,0
260,1,668.39,173.42,88.959,177.92,2,1,0,0,0,0,0,0,0,0,0,0,0,0,0,0,0,0,0,0
260,2,719.48,187.78,77.97,155.94,2,1,0,0,0,0,0,0,0,0,0,0,0,0,0,0,0,0,0,0
260,4,267.84,183.95,51.543,103.09,6,1,0,0,0,0,0,0,0,0,0,0,0,0,0,0,0,0,0,0
260,5,484.95,155.35,84.213,168.43,7,1,0,0,0,0,0,0,0,0,0,0,0,0,0,0,0,0,0,0
261,1,672.38,172.94,89.366,178.73,2,1,1,2,3.8042,0.54917,0.36855,0.7371,2,1,717.06,351.68,89.366,178.73,717.06,717.06,969.82,351.68,478.06,351.68
261,4,265.67,183.59,51.432,102.86,6,1,2,2,-2.415,-0.29867,-0.10839,-0.21677,6,1,291.39,286.45,51.432,102.86,291.39,291.39,145.92,286.45,213.72,286.45
261,5,483.94,155.09,83.952,167.9,7,1,3,0,-1.3326,-0.53858,-0.28257,-0.56514,7,1,525.92,323,83.952,167.9,525.92,693.82,358.01,323,239.04,239.04
261,6,526.71,186.55,63.062,126.12,2,1,4,0,0,0,0,0,0,0,0,0,0,0,0,0,0,0,0,0
262,1,676,173.96,89.745,179.49,2,1,0,0,0,0,0,0,0,0,0,0,0,0,0,0,0,0,0,0
262,4,263.19,184.72,51.328,102.66,6,1,0,0,0,0,0,0,0,0,0,0,0,0,0,0,0,0,0,0
262,5,482.62,156.32,83.682,167.36,7,1,0,0,0,0,0,0,0,0,0,0,0,0,0,0,0,0,0,0
262,6,529.38,187.64,63.193,126.39,2,1,0,0,0,0,0,0,0,0,0,0,0,0,0,0,0,0,0,0
263,1,678.34,173.63,90.011,180.02,2,1,0,0,0,0,0,0,0,0,0,0,0,0,0,0,0,0,0,0
263,4,259.69,184.47,51.243,102.49,6,1,0,0,0,0,0,0,0,0,0,0,0,0,0,0,0,0,0,0
263,5,480.29,156.2,83.371,166.74,7,1,0,0,0,0,0,0,0,0,0,0,0,0,0,0,0,0,0,0
263,6,531.01,187.36,63.282,126.56,2,1,0,0,0,0,0,0,0,0,0,0,0,0,0,0,0,0,0,0
264,1,682.41,173.42,90.427,180.85,2,1,0,0,0,0,0,0,0,0,0,0,0,0,0,0,0,0,0,0
264,4,257.52,184.37,51.131,102.26,6,1,0,0,0,0,0,0,0,0,0,0,0,0,0,0,0,0,0,0
264,5,479.26,156.19,83.117,166.23,7,1,0,0,0,0,0,0,0,0,0,0,0,0,0,0,0,0,0,0
264,6,534.04,187.23,63.426,126.85,2,1,0,0,0,0,0,0,0,0,0,0,0,0,0,0,0,0,0,0
265,1,685.31,173.72,90.737,181.47,2,1,0,0,0,0,0,0,0,0,0,0,0,0,0,0,0,0,0,0
265,4,254.45,184.76,51.035,102.07,6,1,0,0,0,0,0,0,0,0,0,0,0,0,0,0,0,0,0,0
265,5,477.34,156.7,82.824,165.65,7,1,0,0,0,0,0,0,0,0,0,0,0,0,0,0,0,0,0,0
265,6,536.14,187.59,63.529,127.06,2,1,0,0,0,0,0,0,0,0,0,0,0,0,0,0,0,0,0,0
266,1,689.25,173.49,91.143,182.29,2,1,0,0,0,0,0,0,0,0,0,0,0,0,0,0,0,0,0,0
266,4,252.14,184.64,50.926,101.85,6,1,0,0,0,0,0,0,0,0,0,0,0,0,0,0,0,0,0,0
266,5,476.16,156.68,82.568,165.14,7,1,0,0,0,0,0,0,0,0,0,0,0,0,0,0,0,0,0,0
266,6,539.06,187.43,63.668,127.34,2,1,0,0,0,0,0,0,0,0,0,0,0,0,0,0,0,0,0,0
267,1,692.49,172.9,91.487,182.97,2,1,0,0,0,0,0,0,0,0,0,0,0,0,0,0,0,0,0,0
267,4,249.28,184.16,50.828,101.66,6,1,0,0,0,0,0,0,0,0,0,0,0,0,0,0,0,0,0,0
267,5,474.44,156.3,82.294,164.59,7,1,0,0,0,0,0,0,0,0,0,0,0,0,0,0,0,0,0,0
267,6,541.43,186.92,63.785,127.57,2,1,0,0,0,0,0,0,0,0,0,0,0,0,0,0,0,0,0,0
268,1,695.9,172.75,91.848,183.7,2,1,0,0,0,0,0,0,0,0,0,0,0,0,0,0,0,0,0,0
268,4,246.52,184.1,50.73,101.46,6,1,0,0,0,0,0,0,0,0,0,0,0,0,0,0,0,0,0,0
268,5,472.81,156.35,82.03,164.06,7,1,0,0,0,0,0,0,0,0,0,0,0,0,0,0,0,0,0,0
268,6,543.93,186.83,63.909,127.82,2,1,0,0,0,0,0,0,0,0,0,0,0,0,0,0,0,0,0,0
269,1,699.67,172.15,92.238,184.48,2,1,0,0,0,0,0,0,0,0,0,0,0,0,0,0,0,0,0,0
269,4,244.02,183.62,50.624,101.25,6,1,0,0,0,0,0,0,0,0,0,0,0,0,0,0,0,0,0,0
269,5,471.42,155.96,81.774,163.55,7,1,0,0,0,0,0,0,0,0,0,0,0,0,0,0,0,0,0,0
269,6,546.71,186.31,64.042,128.08,2,1,0,0,0,0,0,0,0,0,0,0,0,0,0,0,0,0,0,0
270,1,702.33,171.52,92.527,185.05,2,1,0,0,0,0,0,0,0,0,0,0,0,0,0,0,0,0,0,0
270,4,240.68,183.07,50.537,101.07,6,1,0,0,0,0,0,0,0,0,0,0,0,0,0,0,0,0,0,0
270,5,469.22,155.52,81.489,162.98,7,1,0,0,0,0,0,0,0,0,0,0,0,0,0,0,0,0,0,0
270,6,548.64,185.73,64.138,128.28,2,1,0,0,0,0,0,0,0,0,0,0,0,0,0,0,0,0,0,0
271,1,705.9,171.93,92.898,185.8,2,1,1,2,3.5621,0.4512,0.35589,0.71178,2,1,752.35,357.72,92.898,185.8,752.35,752.35,1015.1,357.72,489.1,357.72
271,4,237.99,183.58,50.435,100.87,6,1,2,2,-2.8018,-0.35946,-0.10018,-0.20036,6,1,263.21,284.45,50.435,100.87,263.21,263.21,120.56,284.45,213.13,284.45
271,5,467.64,156.14,81.231,162.46,7,1,3,0,-1.7525,-0.5953,-0.27033,-0.54067,7,1,508.25,318.6,81.231,162.46,508.25,670.72,345.79,318.6,237.37,237.37
271,6,551.27,186.21,64.263,128.53,2,1,4,0,2.5427,0.049991,0.12097,0.24194,2,1,583.4,314.74,64.263,128.53,583.4,583.4,765.17,314.74,405.62,314.74
272,1,710.05,172.2,93.321,186.64,2,1,0,0,0,0,0,0,0,0,0,0,0,0,0,0,0,0,0,0
272,4,235.76,183.98,50.32,100.64,6,1,0,0,0,0,0,0,0,0,0,0,0,0,0,0,0,0,0,0
272,5,466.46,156.62,80.987,161.97,7,1,0,0,0,0,0,0,0,0,0,0,0,0,0,0,0,0,0,0
272,6,554.36,186.57,64.405,128.81,2,1,0,0,0,0,0,0,0,0,0,0,0,0,0,0,0,0,0,0
273,1,714.07,172.53,93.734,187.47,2,1,0,0,0,0,0,0,0,0,0,0,0,0,0,0,0,0,0,0
273,4,233.38,184.42,50.21,100.42,6,1,0,0,0,0,0,0,0,0,0,0,0,0,0,0,0,0,0,0
273,5,465.14,157.15,80.744,161.49,7,1,0,0,0,0,0,0,0,0,0,0,0,0,0,0,0,0,0,0
273,6,557.34,186.97,64.546,129.09,2,1,0,0,0,0,0,0,0,0,0,0,0,0,0,0,0,0,0,0
274,1,718.14,172.36,94.159,188.32,2,1,0,0,0,0,0,0,0,0,0,0,0,0,0,0,0,0,0,0
274,4,230.99,184.37,50.105,100.21,6,1,0,0,0,0,0,0,0,0,0,0,0,0,0,0,0,0,0,0
274,5,463.83,157.19,80.511,161.02,7,1,0,0,0,0,0,0,0,0,0,0,0,0,0,0,0,0,0,0
274,6,560.36,186.89,64.693,129.39,2,1,0,0,0,0,0,0,0,0,0,0,0,0,0,0,0,0,0,0
275,1,722.02,172.69,94.556,189.11,2,1,0,0,0,0,0,0,0,0,0,0,0,0,0,0,0,0,0,0
275,4,228.5,184.81,49.995,99.991,6,1,0,0,0,0,0,0,0,0,0,0,0,0,0,0,0,0,0,0
275,5,462.36,157.73,80.263,160.53,7,1,0,0,0,0,0,0,0,0,0,0,0,0,0,0,0,0,0,0
275,6,563.24,187.3,64.825,129.65,2,1,0,0,0,0,0,0,0,0,0,0,0,0,0,0,0,0,0,0
276,1,726.48,172.58,95.016,190.03,2,1,0,0,0,0,0,0,0,0,0,0,0,0,0,0,0,0,0,0
276,4,226.37,184.84,49.882,99.764,6,1,0,0,0,0,0,0,0,0,0,0,0,0,0,0,0,0,0,0
276,5,461.25,157.83,80.039,160.08,7,1,0,0,0,0,0,0,0,0,0,0,0,0,0,0,0,0,0,0
276,6,566.54,187.28,64.983,129.97,2,1,0,0,0,0,0,0,0,0,0,0,0,0,0,0,0,0,0,0
277,1,730.36,172.46,95.42,190.84,2,1,0,0,0,0,0,0,0,0,0,0,0,0,0,0,0,0,0,0
277,4,223.8,184.83,49.779,99.558,6,1,0,0,0,0,0,0,0,0,0,0,0,0,0,0,0,0,0,0
277,5,459.71,157.91,79.802,159.6,7,1,0,0,0,0,0,0,0,0,0,0,0,0,0,0,0,0,0,0
277,6,569.41,187.24,65.12,130.24,2,1,0,0,0,0,0,0,0,0,0,0,0,0,0,0,0,0,0,0
278,1,735.39,172.28,95.939,191.88,2,1,0,0,0,0,0,0,0,0,0,0,0,0,0,0,0,0,0,0
278,4,222.03,184.79,49.658,99.316,6,1,0,0,0,0,0,0,0,0,0,0,0,0,0,0,0,0,0,0
278,5,458.9,157.94,79.595,159.19,7,1,0,0,0,0,0,0,0,0,0,0,0,0,0,0,0,0,0,0
278,6,573.13,187.15,65.301,130.6,2,1,0,0,0,0,0,0,0,0,0,0,0,0,0,0,0,0,0,0
279,1,740.07,172.27,96.424,192.85,2,1,0,0,0,0,0,0,0,0,0,0,0,0,0,0,0,0,0,0
279,4,220,184.91,49.543,99.086,6,1,0,0,0,0,0,0,0,0,0,0,0,0,0,0,0,0,0,0
279,5,457.82,158.14,79.381,158.76,7,1,0,0,0,0,0,0,0,0,0,0,0,0,0,0,0,0,0,0
279,6,576.6,187.23,65.468,130.94,2,1,0,0,0,0,0,0,0,0,0,0,0,0,0,0,0,0,0,0
280,1,742.76,172.2,96.707,193.41,2,1,0,0,0,0,0,0,0,0,0,0,0,0,0,0,0,0,0,0
280,4,216.54,184.92,49.463,98.927,6,1,0,0,0,0,0,0,0,0,0,0,0,0,0,0,0,0,0,0
280,5,455.38,158.26,79.12,158.24,7,1,0,0,0,0,0,0,0,0,0,0,0,0,0,0,0,0,0,0
280,6,578.56,187.22,65.558,131.12,2,1,0,0,0,0,0,0,0,0,0,0,0,0,0,0,0,0,0,0
281,5,453.55,158.03,78.891,157.78,3,1,3,0,-1.4887,-0.3051,-0.23105,-0.46211,7,1,492.99,315.81,78.891,157.78,492.99,650.77,335.21,315.81,236.92,236.92
281,6,581.24,186.88,65.688,131.38,2,1,4,0,3.1287,0.32668,0.14588,0.29177,2,1,614.09,318.25,65.688,131.38,614.09,614.09,799.88,318.25,411.15,318.25
282,5,451.66,158.1,78.662,157.32,3,1,0,0,0,0,0,0,0,0,0,0,0,0,0,0,0,0,0,0
282,6,583.89,186.83,65.816,131.63,2,1,0,0,0,0,0,0,0,0,0,0,0,0,0,0,0,0,0,0
283,5,450.13,158.25,78.443,156.89,3,1,0,0,0,0,0,0,0,0,0,0,0,0,0,0,0,0,0,0
283,6,586.99,186.86,65.962,131.92,2,1,0,0,0,0,0,0,0,0,0,0,0,0,0,0,0,0,0,0
284,5,448.22,158.8,78.225,156.45,3,1,0,0,0,0,0,0,0,0,0,0,0,0,0,0,0,0,0,0
284,6,589.69,187.29,66.094,132.19,2,1,0,0,0,0,0,0,0,0,0,0,0,0,0,0,0,0,0,0
285,5,446.37,158.53,78.002,156,3,1,0,0,0,0,0,0,0,0,0,0,0,0,0,0,0,0,0,0
285,6,592.48,186.91,66.224,132.45,2,1,0,0,0,0,0,0,0,0,0,0,0,0,0,0,0,0,0,0
286,5,444.29,158.67,77.773,155.55,3,1,0,0,0,0,0,0,0,0,0,0,0,0,0,0,0,0,0,0
286,6,595.03,186.93,66.338,132.68,2,1,0,0,0,0,0,0,0,0,0,0,0,0,0,0,0,0,0,0
287,5,442.28,158.9,77.554,155.11,3,1,0,0,0,0,0,0,0,0,0,0,0,0,0,0,0,0,0,0
287,6,597.7,187.05,66.461,132.92,2,1,0,0,0,0,0,0,0,0,0,0,0,0,0,0,0,0,0,0
288,5,439.99,158.95,77.334,154.67,3,1,0,0,0,0,0,0,0,0,0,0,0,0,0,0,0,0,0,0
288,6,600.09,186.99,66.57,133.14,2,1,0,0,0,0,0,0,0,0,0,0,0,0,0,0,0,0,0,0
289,5,438.9,159.22,77.141,154.28,3,1,0,0,0,0,0,0,0,0,0,0,0,0,0,0,0,0,0,0
289,6,603.9,187.14,66.751,133.5,2,1,0,0,0,0,0,0,0,0,0,0,0,0,0,0,0,0,0,0
290,5,436.66,159,76.923,153.85,3,1,0,0,0,0,0,0,0,0,0,0,0,0,0,0,0,0,0,0
290,6,606.39,186.81,66.859,133.72,2,1,0,0,0,0,0,0,0,0,0,0,0,0,0,0,0,0,0,0
291,5,434.86,159.2,76.724,153.45,7,1,1,0,-2.0065,-0.32017,-0.21649,-0.43297,3,1,473.22,312.64,76.724,153.45,473.22,319.78,626.67,312.64,389.37,389.37
291,6,609.46,186.9,67.002,134,2,1,2,0,2.8677,0.25862,0.12971,0.25941,2,1,642.96,320.91,67.002,134,642.96,642.96,832.47,320.91,415.66,320.91
292,5,433.47,159.79,76.529,153.06,7,1,0,0,0,0,0,0,0,0,0,0,0,0,0,0,0,0,0,0
292,6,613.03,187.39,67.167,134.33,2,1,0,0,0,0,0,0,0,0,0,0,0,0,0,0,0,0,0,0
293,5,431.5,159.69,76.325,152.65,7,1,0,0,0,0,0,0,0,0,0,0,0,0,0,0,0,0,0,0
293,6,615.95,187.18,67.297,134.59,2,1,0,0,0,0,0,0,0,0,0,0,0,0,0,0,0,0,0,0
294,5,429.71,160.4,76.133,152.27,7,1,0,0,0,0,0,0,0,0,0,0,0,0,0,0,0,0,0,0
294,6,619.12,187.79,67.444,134.89,2,1,0,0,0,0,0,0,0,0,0,0,0,0,0,0,0,0,0,0
295,5,427.64,160.86,75.932,151.86,7,1,0,0,0,0,0,0,0,0,0,0,0,0,0,0,0,0,0,0
295,6,621.99,188.14,67.569,135.14,2,1,0,0,0,0,0,0,0,0,0,0,0,0,0,0,0,0,0,0
296,5,425.74,161.09,75.744,151.49,7,1,0,0,0,0,0,0,0,0,0,0,0,0,0,0,0,0,0,0
296,6,625.11,188.27,67.712,135.42,2,1,0,0,0,0,0,0,0,0,0,0,0,0,0,0,0,0,0,0
297,5,423.67,161.16,75.548,151.1,7,1,0,0,0,0,0,0,0,0,0,0,0,0,0,0,0,0,0,0
297,6,628.03,188.24,67.838,135.68,2,1,0,0,0,0,0,0,0,0,0,0,0,0,0,0,0,0,0,0
298,5,422.11,161.08,75.369,150.74,7,1,0,0,0,0,0,0,0,0,0,0,0,0,0,0,0,0,0,0
298,6,631.64,188.06,68.006,136.01,2,1,0,0,0,0,0,0,0,0,0,0,0,0,0,0,0,0,0,0
299,5,420.32,161.25,75.187,150.37,7,1,0,0,0,0,0,0,0,0,0,0,0,0,0,0,0,0,0,0
299,6,634.99,188.12,68.158,136.32,2,1,0,0,0,0,0,0,0,0,0,0,0,0,0,0,0,0,0,0
300,5,417.97,160.53,75.002,150,7,1,0,0,0,0,0,0,0,0,0,0,0,0,0,0,0,0,0,0
300,6,637.69,187.31,68.275,136.55,2,1,0,0,0,0,0,0,0,0,0,0,0,0,0,0,0,0,0,0
301,5,415.91,161.26,74.818,149.64,7,1,1,0,-2.024,-0.23279,-0.18948,-0.37896,7,1,453.32,310.9,74.818,149.64,453.32,602.96,303.69,310.9,236.08,236.08
301,6,640.77,187.94,68.408,136.82,1,1,2,0,3.179,0.32293,0.13955,0.2791,2,1,674.97,324.75,68.408,136.82,674.97,674.97,868.46,324.75,421.5,324.75
302,5,414.36,162.01,74.641,149.28,7,1,0,0,0,0,0,0,0,0,0,0,0,0,0,0,0,0,0,0
302,6,644.5,188.58,68.577,137.15,1,1,0,0,0,0,0,0,0,0,0,0,0,0,0,0,0,0,0,0
303,5,412.04,162.49,74.455,148.91,7,1,0,0,0,0,0,0,0,0,0,0,0,0,0,0,0,0,0,0
303,6,647.31,188.97,68.691,137.38,1,1,0,0,0,0,0,0,0,0,0,0,0,0,0,0,0,0,0,0
304,5,410.43,163.04,74.283,148.57,7,1,0,0,0,0,0,0,0,0,0,0,0,0,0,0,0,0,0,0
304,6,651.04,189.42,68.86,137.72,1,1,0,0,0,0,0,0,0,0,0,0,0,0,0,0,0,0,0,0
305,5,408.89,163.5,74.116,148.23,7,1,0,0,0,0,0,0,0,0,0,0,0,0,0,0,0,0,0,0
305,6,654.93,189.79,69.041,138.08,1,1,0,0,0,0,0,0,0,0,0,0,0,0,0,0,0,0,0,0
306,5,406.7,164.48,73.944,147.89,7,1,0,0,0,0,0,0,0,0,0,0,0,0,0,0,0,0,0,0
306,6,658,190.67,69.172,138.34,1,1,0,0,0,0,0,0,0,0,0,0,0,0,0,0,0,0,0,0
307,5,404.64,163.71,73.774,147.55,7,1,0,0,0,0,0,0,0,0,0,0,0,0,0,0,0,0,0,0
307,6,661.27,189.8,69.314,138.63,1,1,0,0,0,0,0,0,0,0,0,0,0,0,0,0,0,0,0,0
308,5,402.6,163.6,73.609,147.22,7,1,0,0,0,0,0,0,0,0,0,0,0,0,0,0,0,0,0,0
308,6,664.61,189.6,69.46,138.92,1,1,0,0,0,0,0,0,0,0,0,0,0,0,0,0,0,0,0,0
309,5,400.33,163.67,73.434,146.87,7,1,0,0,0,0,0,0,0,0,0,0,0,0,0,0,0,0,0,0
309,6,667.63,189.58,69.579,139.16,1,1,0,0,0,0,0,0,0,0,0,0,0,0,0,0,0,0,0,0
310,5,398.04,163.46,73.264,146.53,7,1,0,0,0,0,0,0,0,0,0,0,0,0,0,0,0,0,0,0
310,6,670.68,189.28,69.7,139.4,1,1,0,0,0,0,0,0,0,0,0,0,0,0,0,0,0,0,0,0
311,5,396,164.4,73.097,146.19,6,1,1,0,-2.1137,-0.15379,-0.17073,-0.34145,7,1,432.55,310.59,73.097,146.19,432.55,578.74,286.36,310.59,237.5,237.5
311,6,674.07,190.13,69.842,139.68,1,1,2,0,3.3738,0.37789,0.14212,0.28424,1,1,708.99,329.81,69.842,139.68,708.99,848.67,848.67,329.81,399.65,259.97
312,5,394.36,166.13,72.936,145.87,6,1,0,0,0,0,0,0,0,0,0,0,0,0,0,0,0,0,0,0
312,6,678.03,191.76,70.02,140.04,1,1,0,0,0,0,0,0,0,0,0,0,0,0,0,0,0,0,0,0
313,5,391.94,166.53,72.775,145.55,6,1,0,0,0,0,0,0,0,0,0,0,0,0,0,0,0,0,0,0
313,6,680.99,192.07,70.136,140.27,1,1,0,0,0,0,0,0,0,0,0,0,0,0,0,0,0,0,0,0
314,5,389.96,166.18,72.618,145.24,6,1,0,0,0,0,0,0,0,0,0,0,0,0,0,0,0,0,0,0
314,6,684.56,191.64,70.29,140.58,1,1,0,0,0,0,0,0,0,0,0,0,0,0,0,0,0,0,0,0
315,5,386.81,166.12,72.456,144.91,6,1,0,0,0,0,0,0,0,0,0,0,0,0,0,0,0,0,0,0
315,6,686.57,191.5,70.341,140.68,1,1,0,0,0,0,0,0,0,0,0,0,0,0,0,0,0,0,0,0
316,5,385.11,165.14,72.302,144.6,6,1,0,0,0,0,0,0,0,0,0,0,0,0,0,0,0,0,0,0
316,6,690.56,190.43,70.518,141.04,1,1,0,0,0,0,0,0,0,0,0,0,0,0,0,0,0,0,0,0
317,5,383.12,165.44,72.145,144.29,6,1,0,0,0,0,0,0,0,0,0,0,0,0,0,0,0,0,0,0
317,6,694.17,190.64,70.669,141.34,1,1,0,0,0,0,0,0,0,0,0,0,0,0,0,0,0,0,0,0
318,5,380.71,165.41,71.988,143.98,6,1,0,0,0,0,0,0,0,0,0,0,0,0,0,0,0,0,0,0
318,6,697.22,190.52,70.781,141.56,1,1,0,0,0,0,0,0,0,0,0,0,0,0,0,0,0,0,0,0
319,5,378.48,164.85,71.836,143.67,6,1,0,0,0,0,0,0,0,0,0,0,0,0,0,0,0,0,0,0
319,6,700.55,189.88,70.913,141.83,1,1,0,0,0,0,0,0,0,0,0,0,0,0,0,0,0,0,0,0
320,5,376.49,165.19,71.685,143.37,6,1,0,0,0,0,0,0,0,0,0,0,0,0,0,0,0,0,0,0
320,6,704.24,190.14,71.069,142.14,1,1,0,0,0,0,0,0,0,0,0,0,0,0,0,0,0,0,0,0
321,5,374.13,165.37,71.535,143.07,7,1,1,0,-2.308,-0.46071,-0.15584,-0.31167,6,1,409.89,308.44,71.535,143.07,409.89,409.89,207.56,308.44,207.28,308.44
321,6,707.42,190.24,71.188,142.38,1,1,2,0,3.3555,0.027112,0.13106,0.26212,1,1,743.01,332.61,71.188,142.38,743.01,885.39,885.39,332.61,403.8,261.42
322,5,371.95,165.83,71.388,142.78,7,1,0,0,0,0,0,0,0,0,0,0,0,0,0,0,0,0,0,0
322,6,710.89,190.61,71.327,142.65,1,1,0,0,0,0,0,0,0,0,0,0,0,0,0,0,0,0,0,0
323,5,369.69,166.65,71.245,142.49,7,1,0,0,0,0,0,0,0,0,0,0,0,0,0,0,0,0,0,0
323,6,714.28,191.35,71.462,142.92,1,1,0,0,0,0,0,0,0,0,0,0,0,0,0,0,0,0,0,0
324,5,367.47,166.56,71.096,142.19,7,1,0,0,0,0,0,0,0,0,0,0,0,0,0,0,0,0,0,0
324,6,717.7,191.17,71.593,143.19,1,1,0,0,0,0,0,0,0,0,0,0,0,0,0,0,0,0,0,0
325,5,365.54,166.48,70.949,141.9,7,1,0,0,0,0,0,0,0,0,0,0,0,0,0,0,0,0,0,0
325,6,721.56,191.01,71.754,143.51,1,1,0,0,0,0,0,0,0,0,0,0,0,0,0,0,0,0,0,0
326,5,363.49,166.61,70.805,141.61,7,1,0,0,0,0,0,0,0,0,0,0,0,0,0,0,0,0,0,0
326,6,725.27,191.06,71.906,143.81,1,1,0,0,0,0,0,0,0,0,0,0,0,0,0,0,0,0,0,0
327,5,361.31,166.26,70.658,141.32,7,1,0,0,0,0,0,0,0,0,0,0,0,0,0,0,0,0,0,0
327,6,728.79,190.63,72.041,144.08,1,1,0,0,0,0,0,0,0,0,0,0,0,0,0,0,0,0,0,0
328,5,359.22,165.91,70.513,141.03,7,1,0,0,0,0,0,0,0,0,0,0,0,0,0,0,0,0,0,0
328,6,732.46,190.2,72.186,144.37,1,1,0,0,0,0,0,0,0,0,0,0,0,0,0,0,0,0,0,0
329,5,357.5,165.81,70.371,140.74,7,1,0,0,0,0,0,0,0,0,0,0,0,0,0,0,0,0,0,0
329,6,736.71,190.01,72.374,144.75,1,1,0,0,0,0,0,0,0,0,0,0,0,0,0,0,0,0,0,0
330,5,355.51,165.61,70.226,140.45,7,1,0,0,0,0,0,0,0,0,0,0,0,0,0,0,0,0,0,0
330,6,740.54,189.72,72.527,145.05,1,1,0,0,0,0,0,0,0,0,0,0,0,0,0,0,0,0,0,0
331,5,353.31,166.53,70.089,140.18,7,1,1,0,-2.121,-0.3304,-0.14489,-0.28977,7,1,388.36,306.71,70.089,140.18,388.36,528.54,248.18,306.71,236.62,236.62
332,5,351.1,166.88,69.949,139.9,7,1,0,0,0,0,0,0,0,0,0,0,0,0,0,0,0,0,0,0
333,5,349.47,166.68,69.809,139.62,7,1,0,0,0,0,0,0,0,0,0,0,0,0,0,0,0,0,0,0
334,5,347.46,166.72,69.666,139.33,7,1,0,0,0,0,0,0,0,0,0,0,0,0,0,0,0,0,0,0
335,5,345.37,167.05,69.526,139.05,7,1,0,0,0,0,0,0,0,0,0,0,0,0,0,0,0,0,0,0
336,5,343,167.72,69.39,138.78,7,1,0,0,0,0,0,0,0,0,0,0,0,0,0,0,0,0,0,0
337,5,340.83,167.85,69.249,138.5,7,1,0,0,0,0,0,0,0,0,0,0,0,0,0,0,0,0,0,0
338,5,339.13,168.12,69.112,138.22,7,1,0,0,0,0,0,0,0,0,0,0,0,0,0,0,0,0,0,0
339,5,337.08,168.22,68.977,137.95,7,1,0,0,0,0,0,0,0,0,0,0,0,0,0,0,0,0,0,0
340,5,334.8,168.5,68.845,137.69,7,1,0,0,0,0,0,0,0,0,0,0,0,0,0,0,0,0,0,0
