1,1,1.7009,104,65.364,130.73,2,1,1,2,0,0,0,0,0,0,0,0,0,0,0,0,0,0,0,0
1,2,244.47,109.82,80.542,161.08,6,1,2,2,0,0,0,0,0,0,0,0,0,0,0,0,0,0,0,0
2,1,2.7908,104.46,65.321,130.64,2,1,0,0,0,0,0,0,0,0,0,0,0,0,0,0,0,0,0,0
2,2,242.1,110.73,80.045,160.09,6,1,0,0,0,0,0,0,0,0,0,0,0,0,0,0,0,0,0,0
3,1,1.7709,105.14,65.476,130.95,2,1,0,0,0,0,0,0,0,0,0,0,0,0,0,0,0,0,0,0
3,2,238.51,111.62,79.721,159.44,6,1,0,0,0,0,0,0,0,0,0,0,0,0,0,0,0,0,0,0
4,1,-0.40536,105.73,65.716,131.43,2,1,0,0,0,0,0,0,0,0,0,0,0,0,0,0,0,0,0,0
4,2,234.19,112.41,79.454,158.91,6,1,0,0,0,0,0,0,0,0,0,0,0,0,0,0,0,0,0,0
5,1,-1.0221,107.12,65.872,131.74,2,1,0,0,0,0,0,0,0,0,0,0,0,0,0,0,0,0,0,0
5,2,230.96,113.98,79.171,158.34,6,1,0,0,0,0,0,0,0,0,0,0,0,0,0,0,0,0,0,0
6,1,-1.9148,107.08,66.052,132.1,2,1,0,0,0,0,0,0,0,0,0,0,0,0,0,0,0,0,0,0
6,2,227.58,114.11,78.907,157.81,6,1,0,0,0,0,0,0,0,0,0,0,0,0,0,0,0,0,0,0
7,1,-3.8183,108.01,66.294,132.59,2,1,0,0,0,0,0,0,0,0,0,0,0,0,0,0,0,0,0,0
7,2,223.51,115.24,78.671,157.34,6,1,0,0,0,0,0,0,0,0,0,0,0,0,0,0,0,0,0,0
8,1,-4.3009,108.88,66.449,132.9,2,1,0,0,0,0,0,0,0,0,0,0,0,0,0,0,0,0,0,0
8,2,220.43,116.27,78.4,156.8,6,1,0,0,0,0,0,0,0,0,0,0,0,0,0,0,0,0,0,0
9,1,-4.6186,110.32,66.594,133.19,2,1,0,0,0,0,0,0,0,0,0,0,0,0,0,0,0,0,0,0
9,2,217.47,117.87,78.126,156.25,6,1,0,0,0,0,0,0,0,0,0,0,0,0,0,0,0,0,0,0
10,1,-5.8878,111.42,66.802,133.6,2,1,0,0,0,0,0,0,0,0,0,0,0,0,0,0,0,0,0,0
10,2,213.87,119.14,77.886,155.77,6,1,0,0,0,0,0,0,0,0,0,0,0,0,0,0,0,0,0,0
11,2,210.57,120.06,77.63,155.26,6,1,1,0,-3.6207,0.51161,-0.2653,-0.53061,6,1,249.39,275.32,77.63,155.26,249.39,249.39,29.82,275.32,165.54,275.32
12,2,207.39,121.06,77.38,154.76,6,1,0,0,0,0,0,0,0,0,0,0,0,0,0,0,0,0,0,0
13,2,204.84,122,77.101,154.2,6,1,0,0,0,0,0,0,0,0,0,0,0,0,0,0,0,0,0,0
14,2,201.42,122.93,76.861,153.72,6,1,0,0,0,0,0,0,0,0,0,0,0,0,0,0,0,0,0,0
15,2,198.31,123.44,76.614,153.23,6,1,0,0,0,0,0,0,0,0,0,0,0,0,0,0,0,0,0,0
16,2,195.33,125.23,76.367,152.73,6,1,0,0,0,0,0,0,0,0,0,0,0,0,0,0,0,0,0,0
17,2,192,125.79,76.135,152.27,6,1,0,0,0,0,0,0,0,0,0,0,0,0,0,0,0,0,0,0
18,2,189.35,126.54,75.872,151.74,6,1,0,0,0,0,0,0,0,0,0,0,0,0,0,0,0,0,0,0
19,2,186.13,126.93,75.64,151.28,6,1,0,0,0,0,0,0,0,0,0,0,0,0,0,0,0,0,0,0
20,2,183.26,127.16,75.396,150.79,6,1,0,0,0,0,0,0,0,0,0,0,0,0,0,0,0,0,0,0
21,2,180.56,127.49,75.152,150.3,6,1,1,0,-3.1482,0.2592,-0.24578,-0.49156,6,1,218.14,277.8,75.152,150.3,218.14,218.14,5.5757,277.8,171.51,277.8
22,2,177.78,126.76,74.908,149.82,6,1,0,0,0,0,0,0,0,0,0,0,0,0,0,0,0,0,0,0
23,2,174.92,126.71,74.672,149.34,6,1,0,0,0,0,0,0,0,0,0,0,0,0,0,0,0,0,0,0
24,2,171.79,127.09,74.451,148.9,6,1,0,0,0,0,0,0,0,0,0,0,0,0,0,0,0,0,0,0
25,2,169.35,127.37,74.197,148.39,6,1,0,0,0,0,0,0,0,0,0,0,0,0,0,0,0,0,0,0
26,2,166.76,128.41,73.957,147.91,6,1,0,0,0,0,0,0,0,0,0,0,0,0,0,0,0,0,0,0
27,2,163.9,128.54,73.732,147.46,6,1,0,0,0,0,0,0,0,0,0,0,0,0,0,0,0,0,0,0
28,2,162.66,128.74,73.425,146.85,6,1,0,0,0,0,0,0,0,0,0,0,0,0,0,0,0,0,0,0
29,2,159.42,129.51,73.223,146.45,6,1,0,0,0,0,0,0,0,0,0,0,0,0,0,0,0,0,0,0
30,2,157.22,129.88,72.968,145.94,6,1,0,0,0,0,0,0,0,0,0,0,0,0,0,0,0,0,0,0
31,2,154.52,130.3,72.742,145.48,6,1,1,0,-2.6552,-0.059319,-0.24303,-0.48606,6,1,190.89,275.78,72.742,145.48,190.89,190.89,-14.854,275.78,172.91,275.78
32,2,152.3,130.72,72.491,144.98,6,1,0,0,0,0,0,0,0,0,0,0,0,0,0,0,0,0,0,0
33,2,150.69,131.87,72.216,144.43,6,1,0,0,0,0,0,0,0,0,0,0,0,0,0,0,0,0,0,0
34,2,148.88,131.96,71.946,143.89,6,1,0,0,0,0,0,0,0,0,0,0,0,0,0,0,0,0,0,0
35,2,146.64,132.71,71.701,143.4,6,1,0,0,0,0,0,0,0,0,0,0,0,0,0,0,0,0,0,0
36,2,144.26,133.43,71.469,142.94,6,1,0,0,0,0,0,0,0,0,0,0,0,0,0,0,0,0,0,0
37,2,142.17,134.23,71.223,142.45,6,1,0,0,0,0,0,0,0,0,0,0,0,0,0,0,0,0,0,0
38,2,139.55,134.78,71.005,142.01,6,1,0,0,0,0,0,0,0,0,0,0,0,0,0,0,0,0,0,0
39,2,136.94,135.1,70.787,141.57,6,1,0,0,0,0,0,0,0,0,0,0,0,0,0,0,0,0,0,0
40,2,134.24,135.61,70.581,141.16,6,1,0,0,0,0,0,0,0,0,0,0,0,0,0,0,0,0,0,0
41,1,-3.5022,123.02,71.674,143.35,3,1,1,2,0,0,0,0,0,0,0,0,0,0,0,0,0,0,0,0
41,2,131.93,135.57,70.353,140.71,6,1,2,2,-2.4303,0.090392,-0.23524,-0.47048,6,1,167.11,276.28,70.353,140.71,167.11,167.11,-31.878,276.28,176.78,276.28
42,1,-0.93311,121.63,71.719,143.44,3,1,0,0,0,0,0,0,0,0,0,0,0,0,0,0,0,0,0,0
42,2,131.12,134.3,70.05,140.1,6,1,0,0,0,0,0,0,0,0,0,0,0,0,0,0,0,0,0,0
43,1,-0.1414,122.12,71.882,143.76,3,1,0,0,0,0,0,0,0,0,0,0,0,0,0,0,0,0,0,0
43,2,128.91,134.95,69.818,139.64,6,1,0,0,0,0,0,0,0,0,0,0,0,0,0,0,0,0,0,0
44,1,1.2071,122.15,72.012,144.02,3,1,0,0,0,0,0,0,0,0,0,0,0,0,0,0,0,0,0,0
44,2,127.12,135.13,69.567,139.13,6,1,0,0,0,0,0,0,0,0,0,0,0,0,0,0,0,0,0,0
45,1,2.1507,122.21,72.17,144.34,3,1,0,0,0,0,0,0,0,0,0,0,0,0,0,0,0,0,0,0
45,2,125.01,135.34,69.331,138.66,6,1,0,0,0,0,0,0,0,0,0,0,0,0,0,0,0,0,0,0
46,1,3.3476,122.04,72.316,144.63,3,1,0,0,0,0,0,0,0,0,0,0,0,0,0,0,0,0,0,0
46,2,123.09,135.32,69.088,138.18,6,1,0,0,0,0,0,0,0,0,0,0,0,0,0,0,0,0,0,0
47,1,3.8575,122.45,72.513,145.03,3,1,0,0,0,0,0,0,0,0,0,0,0,0,0,0,0,0,0,0
47,2,120.6,135.89,68.878,137.76,6,1,0,0,0,0,0,0,0,0,0,0,0,0,0,0,0,0,0,0
48,1,5.2055,122.19,72.655,145.31,3,1,0,0,0,0,0,0,0,0,0,0,0,0,0,0,0,0,0,0
48,2,118.79,135.79,68.633,137.27,6,1,0,0,0,0,0,0,0,0,0,0,0,0,0,0,0,0,0,0
49,1,6.4346,122.12,72.808,145.62,3,1,0,0,0,0,0,0,0,0,0,0,0,0,0,0,0,0,0,0
49,2,116.86,135.87,68.394,136.79,6,1,0,0,0,0,0,0,0,0,0,0,0,0,0,0,0,0,0,0
50,1,7.6981,122.31,72.961,145.92,3,1,0,0,0,0,0,0,0,0,0,0,0,0,0,0,0,0,0,0
50,2,114.96,136.21,68.154,136.31,6,1,0,0,0,0,0,0,0,0,0,0,0,0,0,0,0,0,0,0
51,1,8.8103,122.17,73.131,146.26,3,1,1,2,1.1596,0.35234,0.15695,0.3139,3,1,45.376,268.43,73.131,146.26,45.376,-100.89,191.64,268.43,341.56,341.56
51,2,112.92,136.22,67.928,135.86,6,1,2,2,-2.1419,-0.27982,-0.23584,-0.47167,6,1,146.88,272.08,67.928,135.86,146.88,146.88,-45.247,272.08,176.01,272.08
52,1,10.096,122.13,73.286,146.57,3,1,0,0,0,0,0,0,0,0,0,0,0,0,0,0,0,0,0,0
52,2,111.01,136.35,67.688,135.38,6,1,0,0,0,0,0,0,0,0,0,0,0,0,0,0,0,0,0,0
53,1,11.346,121.97,73.449,146.9,3,1,0,0,0,0,0,0,0,0,0,0,0,0,0,0,0,0,0,0
53,2,109.06,136.33,67.454,134.91,6,1,0,0,0,0,0,0,0,0,0,0,0,0,0,0,0,0,0,0
54,1,12.608,121.98,73.615,147.23,3,1,0,0,0,0,0,0,0,0,0,0,0,0,0,0,0,0,0,0
54,2,107.11,136.51,67.222,134.44,6,1,0,0,0,0,0,0,0,0,0,0,0,0,0,0,0,0,0,0
55,1,14.162,122.32,73.764,147.53,3,1,0,0,0,0,0,0,0,0,0,0,0,0,0,0,0,0,0,0
55,2,105.4,137,66.979,133.96,6,1,0,0,0,0,0,0,0,0,0,0,0,0,0,0,0,0,0,0
56,1,15.489,122.11,73.929,147.86,3,1,0,0,0,0,0,0,0,0,0,0,0,0,0,0,0,0,0,0
56,2,103.49,136.94,66.745,133.49,6,1,0,0,0,0,0,0,0,0,0,0,0,0,0,0,0,0,0,0
57,1,17.266,122.1,74.066,148.13,3,1,0,0,0,0,0,0,0,0,0,0,0,0,0,0,0,0,0,0
57,2,101.95,137.08,66.492,132.98,6,1,0,0,0,0,0,0,0,0,0,0,0,0,0,0,0,0,0,0
58,1,19.266,122.73,74.192,148.38,3,1,0,0,0,0,0,0,0,0,0,0,0,0,0,0,0,0,0,0
58,2,100.6,137.86,66.231,132.46,6,1,0,0,0,0,0,0,0,0,0,0,0,0,0,0,0,0,0,0
59,1,20.635,123.25,74.363,148.73,3,1,0,0,0,0,0,0,0,0,0,0,0,0,0,0,0,0,0,0
59,2,98.701,138.53,66.001,132,6,1,0,0,0,0,0,0,0,0,0,0,0,0,0,0,0,0,0,0
60,1,21.908,123.37,74.54,149.08,3,1,0,0,0,0,0,0,0,0,0,0,0,0,0,0,0,0,0,0
60,2,96.706,138.82,65.774,131.55,6,1,0,0,0,0,0,0,0,0,0,0,0,0,0,0,0,0,0,0
61,1,23.503,123.38,74.696,149.39,3,1,1,2,1.6035,0.48211,0.15447,0.30894,3,1,60.851,272.77,74.696,149.39,60.851,-88.54,210.24,272.77,347.47,347.47
61,2,94.983,138.98,65.531,131.06,6,1,2,2,-1.87,-0.155,-0.24101,-0.48202,6,1,127.75,270.05,65.531,131.06,127.75,127.75,-57.602,270.05,177.37,270.05
61,3,708.12,112.32,113.53,227.07,5,1,3,2,0,0,0,0,0,0,0,0,0,0,0,0,0,0,0,0
62,1,25.417,123.25,74.838,149.68,3,1,0,0,0,0,0,0,0,0,0,0,0,0,0,0,0,0,0,0
62,2,93.539,139.01,65.28,130.56,6,1,0,0,0,0,0,0,0,0,0,0,0,0,0,0,0,0,0,0
62,3,700.26,112.5,112.97,225.94,5,1,0,0,0,0,0,0,0,0,0,0,0,0,0,0,0,0,0,0
63,1,27.273,124.22,74.987,149.97,3,1,0,0,0,0,0,0,0,0,0,0,0,0,0,0,0,0,0,0
63,2,92.041,140.13,65.033,130.07,6,1,0,0,0,0,0,0,0,0,0,0,0,0,0,0,0,0,0,0
63,3,692.41,113.78,112.4,224.8,5,1,0,0,0,0,0,0,0,0,0,0,0,0,0,0,0,0,0,0
64,1,28.735,124.47,75.161,150.32,3,1,0,0,0,0,0,0,0,0,0,0,0,0,0,0,0,0,0,0
64,2,90.185,140.53,64.804,129.61,6,1,0,0,0,0,0,0,0,0,0,0,0,0,0,0,0,0,0,0
64,3,684.23,114.37,111.78,223.57,5,1,0,0,0,0,0,0,0,0,0,0,0,0,0,0,0,0,0,0
65,1,30.726,124.8,75.305,150.61,3,1,0,0,0,0,0,0,0,0,0,0,0,0,0,0,0,0,0,0
65,2,88.8,141.01,64.552,129.1,6,1,0,0,0,0,0,0,0,0,0,0,0,0,0,0,0,0,0,0
65,3,676.66,115,111.23,222.47,5,1,0,0,0,0,0,0,0,0,0,0,0,0,0,0,0,0,0,0
66,1,31.842,125,75.504,151.01,3,1,0,0,0,0,0,0,0,0,0,0,0,0,0,0,0,0,0,0
66,2,86.616,141.39,64.339,128.68,6,1,0,0,0,0,0,0,0,0,0,0,0,0,0,0,0,0,0,0
66,3,668.28,115.59,110.58,221.16,5,1,0,0,0,0,0,0,0,0,0,0,0,0,0,0,0,0,0,0
67,1,32.632,125.49,75.729,151.46,3,1,0,0,0,0,0,0,0,0,0,0,0,0,0,0,0,0,0,0
67,2,84.124,142.05,64.146,128.29,6,1,0,0,0,0,0,0,0,0,0,0,0,0,0,0,0,0,0,0
67,3,659.73,116.47,109.91,219.83,5,1,0,0,0,0,0,0,0,0,0,0,0,0,0,0,0,0,0,0
68,1,33.988,126.96,75.918,151.84,3,1,0,0,0,0,0,0,0,0,0,0,0,0,0,0,0,0,0,0
68,2,82.139,143.68,63.927,127.85,6,1,0,0,0,0,0,0,0,0,0,0,0,0,0,0,0,0,0,0
68,3,651.78,118.28,109.31,218.61,5,1,0,0,0,0,0,0,0,0,0,0,0,0,0,0,0,0,0,0
69,1,35.295,125.93,76.113,152.23,3,1,0,0,0,0,0,0,0,0,0,0,0,0,0,0,0,0,0,0
69,2,80.101,142.81,63.711,127.42,6,1,0,0,0,0,0,0,0,0,0,0,0,0,0,0,0,0,0,0
69,3,643.87,117.6,108.7,217.4,5,1,0,0,0,0,0,0,0,0,0,0,0,0,0,0,0,0,0,0
70,1,37.015,125.44,76.283,152.57,3,1,0,0,0,0,0,0,0,0,0,0,0,0,0,0,0,0,0,0
70,2,78.44,142.49,63.478,126.96,6,1,0,0,0,0,0,0,0,0,0,0,0,0,0,0,0,0,0,0
70,3,636.41,117.44,108.13,216.27,5,1,0,0,0,0,0,0,0,0,0,0,0,0,0,0,0,0,0,0
71,1,38.775,125.91,76.454,152.91,3,1,1,2,1.4971,0.65254,0.18452,0.36903,3,1,77.002,278.82,76.454,152.91,77.002,-75.905,229.91,278.82,355.27,355.27
71,2,76.813,143.12,63.245,126.49,7,1,2,2,-2.0424,0.0009178,-0.22265,-0.4453,6,1,108.44,269.61,63.245,126.49,108.44,108.44,-70.447,269.61,180.17,269.61
71,3,629.07,118.23,107.58,215.15,5,1,3,2,-8.2895,-0.58465,-0.60743,-1.2149,5,1,682.86,333.38,107.58,215.15,682.86,467.71,467.71,333.38,225.8,440.96
72,1,40.256,125.74,76.645,153.29,3,1,0,0,0,0,0,0,0,0,0,0,0,0,0,0,0,0,0,0
72,2,74.92,143.11,63.027,126.05,7,1,0,0,0,0,0,0,0,0,0,0,0,0,0,0,0,0,0,0
72,3,621.57,118.4,107,214,5,1,0,0,0,0,0,0,0,0,0,0,0,0,0,0,0,0,0,0
73,1,42.212,127.23,76.808,153.62,3,1,0,0,0,0,0,0,0,0,0,0,0,0,0,0,0,0,0,0
73,2,73.474,144.75,62.788,125.58,7,1,0,0,0,0,0,0,0,0,0,0,0,0,0,0,0,0,0,0
73,3,614.57,120.18,106.47,212.93,5,1,0,0,0,0,0,0,0,0,0,0,0,0,0,0,0,0,0,0
74,1,44.283,126.3,76.964,153.93,3,1,0,0,0,0,0,0,0,0,0,0,0,0,0,0,0,0,0,0
74,2,72.136,143.98,62.544,125.09,7,1,0,0,0,0,0,0,0,0,0,0,0,0,0,0,0,0,0,0
74,3,607.72,119.55,105.94,211.88,5,1,0,0,0,0,0,0,0,0,0,0,0,0,0,0,0,0,0,0
75,1,45.772,125.77,77.16,154.32,3,1,0,0,0,0,0,0,0,0,0,0,0,0,0,0,0,0,0,0
75,2,70.239,143.62,62.328,124.66,7,1,0,0,0,0,0,0,0,0,0,0,0,0,0,0,0,0,0,0
75,3,600.44,119.37,105.36,210.73,5,1,0,0,0,0,0,0,0,0,0,0,0,0,0,0,0,0,0,0
76,1,47.237,125.55,77.362,154.72,3,1,0,0,0,0,0,0,0,0,0,0,0,0,0,0,0,0,0,0
76,2,68.314,143.57,62.119,124.24,7,1,0,0,0,0,0,0,0,0,0,0,0,0,0,0,0,0,0,0
76,3,593.26,119.48,104.8,209.6,5,1,0,0,0,0,0,0,0,0,0,0,0,0,0,0,0,0,0,0
77,1,49.192,126.11,77.532,155.06,3,1,0,0,0,0,0,0,0,0,0,0,0,0,0,0,0,0,0,0
77,2,66.86,144.29,61.884,123.77,7,1,0,0,0,0,0,0,0,0,0,0,0,0,0,0,0,0,0,0
77,3,586.54,120.35,104.27,208.53,5,1,0,0,0,0,0,0,0,0,0,0,0,0,0,0,0,0,0,0
78,1,49.644,126.2,77.805,155.61,3,1,0,0,0,0,0,0,0,0,0,0,0,0,0,0,0,0,0,0
78,2,63.93,144.56,61.729,123.46,7,1,0,0,0,0,0,0,0,0,0,0,0,0,0,0,0,0,0,0
78,3,578.67,120.84,103.63,207.26,5,1,0,0,0,0,0,0,0,0,0,0,0,0,0,0,0,0,0,0
79,1,51.387,125.53,77.997,155.99,3,1,0,0,0,0,0,0,0,0,0,0,0,0,0,0,0,0,0,0
79,2,62.257,144.06,61.512,123.02,7,1,0,0,0,0,0,0,0,0,0,0,0,0,0,0,0,0,0,0
79,3,571.97,120.49,103.1,206.2,5,1,0,0,0,0,0,0,0,0,0,0,0,0,0,0,0,0,0,0
80,1,52.605,126.03,78.222,156.44,3,1,0,0,0,0,0,0,0,0,0,0,0,0,0,0,0,0,0,0
80,2,60.06,144.73,61.32,122.64,7,1,0,0,0,0,0,0,0,0,0,0,0,0,0,0,0,0,0,0
80,3,564.89,121.35,102.52,205.05,5,1,0,0,0,0,0,0,0,0,0,0,0,0,0,0,0,0,0,0
81,1,54.228,126.12,78.425,156.85,3,1,1,2,1.6012,0.36054,0.20118,0.40235,3,1,93.441,282.97,78.425,156.85,93.441,-63.41,250.29,282.97,361.4,361.4
81,3,558.23,121.76,101.98,203.97,5,1,2,2,-7.3629,-0.82947,-0.56161,-1.1232,5,1,609.23,325.73,101.98,203.97,609.23,405.26,405.26,325.73,223.75,427.71
81,4,708.65,102.46,129.01,258.02,5,0,3,0,0,0,0,0,0,0,0,0,0,0,0,0,0,0,0,0
82,1,55.989,126.07,78.621,157.24,3,1,0,0,0,0,0,0,0,0,0,0,0,0,0,0,0,0,0,0
82,3,551.77,122.03,101.45,202.91,5,1,0,0,0,0,0,0,0,0,0,0,0,0,0,0,0,0,0,0
82,4,700.14,102.87,128.25,256.5,5,0,0,0,0,0,0,0,0,0,0,0,0,0,0,0,0,0,0,0
83,1,58.989,125.79,78.735,157.47,3,1,0,0,0,0,0,0,0,0,0,0,0,0,0,0,0,0,0,0
83,3,546.35,122,100.99,201.99,5,1,0,0,0,0,0,0,0,0,0,0,0,0,0,0,0,0,0,0
83,4,692.95,102.93,127.66,255.31,5,0,0,0,0,0,0,0,0,0,0,0,0,0,0,0,0,0,0,0
84,1,60.532,125.43,78.948,157.9,3,1,0,0,0,0,0,0,0,0,0,0,0,0,0,0,0,0,0,0
84,3,539.85,121.97,100.45,200.9,5,1,0,0,0,0,0,0,0,0,0,0,0,0,0,0,0,0,0,0
84,4,684.34,103.06,126.87,253.75,5,0,0,0,0,0,0,0,0,0,0,0,0,0,0,0,0,0,0,0
85,1,62.233,127.38,79.154,158.31,3,1,0,0,0,0,0,0,0,0,0,0,0,0,0,0,0,0,0,0
85,3,533.55,124.25,99.916,199.83,5,1,0,0,0,0,0,0,0,0,0,0,0,0,0,0,0,0,0,0
85,4,676,105.47,126.12,252.24,5,0,0,0,0,0,0,0,0,0,0,0,0,0,0,0,0,0,0,0
86,1,63.732,126.11,79.373,158.75,3,1,0,0,0,0,0,0,0,0,0,0,0,0,0,0,0,0,0,0
86,3,527.16,123.32,99.37,198.74,5,1,0,0,0,0,0,0,0,0,0,0,0,0,0,0,0,0,0,0
86,4,667.52,104.69,125.34,250.69,5,0,0,0,0,0,0,0,0,0,0,0,0,0,0,0,0,0,0,0
87,1,65.166,125.71,79.603,159.21,3,1,0,0,0,0,0,0,0,0,0,0,0,0,0,0,0,0,0,0
87,3,520.82,123.25,98.831,197.66,5,1,0,0,0,0,0,0,0,0,0,0,0,0,0,0,0,0,0,0
87,4,659.11,104.76,124.58,249.16,5,0,0,0,0,0,0,0,0,0,0,0,0,0,0,0,0,0,0,0
88,1,66.949,125.1,79.815,159.63,3,1,0,0,0,0,0,0,0,0,0,0,0,0,0,0,0,0,0,0
88,3,514.84,122.97,98.32,196.64,5,1,0,0,0,0,0,0,0,0,0,0,0,0,0,0,0,0,0,0
88,4,651.16,104.61,123.87,247.75,5,0,0,0,0,0,0,0,0,0,0,0,0,0,0,0,0,0,0,0
89,1,68.606,125.72,80.034,160.07,3,1,0,0,0,0,0,0,0,0,0,0,0,0,0,0,0,0,0,0
89,3,508.81,123.91,97.794,195.59,5,1,0,0,0,0,0,0,0,0,0,0,0,0,0,0,0,0,0,0
89,4,643.12,105.68,123.15,246.29,5,0,0,0,0,0,0,0,0,0,0,0,0,0,0,0,0,0,0,0
90,1,70.087,127.64,80.266,160.53,3,1,0,0,0,0,0,0,0,0,0,0,0,0,0,0,0,0,0,0
90,3,502.72,126.18,97.262,194.52,5,1,0,0,0,0,0,0,0,0,0,0,0,0,0,0,0,0,0,0
90,4,635,108.07,122.41,244.81,5,0,0,0,0,0,0,0,0,0,0,0,0,0,0,0,0,0,0,0
91,1,71.968,126.75,80.477,160.95,3,1,1,2,1.7878,0.50576,0.21256,0.42512,3,1,112.21,287.71,80.477,160.95,112.21,-48.748,273.16,287.71,368.19,368.19
91,2,41.623,147.3,59.023,118.05,7,1,2,2,0,0,0,0,0,0,0,0,0,0,0,0,0,0,0,0
91,3,497.02,125.61,96.755,193.51,5,1,3,2,-6.42,-0.64726,-0.52732,-1.0546,5,1,545.4,319.12,96.755,193.51,545.4,351.89,351.89,319.12,222.36,415.87
91,4,627.36,107.62,121.72,243.44,5,1,4,2,-8.5482,-0.93357,-0.73732,-1.4746,5,1,688.22,351.06,121.72,243.44,688.22,444.78,444.78,351.06,229.34,472.79
92,1,73.576,126.55,80.708,161.42,3,1,0,0,0,0,0,0,0,0,0,0,0,0,0,0,0,0,0,0
92,2,39.77,147.28,58.833,117.67,7,1,0,0,0,0,0,0,0,0,0,0,0,0,0,0,0,0,0,0
92,3,491.18,125.74,96.235,192.47,5,1,0,0,0,0,0,0,0,0,0,0,0,0,0,0,0,0,0,0
92,4,619.54,107.88,121.01,242.03,5,1,0,0,0,0,0,0,0,0,0,0,0,0,0,0,0,0,0,0
93,1,75.17,127.55,80.941,161.88,3,1,0,0,0,0,0,0,0,0,0,0,0,0,0,0,0,0,0,0
93,2,37.896,148.45,58.645,117.29,7,1,0,0,0,0,0,0,0,0,0,0,0,0,0,0,0,0,0,0
93,3,485.38,127.07,95.715,191.43,5,1,0,0,0,0,0,0,0,0,0,0,0,0,0,0,0,0,0,0
93,4,611.77,109.32,120.31,240.62,5,1,0,0,0,0,0,0,0,0,0,0,0,0,0,0,0,0,0,0
94,1,76.512,127.81,81.199,162.4,3,1,0,0,0,0,0,0,0,0,0,0,0,0,0,0,0,0,0,0
94,2,35.743,148.89,58.477,116.95,7,1,0,0,0,0,0,0,0,0,0,0,0,0,0,0,0,0,0,0
94,3,479.5,127.67,95.198,190.4,5,1,0,0,0,0,0,0,0,0,0,0,0,0,0,0,0,0,0,0
94,4,603.91,110.05,119.6,239.2,5,1,0,0,0,0,0,0,0,0,0,0,0,0,0,0,0,0,0,0
95,1,78.503,128.88,81.407,162.81,3,1,0,0,0,0,0,0,0,0,0,0,0,0,0,0,0,0,0,0
95,2,34.296,150.13,58.267,116.53,7,1,0,0,0,0,0,0,0,0,0,0,0,0,0,0,0,0,0,0
95,3,474.12,129.06,94.692,189.38,5,1,0,0,0,0,0,0,0,0,0,0,0,0,0,0,0,0,0,0
95,4,596.64,111.55,118.94,237.88,5,1,0,0,0,0,0,0,0,0,0,0,0,0,0,0,0,0,0,0
96,1,80.486,128.91,81.623,163.25,3,1,0,0,0,0,0,0,0,0,0,0,0,0,0,0,0,0,0,0
96,2,32.841,150.33,58.063,116.13,7,1,0,0,0,0,0,0,0,0,0,0,0,0,0,0,0,0,0,0
96,3,468.83,129.41,94.194,188.39,5,1,0,0,0,0,0,0,0,0,0,0,0,0,0,0,0,0,0,0
96,4,589.47,112,118.29,236.58,5,1,0,0,0,0,0,0,0,0,0,0,0,0,0,0,0,0,0,0
97,1,81.804,127.89,81.885,163.77,3,1,0,0,0,0,0,0,0,0,0,0,0,0,0,0,0,0,0,0
97,2,30.651,149.5,57.898,115.8,7,1,0,0,0,0,0,0,0,0,0,0,0,0,0,0,0,0,0,0
97,3,463.1,128.74,93.675,187.35,5,1,0,0,0,0,0,0,0,0,0,0,0,0,0,0,0,0,0,0
97,4,581.79,111.45,117.59,235.18,5,1,0,0,0,0,0,0,0,0,0,0,0,0,0,0,0,0,0,0
98,1,83.737,126.88,82.107,164.21,3,1,0,0,0,0,0,0,0,0,0,0,0,0,0,0,0,0,0,0
98,2,29.14,148.66,57.698,115.4,7,1,0,0,0,0,0,0,0,0,0,0,0,0,0,0,0,0,0,0
98,3,457.88,128.04,93.176,186.35,5,1,0,0,0,0,0,0,0,0,0,0,0,0,0,0,0,0,0,0
98,4,574.73,110.85,116.94,233.89,5,1,0,0,0,0,0,0,0,0,0,0,0,0,0,0,0,0,0,0
99,1,85.534,126.72,82.344,164.69,3,1,0,0,0,0,0,0,0,0,0,0,0,0,0,0,0,0,0,0
99,2,27.479,148.67,57.509,115.02,7,1,0,0,0,0,0,0,0,0,0,0,0,0,0,0,0,0,0,0
99,3,452.64,128.2,92.679,185.36,5,1,0,0,0,0,0,0,0,0,0,0,0,0,0,0,0,0,0,0
99,4,567.64,111.12,116.3,232.6,5,1,0,0,0,0,0,0,0,0,0,0,0,0,0,0,0,0,0,0
100,1,87.009,126.6,82.606,165.21,3,1,0,0,0,0,0,0,0,0,0,0,0,0,0,0,0,0,0,0
100,2,25.452,148.74,57.342,114.68,7,1,0,0,0,0,0,0,0,0,0,0,0,0,0,0,0,0,0,0
100,3,447.21,128.43,92.176,184.35,5,1,0,0,0,0,0,0,0,0,0,0,0,0,0,0,0,0,0,0
100,4,560.36,111.45,115.63,231.27,5,1,0,0,0,0,0,0,0,0,0,0,0,0,0,0,0,0,0,0
101,1,89.101,126.55,82.833,165.67,3,1,1,2,1.8434,0.35501,0.23556,0.47112,3,1,130.52,292.21,82.833,165.67,130.52,-35.148,296.18,292.21,375.04,375.04
101,2,24.125,148.86,57.142,114.28,7,1,2,2,-1.8328,-0.31589,-0.18826,-0.37651,7,1,52.696,263.15,57.142,114.28,52.696,166.98,-61.587,263.15,206,206
101,3,442.33,128.69,91.699,183.4,5,1,3,2,-5.6798,-0.79686,-0.50463,-1.0093,5,1,488.18,312.08,91.699,183.4,488.18,304.78,304.78,312.08,220.39,403.78
101,4,553.71,111.8,115.03,230.07,5,1,4,2,-7.6484,-1.0093,-0.66506,-1.3301,5,1,611.23,341.87,115.03,230.07,611.23,381.16,381.16,341.87,226.83,456.9
101,5,695.61,100.35,117,234,5,0,5,2,0,0,0,0,0,0,0,0,0,0,0,0,0,0,0,0
102,1,90.618,126.65,83.097,166.19,3,1,0,0,0,0,0,0,0,0,0,0,0,0,0,0,0,0,0,0
102,2,22.144,149.15,56.974,113.95,7,1,0,0,0,0,0,0,0,0,0,0,0,0,0,0,0,0,0,0
102,3,437.05,129.13,91.201,182.4,5,1,0,0,0,0,0,0,0,0,0,0,0,0,0,0,0,0,0,0
102,4,546.62,112.35,114.38,228.77,5,1,0,0,0,0,0,0,0,0,0,0,0,0,0,0,0,0,0,0
102,5,686.7,100.98,116.31,232.62,5,0,0,0,0,0,0,0,0,0,0,0,0,0,0,0,0,0,0,0
103,1,92.818,124.07,83.317,166.63,3,1,0,0,0,0,0,0,0,0,0,0,0,0,0,0,0,0,0,0
103,2,20.948,146.74,56.768,113.54,7,1,0,0,0,0,0,0,0,0,0,0,0,0,0,0,0,0,0,0
103,3,432.34,126.86,90.721,181.44,5,1,0,0,0,0,0,0,0,0,0,0,0,0,0,0,0,0,0,0
103,4,540.18,110.16,113.79,227.57,5,1,0,0,0,0,0,0,0,0,0,0,0,0,0,0,0,0,0,0
103,5,678.59,98.855,115.71,231.42,5,0,0,0,0,0,0,0,0,0,0,0,0,0,0,0,0,0,0,0
104,1,94.79,125.3,83.556,167.11,3,1,0,0,0,0,0,0,0,0,0,0,0,0,0,0,0,0,0,0
104,2,19.494,148.16,56.576,113.15,7,1,0,0,0,0,0,0,0,0,0,0,0,0,0,0,0,0,0,0
104,3,427.51,128.41,90.238,180.48,5,1,0,0,0,0,0,0,0,0,0,0,0,0,0,0,0,0,0,0
104,4,533.62,111.8,113.18,226.36,5,1,0,0,0,0,0,0,0,0,0,0,0,0,0,0,0,0,0,0
104,5,670.33,100.56,115.08,230.17,5,0,0,0,0,0,0,0,0,0,0,0,0,0,0,0,0,0,0,0
105,1,95.976,126.68,83.854,167.71,3,1,0,0,0,0,0,0,0,0,0,0,0,0,0,0,0,0,0,0
105,2,17.122,149.72,56.436,112.87,7,1,0,0,0,0,0,0,0,0,0,0,0,0,0,0,0,0,0,0
105,3,422.14,130.14,89.747,179.49,5,1,0,0,0,0,0,0,0,0,0,0,0,0,0,0,0,0,0,0
105,4,526.51,113.64,112.53,225.07,5,1,0,0,0,0,0,0,0,0,0,0,0,0,0,0,0,0,0,0
105,5,661.38,102.48,114.39,228.77,5,0,0,0,0,0,0,0,0,0,0,0,0,0,0,0,0,0,0,0
106,1,97.54,126.85,84.128,168.26,3,1,0,0,0,0,0,0,0,0,0,0,0,0,0,0,0,0,0,0
106,2,15.184,150.08,56.275,112.55,7,1,0,0,0,0,0,0,0,0,0,0,0,0,0,0,0,0,0,0
106,3,417.11,130.65,89.264,178.53,5,1,0,0,0,0,0,0,0,0,0,0,0,0,0,0,0,0,0,0
106,4,519.77,114.24,111.91,223.82,5,1,0,0,0,0,0,0,0,0,0,0,0,0,0,0,0,0,0,0
106,5,652.88,103.16,113.73,227.47,5,0,0,0,0,0,0,0,0,0,0,0,0,0,0,0,0,0,0,0
107,1,99.018,127.49,84.411,168.82,3,1,0,0,0,0,0,0,0,0,0,0,0,0,0,0,0,0,0,0
107,2,13.141,150.91,56.12,112.24,7,1,0,0,0,0,0,0,0,0,0,0,0,0,0,0,0,0,0,0
107,3,412.05,131.64,88.782,177.56,5,1,0,0,0,0,0,0,0,0,0,0,0,0,0,0,0,0,0,0
107,4,513.04,115.32,111.29,222.59,5,1,0,0,0,0,0,0,0,0,0,0,0,0,0,0,0,0,0,0
107,5,644.38,104.32,113.08,226.16,5,0,0,0,0,0,0,0,0,0,0,0,0,0,0,0,0,0,0,0
108,1,101.2,127.26,84.651,169.3,3,1,0,0,0,0,0,0,0,0,0,0,0,0,0,0,0,0,0,0
108,2,11.936,150.87,55.923,111.85,7,1,0,0,0,0,0,0,0,0,0,0,0,0,0,0,0,0,0,0
108,3,407.58,131.73,88.314,176.63,5,1,0,0,0,0,0,0,0,0,0,0,0,0,0,0,0,0,0,0
108,4,506.96,115.49,110.72,221.44,5,1,0,0,0,0,0,0,0,0,0,0,0,0,0,0,0,0,0,0
108,5,636.66,104.54,112.5,225.01,5,0,0,0,0,0,0,0,0,0,0,0,0,0,0,0,0,0,0,0
109,1,103.04,126.38,84.911,169.82,3,1,0,0,0,0,0,0,0,0,0,0,0,0,0,0,0,0,0,0
109,2,10.316,150.17,55.746,111.49,7,1,0,0,0,0,0,0,0,0,0,0,0,0,0,0,0,0,0,0
109,3,402.86,131.18,87.834,175.67,5,1,0,0,0,0,0,0,0,0,0,0,0,0,0,0,0,0,0,0
109,4,500.63,115.03,110.12,220.24,5,1,0,0,0,0,0,0,0,0,0,0,0,0,0,0,0,0,0,0
109,5,628.62,104.15,111.88,223.77,5,0,0,0,0,0,0,0,0,0,0,0,0,0,0,0,0,0,0,0
110,1,105.19,126.42,85.157,170.31,3,1,0,0,0,0,0,0,0,0,0,0,0,0,0,0,0,0,0,0
110,2,9.082,150.39,55.554,111.11,7,1,0,0,0,0,0,0,0,0,0,0,0,0,0,0,0,0,0,0
110,3,398.45,131.53,87.366,174.73,5,1,0,0,0,0,0,0,0,0,0,0,0,0,0,0,0,0,0,0
110,4,494.65,115.47,109.55,219.09,5,1,0,0,0,0,0,0,0,0,0,0,0,0,0,0,0,0,0,0
110,5,621,104.63,111.31,222.62,5,0,0,0,0,0,0,0,0,0,0,0,0,0,0,0,0,0,0,0
111,1,106.87,126.14,85.444,170.89,3,1,1,2,1.8969,0.64641,0.26334,0.52669,3,1,149.59,297.03,85.444,170.89,149.59,-21.301,320.48,297.03,382.48,382.48
111,2,7.2558,150.31,55.396,110.79,7,1,2,2,-1.7868,-0.040824,-0.17302,-0.34603,7,1,34.954,261.1,55.396,110.79,34.954,145.75,-75.838,261.1,205.71,205.71
111,3,393.72,131.59,86.9,173.8,5,1,3,2,-5.0827,-0.50654,-0.47878,-0.95756,5,1,437.17,305.39,86.9,173.8,437.17,263.37,263.37,305.39,218.49,392.29
111,4,488.37,115.61,108.96,217.92,5,1,4,2,-6.8074,-0.66901,-0.60521,-1.2104,5,1,542.85,333.53,108.96,217.92,542.85,324.93,324.93,333.53,224.57,442.49
111,5,613.03,104.84,110.7,221.41,5,0,5,2,-8.5406,-0.64689,-0.62774,-1.2555,5,1,668.38,326.25,110.7,221.41,668.38,446.97,446.97,326.25,215.55,436.95
112,1,108.12,125.79,85.764,171.53,3,1,0,0,0,0,0,0,0,0,0,0,0,0,0,0,0,0,0,0
112,2,4.91,150.16,55.268,110.54,7,1,0,0,0,0,0,0,0,0,0,0,0,0,0,0,0,0,0,0
112,3,388.7,131.59,86.437,172.87,5,1,0,0,0,0,0,0,0,0,0,0,0,0,0,0,0,0,0,0
112,4,481.82,115.71,108.36,216.73,5,1,0,0,0,0,0,0,0,0,0,0,0,0,0,0,0,0,0,0
112,5,604.74,105.01,110.07,220.14,5,0,0,0,0,0,0,0,0,0,0,0,0,0,0,0,0,0,0,0
113,1,110.6,126.2,86.002,172,3,1,0,0,0,0,0,0,0,0,0,0,0,0,0,0,0,0,0,0
113,2,4.0746,150.75,55.061,110.12,7,1,0,0,0,0,0,0,0,0,0,0,0,0,0,0,0,0,0,0
113,3,384.66,132.32,85.98,171.96,5,1,0,0,0,0,0,0,0,0,0,0,0,0,0,0,0,0,0,0
113,4,476.31,116.5,107.82,215.64,5,1,0,0,0,0,0,0,0,0,0,0,0,0,0,0,0,0,0,0
113,5,597.65,105.84,109.54,219.08,5,0,0,0,0,0,0,0,0,0,0,0,0,0,0,0,0,0,0,0
114,1,113.36,126.08,86.229,172.46,3,1,0,0,0,0,0,0,0,0,0,0,0,0,0,0,0,0,0,0
114,2,3.5908,150.81,54.839,109.68,7,1,0,0,0,0,0,0,0,0,0,0,0,0,0,0,0,0,0,0
114,3,380.89,132.49,85.53,171.06,5,1,0,0,0,0,0,0,0,0,0,0,0,0,0,0,0,0,0,0
114,4,471.11,116.74,107.29,214.59,5,1,0,0,0,0,0,0,0,0,0,0,0,0,0,0,0,0,0,0
114,5,590.91,106.11,109.04,218.08,5,0,0,0,0,0,0,0,0,0,0,0,0,0,0,0,0,0,0,0
115,1,115.46,125.86,86.498,173,3,1,0,0,0,0,0,0,0,0,0,0,0,0,0,0,0,0,0,0
115,2,2.2796,150.78,54.659,109.32,7,1,0,0,0,0,0,0,0,0,0,0,0,0,0,0,0,0,0,0
115,3,376.61,132.6,85.07,170.14,5,1,0,0,0,0,0,0,0,0,0,0,0,0,0,0,0,0,0,0
115,4,465.4,116.92,106.73,213.47,5,1,0,0,0,0,0,0,0,0,0,0,0,0,0,0,0,0,0,0
115,5,583.57,106.35,108.48,216.95,5,0,0,0,0,0,0,0,0,0,0,0,0,0,0,0,0,0,0,0
116,1,117.26,126.77,86.796,173.59,3,1,0,0,0,0,0,0,0,0,0,0,0,0,0,0,0,0,0,0
116,2,0.6039,151.89,54.502,109,7,1,0,0,0,0,0,0,0,0,0,0,0,0,0,0,0,0,0,0
116,3,372.15,133.84,84.617,169.23,5,1,0,0,0,0,0,0,0,0,0,0,0,0,0,0,0,0,0,0
116,4,459.54,118.25,106.17,212.34,5,1,0,0,0,0,0,0,0,0,0,0,0,0,0,0,0,0,0,0
116,5,576.07,107.74,107.9,215.8,5,0,0,0,0,0,0,0,0,0,0,0,0,0,0,0,0,0,0,0
117,1,120.06,126.06,87.033,174.07,3,1,0,0,0,0,0,0,0,0,0,0,0,0,0,0,0,0,0,0
117,2,0.17744,151.37,54.283,108.57,7,1,0,0,0,0,0,0,0,0,0,0,0,0,0,0,0,0,0,0
117,3,368.5,133.44,84.169,168.34,5,1,0,0,0,0,0,0,0,0,0,0,0,0,0,0,0,0,0,0
117,4,454.53,117.91,105.65,211.3,5,1,0,0,0,0,0,0,0,0,0,0,0,0,0,0,0,0,0,0
117,5,569.54,107.43,107.41,214.81,5,0,0,0,0,0,0,0,0,0,0,0,0,0,0,0,0,0,0,0
118,1,122.57,126.3,87.295,174.59,3,1,0,0,0,0,0,0,0,0,0,0,0,0,0,0,0,0,0,0
118,2,-0.61519,151.8,54.085,108.17,7,1,0,0,0,0,0,0,0,0,0,0,0,0,0,0,0,0,0,0
118,3,364.66,134,83.723,167.45,5,1,0,0,0,0,0,0,0,0,0,0,0,0,0,0,0,0,0,0
118,4,449.35,118.54,105.12,210.24,5,1,0,0,0,0,0,0,0,0,0,0,0,0,0,0,0,0,0,0
118,5,562.81,108.09,106.89,213.79,5,0,0,0,0,0,0,0,0,0,0,0,0,0,0,0,0,0,0,0
119,1,124.5,127.05,87.6,175.2,3,1,0,0,0,0,0,0,0,0,0,0,0,0,0,0,0,0,0,0
119,2,-2.1413,152.75,53.927,107.85,7,1,0,0,0,0,0,0,0,0,0,0,0,0,0,0,0,0,0,0
119,3,360.39,135.08,83.279,166.56,5,1,0,0,0,0,0,0,0,0,0,0,0,0,0,0,0,0,0,0
119,4,443.77,119.7,104.58,209.15,5,1,0,0,0,0,0,0,0,0,0,0,0,0,0,0,0,0,0,0
119,5,555.63,109.31,106.34,212.68,5,0,0,0,0,0,0,0,0,0,0,0,0,0,0,0,0,0,0,0
120,1,127.02,127.59,87.872,175.74,3,1,0,0,0,0,0,0,0,0,0,0,0,0,0,0,0,0,0,0
120,2,-2.9181,153.49,53.732,107.46,7,1,0,0,0,0,0,0,0,0,0,0,0,0,0,0,0,0,0,0
120,3,356.62,135.95,82.838,165.68,5,1,0,0,0,0,0,0,0,0,0,0,0,0,0,0,0,0,0,0
120,4,438.72,120.62,104.05,208.11,5,1,0,0,0,0,0,0,0,0,0,0,0,0,0,0,0,0,0,0
120,5,549.04,110.27,105.83,211.67,5,0,0,0,0,0,0,0,0,0,0,0,0,0,0,0,0,0,0,0
121,1,129.38,128.07,88.159,176.32,3,1,1,2,2.4739,0.75131,0.26742,0.53484,3,1,173.46,304.39,88.159,176.32,173.46,-2.8593,349.78,304.39,392.55,392.55
121,3,352.74,136.75,82.397,164.79,6,1,2,2,-4.2367,-0.36091,-0.44909,-0.89818,5,1,393.94,301.55,82.397,164.79,393.94,229.14,229.14,301.55,219.15,383.94
121,4,433.58,121.5,103.52,207.05,6,1,3,2,-5.6462,-0.46931,-0.53869,-1.0774,5,1,485.34,328.55,103.52,207.05,485.34,278.29,278.29,328.55,225.02,432.07
121,5,542.37,111.19,105.31,210.63,5,1,4,0,-7.2158,-0.40875,-0.53011,-1.0602,5,1,595.02,321.82,105.31,210.63,595.02,384.4,384.4,321.82,216.5,427.13
122,1,131.46,127.97,88.467,176.93,3,1,0,0,0,0,0,0,0,0,0,0,0,0,0,0,0,0,0,0
122,3,348.66,136.98,81.957,163.91,6,1,0,0,0,0,0,0,0,0,0,0,0,0,0,0,0,0,0,0
122,4,428.27,121.8,102.99,205.98,6,1,0,0,0,0,0,0,0,0,0,0,0,0,0,0,0,0,0,0
122,5,535.5,111.54,104.78,209.55,5,1,0,0,0,0,0,0,0,0,0,0,0,0,0,0,0,0,0,0
123,1,133.67,127.7,88.776,177.55,3,1,0,0,0,0,0,0,0,0,0,0,0,0,0,0,0,0,0,0
123,3,344.7,137.05,81.523,163.05,6,1,0,0,0,0,0,0,0,0,0,0,0,0,0,0,0,0,0,0
123,4,423.11,121.94,102.47,204.93,6,1,0,0,0,0,0,0,0,0,0,0,0,0,0,0,0,0,0,0
123,5,528.82,111.73,104.26,208.51,5,1,0,0,0,0,0,0,0,0,0,0,0,0,0,0,0,0,0,0
124,1,135.74,127.34,89.101,178.2,3,1,0,0,0,0,0,0,0,0,0,0,0,0,0,0,0,0,0,0
124,3,340.67,137.03,81.095,162.19,6,1,0,0,0,0,0,0,0,0,0,0,0,0,0,0,0,0,0,0
124,4,417.89,121.99,101.94,203.89,6,1,0,0,0,0,0,0,0,0,0,0,0,0,0,0,0,0,0,0
124,5,522.1,111.83,103.73,207.47,5,1,0,0,0,0,0,0,0,0,0,0,0,0,0,0,0,0,0,0
125,1,137.73,127.29,89.434,178.87,3,1,0,0,0,0,0,0,0,0,0,0,0,0,0,0,0,0,0,0
125,3,336.58,137.33,80.668,161.34,6,1,0,0,0,0,0,0,0,0,0,0,0,0,0,0,0,0,0,0
125,4,412.65,122.36,101.42,202.84,6,1,0,0,0,0,0,0,0,0,0,0,0,0,0,0,0,0,0,0
125,5,515.35,112.24,103.21,206.41,5,1,0,0,0,0,0,0,0,0,0,0,0,0,0,0,0,0,0,0
126,1,140.07,124.82,89.752,179.5,3,1,0,0,0,0,0,0,0,0,0,0,0,0,0,0,0,0,0,0
126,3,332.79,135.2,80.243,160.49,6,1,0,0,0,0,0,0,0,0,0,0,0,0,0,0,0,0,0,0
126,4,407.74,120.3,100.91,201.82,6,1,0,0,0,0,0,0,0,0,0,0,0,0,0,0,0,0,0,0
126,5,508.97,110.22,102.71,205.41,5,1,0,0,0,0,0,0,0,0,0,0,0,0,0,0,0,0,0,0
127,1,141.63,127.51,90.128,180.26,3,1,0,0,0,0,0,0,0,0,0,0,0,0,0,0,0,0,0,0
127,3,328.39,138.24,79.83,159.66,6,1,0,0,0,0,0,0,0,0,0,0,0,0,0,0,0,0,0,0
127,4,402.26,123.42,100.4,200.79,6,1,0,0,0,0,0,0,0,0,0,0,0,0,0,0,0,0,0,0
127,5,502,113.4,102.17,204.34,5,1,0,0,0,0,0,0,0,0,0,0,0,0,0,0,0,0,0,0
128,1,143.32,128.01,90.496,180.99,3,1,0,0,0,0,0,0,0,0,0,0,0,0,0,0,0,0,0,0
128,3,324.1,139.1,79.415,158.83,6,1,0,0,0,0,0,0,0,0,0,0,0,0,0,0,0,0,0,0
128,4,396.89,124.35,99.878,199.76,6,1,0,0,0,0,0,0,0,0,0,0,0,0,0,0,0,0,0,0
128,5,495.16,114.38,101.64,203.28,5,1,0,0,0,0,0,0,0,0,0,0,0,0,0,0,0,0,0,0
129,1,146.36,127.39,90.782,181.56,3,1,0,0,0,0,0,0,0,0,0,0,0,0,0,0,0,0,0,0
129,3,320.94,138.8,78.987,157.97,6,1,0,0,0,0,0,0,0,0,0,0,0,0,0,0,0,0,0,0
129,4,392.67,124.11,99.381,198.76,6,1,0,0,0,0,0,0,0,0,0,0,0,0,0,0,0,0,0,0
129,5,489.55,114.17,101.18,202.36,5,1,0,0,0,0,0,0,0,0,0,0,0,0,0,0,0,0,0,0
130,1,148.52,127.34,91.137,182.27,3,1,0,0,0,0,0,0,0,0,0,0,0,0,0,0,0,0,0,0
130,3,317.08,139.09,78.578,157.16,6,1,0,0,0,0,0,0,0,0,0,0,0,0,0,0,0,0,0,0
130,4,387.79,124.47,98.884,197.77,6,1,0,0,0,0,0,0,0,0,0,0,0,0,0,0,0,0,0,0
130,5,483.27,114.57,100.69,201.37,5,1,0,0,0,0,0,0,0,0,0,0,0,0,0,0,0,0,0,0
131,1,151.01,127.35,91.472,182.94,3,1,1,2,2.2973,0.6551,0.33658,0.67315,3,1,196.75,310.29,91.472,182.94,196.75,13.807,379.69,310.29,401.76,401.76
131,3,313.51,139.44,78.164,156.33,6,1,2,2,-4.1509,-0.5171,-0.42103,-0.84206,6,1,352.59,295.77,78.164,156.33,352.59,352.59,131.51,295.77,185.23,295.77
131,4,383.21,124.89,98.386,196.77,6,1,3,0,-5.2962,-0.62918,-0.51193,-1.0239,6,1,432.4,321.66,98.386,196.77,432.4,432.4,154.12,321.66,182.52,321.66
131,5,477.31,115.02,100.2,200.41,5,1,3,0,-6.7574,-0.58058,-0.51005,-1.0201,5,1,527.41,315.43,100.2,200.41,527.41,327,327,315.43,215.23,415.63
132,1,152.94,127.29,91.85,183.7,3,1,0,0,0,0,0,0,0,0,0,0,0,0,0,0,0,0,0,0
132,3,309.47,139.74,77.761,155.52,6,1,0,0,0,0,0,0,0,0,0,0,0,0,0,0,0,0,0,0
132,4,378.2,125.25,97.889,195.78,6,1,0,0,0,0,0,0,0,0,0,0,0,0,0,0,0,0,0,0
132,5,470.91,115.44,99.705,199.41,5,1,0,0,0,0,0,0,0,0,0,0,0,0,0,0,0,0,0,0
133,1,154.78,129.12,92.236,184.47,3,1,0,0,0,0,0,0,0,0,0,0,0,0,0,0,0,0,0,0
133,3,305.37,141.93,77.361,154.72,6,1,0,0,0,0,0,0,0,0,0,0,0,0,0,0,0,0,0,0
133,4,373.14,127.51,97.391,194.78,6,1,0,0,0,0,0,0,0,0,0,0,0,0,0,0,0,0,0,0
133,5,464.49,117.74,99.203,198.41,5,1,0,0,0,0,0,0,0,0,0,0,0,0,0,0,0,0,0,0
134,1,157.71,128.12,92.567,185.13,3,1,0,0,0,0,0,0,0,0,0,0,0,0,0,0,0,0,0,0
134,3,302.23,141.27,76.954,153.91,6,1,0,0,0,0,0,0,0,0,0,0,0,0,0,0,0,0,0,0
134,4,369.05,126.91,96.912,193.82,6,1,0,0,0,0,0,0,0,0,0,0,0,0,0,0,0,0,0,0
134,5,459.09,117.16,98.756,197.51,5,1,0,0,0,0,0,0,0,0,0,0,0,0,0,0,0,0,0,0
135,1,159.77,126.88,92.957,185.91,3,1,0,0,0,0,0,0,0,0,0,0,0,0,0,0,0,0,0,0
135,3,298.35,140.38,76.562,153.12,6,1,0,0,0,0,0,0,0,0,0,0,0,0,0,0,0,0,0,0
135,4,364.26,126.09,96.428,192.86,6,1,0,0,0,0,0,0,0,0,0,0,0,0,0,0,0,0,0,0
135,5,452.98,116.39,98.278,196.56,5,1,0,0,0,0,0,0,0,0,0,0,0,0,0,0,0,0,0,0
136,1,161.66,127.61,93.361,186.72,3,1,0,0,0,0,0,0,0,0,0,0,0,0,0,0,0,0,0,0
136,3,294.33,141.47,76.174,152.35,6,1,0,0,0,0,0,0,0,0,0,0,0,0,0,0,0,0,0,0
136,4,359.35,127.26,95.944,191.89,6,1,0,0,0,0,0,0,0,0,0,0,0,0,0,0,0,0,0,0
136,5,446.77,117.59,97.796,195.59,5,1,0,0,0,0,0,0,0,0,0,0,0,0,0,0,0,0,0,0
137,1,164.06,128.9,93.745,187.49,3,1,0,0,0,0,0,0,0,0,0,0,0,0,0,0,0,0,0,0
137,3,290.76,143.11,75.785,151.57,6,1,0,0,0,0,0,0,0,0,0,0,0,0,0,0,0,0,0,0
137,4,354.91,128.96,95.47,190.94,6,1,0,0,0,0,0,0,0,0,0,0,0,0,0,0,0,0,0,0
137,5,441.06,119.33,97.339,194.68,5,1,0,0,0,0,0,0,0,0,0,0,0,0,0,0,0,0,0,0
138,1,167.23,127.76,94.09,188.18,3,1,0,0,0,0,0,0,0,0,0,0,0,0,0,0,0,0,0,0
138,3,287.9,142.32,75.385,150.77,6,1,0,0,0,0,0,0,0,0,0,0,0,0,0,0,0,0,0,0
138,4,351.16,128.22,95.001,190,6,1,0,0,0,0,0,0,0,0,0,0,0,0,0,0,0,0,0,0
138,5,436.07,118.61,96.911,193.82,5,1,0,0,0,0,0,0,0,0,0,0,0,0,0,0,0,0,0,0
139,1,169.49,127.81,94.495,188.99,3,1,0,0,0,0,0,0,0,0,0,0,0,0,0,0,0,0,0,0
139,3,284.25,142.72,75.005,150.01,6,1,0,0,0,0,0,0,0,0,0,0,0,0,0,0,0,0,0,0
139,4,346.67,128.69,94.532,189.06,6,1,0,0,0,0,0,0,0,0,0,0,0,0,0,0,0,0,0,0
139,5,430.34,119.11,96.458,192.92,5,1,0,0,0,0,0,0,0,0,0,0,0,0,0,0,0,0,0,0
140,1,172.84,126.9,94.843,189.69,3,1,0,0,0,0,0,0,0,0,0,0,0,0,0,0,0,0,0,0
140,3,281.58,142.16,74.606,149.21,6,1,0,0,0,0,0,0,0,0,0,0,0,0,0,0,0,0,0,0
140,4,343.14,128.19,94.064,188.13,6,1,0,0,0,0,0,0,0,0,0,0,0,0,0,0,0,0,0,0
140,5,425.61,118.62,96.038,192.08,5,1,0,0,0,0,0,0,0,0,0,0,0,0,0,0,0,0,0,0
141,1,174.77,126.39,95.282,190.56,3,1,1,2,2.6539,0.62934,0.37909,0.75818,3,1,222.41,316.95,95.282,190.56,222.41,31.848,412.97,316.95,412.23,412.23
141,3,277.65,142.01,74.239,148.48,6,1,2,2,-3.6976,-0.56077,-0.39177,-0.78354,6,1,314.77,290.49,74.239,148.48,314.77,314.77,104.79,290.49,185.5,290.49
141,4,338.42,128.11,93.601,187.2,6,1,3,0,-4.6238,-0.66455,-0.47601,-0.95202,6,1,385.22,315.31,93.601,187.2,385.22,385.22,120.48,315.31,182.94,315.31
141,5,419.69,118.58,95.583,191.17,6,1,3,0,-5.885,-0.59384,-0.45639,-0.91277,5,1,467.48,309.75,95.583,191.17,467.48,276.32,276.32,309.75,214.16,405.33
142,1,177.27,126.38,95.696,191.39,3,1,0,0,0,0,0,0,0,0,0,0,0,0,0,0,0,0,0,0
142,3,274.26,142.36,73.866,147.73,6,1,0,0,0,0,0,0,0,0,0,0,0,0,0,0,0,0,0,0
142,4,334.22,128.53,93.142,186.28,6,1,0,0,0,0,0,0,0,0,0,0,0,0,0,0,0,0,0,0
142,5,414.32,119.02,95.15,190.3,6,1,0,0,0,0,0,0,0,0,0,0,0,0,0,0,0,0,0,0
143,1,179.8,126.09,96.114,192.23,3,1,0,0,0,0,0,0,0,0,0,0,0,0,0,0,0,0,0,0
143,3,270.9,142.44,73.494,146.99,6,1,0,0,0,0,0,0,0,0,0,0,0,0,0,0,0,0,0,0
143,4,330.08,128.67,92.685,185.37,6,1,0,0,0,0,0,0,0,0,0,0,0,0,0,0,0,0,0,0
143,5,409.02,119.19,94.72,189.44,6,1,0,0,0,0,0,0,0,0,0,0,0,0,0,0,0,0,0,0
144,1,182.55,126.42,96.526,193.05,3,1,0,0,0,0,0,0,0,0,0,0,0,0,0,0,0,0,0,0
144,3,267.75,143.13,73.12,146.24,6,1,0,0,0,0,0,0,0,0,0,0,0,0,0,0,0,0,0,0
144,4,326.15,129.42,92.227,184.45,6,1,0,0,0,0,0,0,0,0,0,0,0,0,0,0,0,0,0,0
144,5,403.96,119.96,94.297,188.59,6,1,0,0,0,0,0,0,0,0,0,0,0,0,0,0,0,0,0,0
145,1,184.99,126.24,96.962,193.92,3,1,0,0,0,0,0,0,0,0,0,0,0,0,0,0,0,0,0,0
145,3,264.33,143.32,72.755,145.51,6,1,0,0,0,0,0,0,0,0,0,0,0,0,0,0,0,0,0,0
145,4,321.97,129.67,91.772,183.54,6,1,0,0,0,0,0,0,0,0,0,0,0,0,0,0,0,0,0,0
145,5,398.66,120.24,93.869,187.74,6,1,0,0,0,0,0,0,0,0,0,0,0,0,0,0,0,0,0,0
146,1,187.56,125.83,97.397,194.79,3,1,0,0,0,0,0,0,0,0,0,0,0,0,0,0,0,0,0,0
146,3,261.05,143.27,72.391,144.78,6,1,0,0,0,0,0,0,0,0,0,0,0,0,0,0,0,0,0,0
146,4,317.94,129.69,91.32,182.64,6,1,0,0,0,0,0,0,0,0,0,0,0,0,0,0,0,0,0,0
146,5,393.53,120.28,93.449,186.9,6,1,0,0,0,0,0,0,0,0,0,0,0,0,0,0,0,0,0,0
147,1,189.71,125.41,97.864,195.73,3,1,0,0,0,0,0,0,0,0,0,0,0,0,0,0,0,0,0,0
147,3,257.39,143.23,72.042,144.08,6,1,0,0,0,0,0,0,0,0,0,0,0,0,0,0,0,0,0,0
147,4,313.56,129.71,90.878,181.76,6,1,0,0,0,0,0,0,0,0,0,0,0,0,0,0,0,0,0,0
147,5,388.08,120.33,93.03,186.06,6,1,0,0,0,0,0,0,0,0,0,0,0,0,0,0,0,0,0,0
148,1,192.36,125.38,98.312,196.62,3,1,0,0,0,0,0,0,0,0,0,0,0,0,0,0,0,0,0,0
148,3,254.22,143.58,71.685,143.37,6,1,0,0,0,0,0,0,0,0,0,0,0,0,0,0,0,0,0,0
148,4,309.65,130.13,90.433,180.87,6,1,0,0,0,0,0,0,0,0,0,0,0,0,0,0,0,0,0,0
148,5,383.12,120.77,92.621,185.24,6,1,0,0,0,0,0,0,0,0,0,0,0,0,0,0,0,0,0,0
149,1,195.01,125.47,98.765,197.53,3,1,0,0,0,0,0,0,0,0,0,0,0,0,0,0,0,0,0,0
149,3,251.05,144.03,71.329,142.66,6,1,0,0,0,0,0,0,0,0,0,0,0,0,0,0,0,0,0,0
149,4,305.77,130.65,89.99,179.98,6,1,0,0,0,0,0,0,0,0,0,0,0,0,0,0,0,0,0,0
149,5,378.19,121.3,92.214,184.43,6,1,0,0,0,0,0,0,0,0,0,0,0,0,0,0,0,0,0,0
150,1,197.59,125.16,99.234,198.47,3,1,0,0,0,0,0,0,0,0,0,0,0,0,0,0,0,0,0,0
150,3,247.84,144.1,70.983,141.97,6,1,0,0,0,0,0,0,0,0,0,0,0,0,0,0,0,0,0,0
150,4,301.85,130.79,89.555,179.11,6,1,0,0,0,0,0,0,0,0,0,0,0,0,0,0,0,0,0,0
150,5,373.25,121.46,91.816,183.63,6,1,0,0,0,0,0,0,0,0,0,0,0,0,0,0,0,0,0,0
151,1,200.19,124.66,99.702,199.4,3,1,1,2,2.7524,0.71185,0.44609,0.89217,3,1,250.04,324.06,99.702,199.4,250.04,50.64,449.45,324.06,423.76,423.76
151,4,297.98,130.72,89.115,178.23,6,1,2,0,-4.266,-0.6394,-0.44724,-0.89448,6,1,342.54,308.95,89.115,178.23,342.54,342.54,90.48,308.95,182.93,308.95
151,5,368.37,121.41,91.415,182.83,6,1,2,0,-5.3286,-0.5537,-0.41531,-0.83062,6,1,414.07,304.24,91.415,182.83,414.07,414.07,155.51,304.24,174.96,304.24
152,1,201.9,124.53,100.23,200.46,3,1,0,0,0,0,0,0,0,0,0,0,0,0,0,0,0,0,0,0
152,4,293.31,131.06,88.701,177.4,6,1,0,0,0,0,0,0,0,0,0,0,0,0,0,0,0,0,0,0
152,5,362.73,121.77,91.019,182.04,6,1,0,0,0,0,0,0,0,0,0,0,0,0,0,0,0,0,0,0
153,1,204.1,124.23,100.74,201.47,3,1,0,0,0,0,0,0,0,0,0,0,0,0,0,0,0,0,0,0
153,4,289.11,131.21,88.281,176.56,6,1,0,0,0,0,0,0,0,0,0,0,0,0,0,0,0,0,0,0
153,5,357.57,121.95,90.631,181.26,6,1,0,0,0,0,0,0,0,0,0,0,0,0,0,0,0,0,0,0
154,1,206.47,124.02,101.24,202.48,3,1,0,0,0,0,0,0,0,0,0,0,0,0,0,0,0,0,0,0
154,4,285.08,131.45,87.857,175.71,6,1,0,0,0,0,0,0,0,0,0,0,0,0,0,0,0,0,0,0
154,5,352.59,122.21,90.244,180.49,6,1,0,0,0,0,0,0,0,0,0,0,0,0,0,0,0,0,0,0
155,1,209.13,124.15,101.74,203.48,3,1,0,0,0,0,0,0,0,0,0,0,0,0,0,0,0,0,0,0
155,4,281.35,132.02,87.437,174.87,6,1,0,0,0,0,0,0,0,0,0,0,0,0,0,0,0,0,0,0
155,5,347.92,122.79,89.868,179.74,6,1,0,0,0,0,0,0,0,0,0,0,0,0,0,0,0,0,0,0
156,1,211.74,124.02,102.24,204.49,3,1,0,0,0,0,0,0,0,0,0,0,0,0,0,0,0,0,0,0
156,4,277.59,132.35,87.017,174.03,6,1,0,0,0,0,0,0,0,0,0,0,0,0,0,0,0,0,0,0
156,5,343.25,123.13,89.492,178.98,6,1,0,0,0,0,0,0,0,0,0,0,0,0,0,0,0,0,0,0
157,1,214.83,124.8,102.73,205.46,3,1,0,0,0,0,0,0,0,0,0,0,0,0,0,0,0,0,0,0
157,4,274.31,133.57,86.583,173.17,6,1,0,0,0,0,0,0,0,0,0,0,0,0,0,0,0,0,0,0
157,5,339.03,124.36,89.113,178.23,6,1,0,0,0,0,0,0,0,0,0,0,0,0,0,0,0,0,0,0
158,1,217.54,123.24,103.25,206.5,3,1,0,0,0,0,0,0,0,0,0,0,0,0,0,0,0,0,0,0
158,4,270.7,132.48,86.17,172.34,6,1,0,0,0,0,0,0,0,0,0,0,0,0,0,0,0,0,0,0
158,5,334.53,123.27,88.749,177.5,6,1,0,0,0,0,0,0,0,0,0,0,0,0,0,0,0,0,0,0
159,1,220.48,122.8,103.77,207.53,3,1,0,0,0,0,0,0,0,0,0,0,0,0,0,0,0,0,0,0
159,4,267.32,132.49,85.751,171.5,6,1,0,0,0,0,0,0,0,0,0,0,0,0,0,0,0,0,0,0
159,5,330.26,123.29,88.382,176.76,6,1,0,0,0,0,0,0,0,0,0,0,0,0,0,0,0,0,0,0
160,1,223.29,122.77,104.3,208.6,3,1,0,0,0,0,0,0,0,0,0,0,0,0,0,0,0,0,0,0
160,4,263.84,132.92,85.341,170.68,6,1,0,0,0,0,0,0,0,0,0,0,0,0,0,0,0,0,0,0
160,5,325.9,123.73,88.024,176.05,6,1,0,0,0,0,0,0,0,0,0,0,0,0,0,0,0,0,0,0
161,1,226.27,122.58,104.83,209.66,3,1,1,2,2.9943,0.80057,0.50909,1.0182,3,1,278.68,332.23,104.83,209.66,278.68,69.025,488.34,332.23,437.06,437.06
161,3,213.77,145.79,67.371,134.74,6,1,2,2,0,0,0,0,0,0,0,0,0,0,0,0,0,0,0,0
161,5,321.74,124,87.663,175.33,6,1,3,0,-4.7119,-0.49923,-0.37276,-0.74551,6,1,365.57,299.33,87.663,175.33,365.57,365.57,117.62,299.33,175.35,299.33
162,1,228.8,122.3,105.39,210.78,3,1,0,0,0,0,0,0,0,0,0,0,0,0,0,0,0,0,0,0
162,3,210.66,145.92,67.071,134.14,6,1,0,0,0,0,0,0,0,0,0,0,0,0,0,0,0,0,0,0
162,5,317.18,124.21,87.314,174.63,6,1,0,0,0,0,0,0,0,0,0,0,0,0,0,0,0,0,0,0
163,1,231.91,121.75,105.94,211.87,3,1,0,0,0,0,0,0,0,0,0,0,0,0,0,0,0,0,0,0
163,3,208.18,145.77,66.752,133.5,6,1,0,0,0,0,0,0,0,0,0,0,0,0,0,0,0,0,0,0
163,5,313.21,124.12,86.963,173.93,6,1,0,0,0,0,0,0,0,0,0,0,0,0,0,0,0,0,0,0
164,1,234.94,121.22,106.49,212.97,3,1,0,0,0,0,0,0,0,0,0,0,0,0,0,0,0,0,0,0
164,3,205.61,145.65,66.436,132.87,6,1,0,0,0,0,0,0,0,0,0,0,0,0,0,0,0,0,0,0
164,5,309.18,124.07,86.61,173.22,6,1,0,0,0,0,0,0,0,0,0,0,0,0,0,0,0,0,0,0
165,1,237.52,121.34,107.08,214.15,3,1,0,0,0,0,0,0,0,0,0,0,0,0,0,0,0,0,0,0
165,3,202.59,146.18,66.146,132.29,6,1,0,0,0,0,0,0,0,0,0,0,0,0,0,0,0,0,0,0
165,5,304.76,124.67,86.274,172.55,6,1,0,0,0,0,0,0,0,0,0,0,0,0,0,0,0,0,0,0
166,1,240.29,121.23,107.66,215.33,3,1,0,0,0,0,0,0,0,0,0,0,0,0,0,0,0,0,0,0
166,3,199.77,146.48,65.853,131.71,6,1,0,0,0,0,0,0,0,0,0,0,0,0,0,0,0,0,0,0
166,5,300.55,125.04,85.938,171.88,6,1,0,0,0,0,0,0,0,0,0,0,0,0,0,0,0,0,0,0
167,1,243.23,121,108.25,216.49,3,1,0,0,0,0,0,0,0,0,0,0,0,0,0,0,0,0,0,0
167,3,197.14,146.66,65.553,131.11,6,1,0,0,0,0,0,0,0,0,0,0,0,0,0,0,0,0,0,0
167,5,296.52,125.29,85.599,171.2,6,1,0,0,0,0,0,0,0,0,0,0,0,0,0,0,0,0,0,0
168,1,245.95,120.59,108.85,217.7,3,1,0,0,0,0,0,0,0,0,0,0,0,0,0,0,0,0,0,0
168,3,194.27,146.67,65.267,130.53,6,1,0,0,0,0,0,0,0,0,0,0,0,0,0,0,0,0,0,0
168,5,292.29,125.36,85.267,170.53,6,1,0,0,0,0,0,0,0,0,0,0,0,0,0,0,0,0,0,0
169,1,249.22,120.6,109.44,218.88,3,1,0,0,0,0,0,0,0,0,0,0,0,0,0,0,0,0,0,0
169,3,192.01,147.1,64.961,129.92,6,1,0,0,0,0,0,0,0,0,0,0,0,0,0,0,0,0,0,0
169,5,288.63,125.86,84.927,169.85,6,1,0,0,0,0,0,0,0,0,0,0,0,0,0,0,0,0,0,0
170,1,252.38,120.75,110.04,220.08,3,1,0,0,0,0,0,0,0,0,0,0,0,0,0,0,0,0,0,0
170,3,189.64,147.67,64.664,129.33,6,1,0,0,0,0,0,0,0,0,0,0,0,0,0,0,0,0,0,0
170,5,284.89,126.5,84.592,169.18,6,1,0,0,0,0,0,0,0,0,0,0,0,0,0,0,0,0,0,0
171,1,255.56,120.4,110.66,221.31,3,1,1,2,3.2252,0.9928,0.58639,1.1728,3,1,310.89,341.71,110.66,221.31,310.89,89.577,532.2,341.71,452.37,452.37
171,3,187.29,147.75,64.372,128.74,7,1,2,2,-2.7895,-0.36224,-0.29825,-0.59651,6,1,219.48,276.49,64.372,128.74,219.48,219.48,37.407,276.49,185.46,276.49
171,4,227.9,135.79,80.972,161.94,7,1,3,0,0,0,0,0,0,0,0,0,0,0,0,0,0,0,0,0
172,1,258.85,120.26,111.27,222.54,3,1,0,0,0,0,0,0,0,0,0,0,0,0,0,0,0,0,0,0
172,3,185.08,148.03,64.076,128.15,7,1,0,0,0,0,0,0,0,0,0,0,0,0,0,0,0,0,0,0
172,4,225.07,136.13,80.577,161.15,7,1,0,0,0,0,0,0,0,0,0,0,0,0,0,0,0,0,0,0
173,1,261.69,120.02,111.91,223.82,3,1,0,0,0,0,0,0,0,0,0,0,0,0,0,0,0,0,0,0
173,3,182.36,148.23,63.804,127.61,7,1,0,0,0,0,0,0,0,0,0,0,0,0,0,0,0,0,0,0
173,4,221.77,136.4,80.204,160.41,7,1,0,0,0,0,0,0,0,0,0,0,0,0,0,0,0,0,0,0
174,1,264.77,119.28,112.56,225.12,3,1,0,0,0,0,0,0,0,0,0,0,0,0,0,0,0,0,0,0
174,3,179.9,147.92,63.529,127.06,7,1,0,0,0,0,0,0,0,0,0,0,0,0,0,0,0,0,0,0
174,4,218.71,136.15,79.83,159.66,7,1,0,0,0,0,0,0,0,0,0,0,0,0,0,0,0,0,0,0
175,1,267.67,118.87,113.22,226.44,3,1,0,0,0,0,0,0,0,0,0,0,0,0,0,0,0,0,0,0
175,3,177.25,147.94,63.265,126.53,7,1,0,0,0,0,0,0,0,0,0,0,0,0,0,0,0,0,0,0
175,4,215.47,136.24,79.466,158.93,7,1,0,0,0,0,0,0,0,0,0,0,0,0,0,0,0,0,0,0
176,1,270.9,118.68,113.88,227.76,3,1,0,0,0,0,0,0,0,0,0,0,0,0,0,0,0,0,0,0
176,3,174.95,148.2,62.99,125.98,7,1,0,0,0,0,0,0,0,0,0,0,0,0,0,0,0,0,0,0
176,4,212.58,136.56,79.09,158.18,7,1,0,0,0,0,0,0,0,0,0,0,0,0,0,0,0,0,0,0
177,1,273.72,119.57,114.57,229.13,3,1,0,0,0,0,0,0,0,0,0,0,0,0,0,0,0,0,0,0
177,3,172.18,149.53,62.741,125.48,7,1,0,0,0,0,0,0,0,0,0,0,0,0,0,0,0,0,0,0
177,4,209.25,137.96,78.74,157.48,7,1,0,0,0,0,0,0,0,0,0,0,0,0,0,0,0,0,0,0
178,1,277.6,118.66,115.23,230.46,3,1,0,0,0,0,0,0,0,0,0,0,0,0,0,0,0,0,0,0
178,3,170.63,149.07,62.444,124.89,7,1,0,0,0,0,0,0,0,0,0,0,0,0,0,0,0,0,0,0
178,4,207.06,137.57,78.343,156.69,7,1,0,0,0,0,0,0,0,0,0,0,0,0,0,0,0,0,0,0
179,1,280.71,117.6,115.92,231.84,3,1,0,0,0,0,0,0,0,0,0,0,0,0,0,0,0,0,0,0
179,3,168.17,148.46,62.186,124.37,7,1,0,0,0,0,0,0,0,0,0,0,0,0,0,0,0,0,0,0
179,4,204.03,137.02,77.983,155.97,7,1,0,0,0,0,0,0,0,0,0,0,0,0,0,0,0,0,0,0
180,1,284.3,117.25,116.61,233.21,3,1,0,0,0,0,0,0,0,0,0,0,0,0,0,0,0,0,0,0
180,3,166.27,148.57,61.909,123.82,7,1,0,0,0,0,0,0,0,0,0,0,0,0,0,0,0,0,0,0
180,4,201.52,137.19,77.604,155.21,7,1,0,0,0,0,0,0,0,0,0,0,0,0,0,0,0,0,0,0
181,1,286.59,116.31,117.35,234.69,3,1,1,2,3.4894,0.96457,0.67314,1.3463,3,1,345.26,351,117.35,234.69,345.26,110.57,579.95,351,468.35,468.35
181,3,162.82,148.08,61.704,123.41,7,1,2,2,-2.5228,-0.47173,-0.26689,-0.53378,7,1,193.68,271.49,61.704,123.41,193.68,317.08,70.269,271.49,209.78,209.78
181,4,197.57,136.77,77.296,154.59,6,1,3,0,-3.1609,-0.60848,-0.3678,-0.73561,7,1,236.22,291.36,77.296,154.59,236.22,390.81,81.624,291.36,214.06,214.06
181,5,244.44,127.63,81.149,162.3,6,1,3,0,0,0,0,0,0,0,0,0,0,0,0,0,0,0,0,0
182,1,289.73,116.61,118.06,236.13,3,1,0,0,0,0,0,0,0,0,0,0,0,0,0,0,0,0,0,0
182,3,160.37,148.83,61.458,122.92,7,1,0,0,0,0,0,0,0,0,0,0,0,0,0,0,0,0,0,0
182,4,194.55,137.58,76.948,153.9,6,1,0,0,0,0,0,0,0,0,0,0,0,0,0,0,0,0,0,0
182,5,240.88,128.44,80.854,161.71,6,1,0,0,0,0,0,0,0,0,0,0,0,0,0,0,0,0,0,0
183,1,293.7,115.88,118.78,237.55,3,1,0,0,0,0,0,0,0,0,0,0,0,0,0,0,0,0,0,0
183,3,158.85,148.57,61.176,122.35,7,1,0,0,0,0,0,0,0,0,0,0,0,0,0,0,0,0,0,0
183,4,192.42,137.39,76.563,153.13,6,1,0,0,0,0,0,0,0,0,0,0,0,0,0,0,0,0,0,0
183,5,238.18,128.25,80.534,161.07,6,1,0,0,0,0,0,0,0,0,0,0,0,0,0,0,0,0,0,0
184,1,297.37,115.61,119.5,239,3,1,0,0,0,0,0,0,0,0,0,0,0,0,0,0,0,0,0,0
184,3,156.99,148.77,60.908,121.82,7,1,0,0,0,0,0,0,0,0,0,0,0,0,0,0,0,0,0,0
184,4,189.98,137.66,76.191,152.38,6,1,0,0,0,0,0,0,0,0,0,0,0,0,0,0,0,0,0,0
184,5,235.2,128.52,80.22,160.44,6,1,0,0,0,0,0,0,0,0,0,0,0,0,0,0,0,0,0,0
185,1,300.66,115.03,120.25,240.49,3,1,0,0,0,0,0,0,0,0,0,0,0,0,0,0,0,0,0,0
185,3,154.63,148.65,60.669,121.34,7,1,0,0,0,0,0,0,0,0,0,0,0,0,0,0,0,0,0,0
185,4,187.07,137.6,75.849,151.7,6,1,0,0,0,0,0,0,0,0,0,0,0,0,0,0,0,0,0,0
185,5,231.8,128.46,79.931,159.86,6,1,0,0,0,0,0,0,0,0,0,0,0,0,0,0,0,0,0,0
186,1,304.28,114.82,121,241.99,3,1,0,0,0,0,0,0,0,0,0,0,0,0,0,0,0,0,0,0
186,3,152.67,148.92,60.415,120.83,7,1,0,0,0,0,0,0,0,0,0,0,0,0,0,0,0,0,0,0
186,4,184.54,137.94,75.492,150.98,6,1,0,0,0,0,0,0,0,0,0,0,0,0,0,0,0,0,0,0
186,5,228.77,128.8,79.63,159.26,6,1,0,0,0,0,0,0,0,0,0,0,0,0,0,0,0,0,0,0
187,1,307.54,113.77,121.76,243.52,3,1,0,0,0,0,0,0,0,0,0,0,0,0,0,0,0,0,0,0
187,3,150.23,148.35,60.183,120.37,7,1,0,0,0,0,0,0,0,0,0,0,0,0,0,0,0,0,0,0
187,4,181.56,137.43,75.157,150.31,6,1,0,0,0,0,0,0,0,0,0,0,0,0,0,0,0,0,0,0
187,5,225.35,128.29,79.346,158.69,6,1,0,0,0,0,0,0,0,0,0,0,0,0,0,0,0,0,0,0
188,1,311.31,113.19,122.53,245.05,3,1,0,0,0,0,0,0,0,0,0,0,0,0,0,0,0,0,0,0
188,3,148.38,148.25,59.93,119.86,7,1,0,0,0,0,0,0,0,0,0,0,0,0,0,0,0,0,0,0
188,4,179.15,137.4,74.8,149.6,6,1,0,0,0,0,0,0,0,0,0,0,0,0,0,0,0,0,0,0
188,5,222.47,128.26,79.044,158.09,6,1,0,0,0,0,0,0,0,0,0,0,0,0,0,0,0,0,0,0
189,1,314.94,112.79,123.31,246.62,3,1,0,0,0,0,0,0,0,0,0,0,0,0,0,0,0,0,0,0
189,3,146.33,148.34,59.69,119.38,7,1,0,0,0,0,0,0,0,0,0,0,0,0,0,0,0,0,0,0
189,4,176.56,137.55,74.457,148.91,6,1,0,0,0,0,0,0,0,0,0,0,0,0,0,0,0,0,0,0
189,5,219.44,128.41,78.754,157.51,6,1,0,0,0,0,0,0,0,0,0,0,0,0,0,0,0,0,0,0
190,1,318.53,112.56,124.1,248.2,3,1,0,0,0,0,0,0,0,0,0,0,0,0,0,0,0,0,0,0
190,3,144.2,148.6,59.454,118.91,7,1,0,0,0,0,0,0,0,0,0,0,0,0,0,0,0,0,0,0
190,4,173.89,137.87,74.119,148.24,6,1,0,0,0,0,0,0,0,0,0,0,0,0,0,0,0,0,0,0
190,5,216.36,128.73,78.466,156.93,6,1,0,0,0,0,0,0,0,0,0,0,0,0,0,0,0,0,0,0
191,1,322.51,112.25,124.89,249.78,2,1,1,2,3.9675,1.0158,0.75981,1.5196,3,1,384.96,362.03,124.89,249.78,384.96,135.18,634.75,362.03,486.92,486.92
191,3,142.52,148.78,59.201,118.4,7,1,2,2,-2.1703,-0.52112,-0.24785,-0.49571,7,1,172.12,267.18,59.201,118.4,172.12,290.52,53.716,267.18,207.98,207.98
191,4,171.65,138.12,73.761,147.52,7,1,3,0,-2.7799,-0.66272,-0.3512,-0.70239,6,1,208.53,285.64,73.761,147.52,208.53,208.53,-0.097036,285.64,181.33,285.64
191,5,213.7,128.98,78.162,156.32,6,1,3,0,-3.2244,-0.55367,-0.29688,-0.59376,6,1,252.79,285.31,78.162,156.32,252.79,252.79,31.71,285.31,174.77,285.31
192,1,326.19,111.83,125.7,251.4,2,1,0,0,0,0,0,0,0,0,0,0,0,0,0,0,0,0,0,0
192,3,140.42,148.86,58.97,117.94,7,1,0,0,0,0,0,0,0,0,0,0,0,0,0,0,0,0,0,0
192,4,169.02,138.26,73.427,146.85,7,1,0,0,0,0,0,0,0,0,0,0,0,0,0,0,0,0,0,0
192,5,210.7,129.13,77.877,155.75,6,1,0,0,0,0,0,0,0,0,0,0,0,0,0,0,0,0,0,0
193,1,329.34,111.65,126.53,253.06,2,1,0,0,0,0,0,0,0,0,0,0,0,0,0,0,0,0,0,0
193,3,137.61,149.17,58.776,117.55,7,1,0,0,0,0,0,0,0,0,0,0,0,0,0,0,0,0,0,0
193,4,165.73,138.64,73.133,146.27,7,1,0,0,0,0,0,0,0,0,0,0,0,0,0,0,0,0,0,0
193,5,207.09,129.51,77.625,155.25,6,1,0,0,0,0,0,0,0,0,0,0,0,0,0,0,0,0,0,0
194,1,333.04,111.45,127.36,254.72,2,1,0,0,0,0,0,0,0,0,0,0,0,0,0,0,0,0,0,0
194,3,135.45,149.47,58.554,117.11,7,1,0,0,0,0,0,0,0,0,0,0,0,0,0,0,0,0,0,0
194,4,163.05,138.99,72.808,145.62,7,1,0,0,0,0,0,0,0,0,0,0,0,0,0,0,0,0,0,0
194,5,204.08,129.86,77.347,154.69,6,1,0,0,0,0,0,0,0,0,0,0,0,0,0,0,0,0,0,0
195,1,336.64,110.68,128.2,256.41,2,1,0,0,0,0,0,0,0,0,0,0,0,0,0,0,0,0,0,0
195,3,133.11,149.2,58.345,116.69,7,1,0,0,0,0,0,0,0,0,0,0,0,0,0,0,0,0,0,0
195,4,160.21,138.79,72.498,145,7,1,0,0,0,0,0,0,0,0,0,0,0,0,0,0,0,0,0,0
195,5,200.93,129.66,77.082,154.16,6,1,0,0,0,0,0,0,0,0,0,0,0,0,0,0,0,0,0,0
196,1,341.04,109.82,129.06,258.12,2,1,0,0,0,0,0,0,0,0,0,0,0,0,0,0,0,0,0,0
196,3,131.72,148.87,58.095,116.19,7,1,0,0,0,0,0,0,0,0,0,0,0,0,0,0,0,0,0,0
196,4,158.29,138.52,72.145,144.29,7,1,0,0,0,0,0,0,0,0,0,0,0,0,0,0,0,0,0,0
196,5,198.67,129.4,76.779,153.56,6,1,0,0,0,0,0,0,0,0,0,0,0,0,0,0,0,0,0,0
197,1,345.59,110.09,129.92,259.85,2,1,0,0,0,0,0,0,0,0,0,0,0,0,0,0,0,0,0,0
197,3,130.49,149.68,57.841,115.68,7,1,0,0,0,0,0,0,0,0,0,0,0,0,0,0,0,0,0,0
197,4,156.51,139.39,71.787,143.57,7,1,0,0,0,0,0,0,0,0,0,0,0,0,0,0,0,0,0,0
197,5,196.56,130.28,76.47,152.94,6,1,0,0,0,0,0,0,0,0,0,0,0,0,0,0,0,0,0,0
198,1,350.51,109.23,130.8,261.61,2,1,0,0,0,0,0,0,0,0,0,0,0,0,0,0,0,0,0,0
198,3,129.66,149.36,57.571,115.14,7,1,0,0,0,0,0,0,0,0,0,0,0,0,0,0,0,0,0,0
198,4,155.13,139.15,71.411,142.82,7,1,0,0,0,0,0,0,0,0,0,0,0,0,0,0,0,0,0,0
198,5,194.84,130.03,76.145,152.29,6,1,0,0,0,0,0,0,0,0,0,0,0,0,0,0,0,0,0,0
199,1,353.91,109.2,131.68,263.36,2,1,0,0,0,0,0,0,0,0,0,0,0,0,0,0,0,0,0,0
199,3,126.87,149.83,57.39,114.78,7,1,0,0,0,0,0,0,0,0,0,0,0,0,0,0,0,0,0,0
199,4,151.88,139.68,71.13,142.26,7,1,0,0,0,0,0,0,0,0,0,0,0,0,0,0,0,0,0,0
199,5,191.38,130.57,75.9,151.8,6,1,0,0,0,0,0,0,0,0,0,0,0,0,0,0,0,0,0,0
200,1,358.95,107.68,132.59,265.18,2,1,0,0,0,0,0,0,0,0,0,0,0,0,0,0,0,0,0,0
200,3,126.1,148.88,57.124,114.25,7,1,0,0,0,0,0,0,0,0,0,0,0,0,0,0,0,0,0,0
200,4,150.56,138.79,70.759,141.52,7,1,0,0,0,0,0,0,0,0,0,0,0,0,0,0,0,0,0,0
200,5,189.76,129.69,75.578,151.16,6,1,0,0,0,0,0,0,0,0,0,0,0,0,0,0,0,0,0,0
201,1,363.26,106.9,133.5,267,2,1,1,2,4.623,1.2019,0.86614,1.7323,2,1,430.01,373.9,133.5,267,430.01,430.01,807.61,373.9,562.7,373.9
201,3,124.34,148.64,56.902,113.8,7,1,2,2,-1.8122,-0.47312,-0.23378,-0.46755,7,1,152.79,262.44,56.902,113.8,152.79,266.6,38.99,262.44,205.54,205.54
201,4,148.31,138.61,70.436,140.87,7,1,3,0,-2.3835,-0.61484,-0.33663,-0.67325,7,1,183.53,279.49,70.436,140.87,183.53,324.4,42.655,279.49,209.05,209.05
201,5,187.28,129.52,75.294,150.59,6,1,3,0,-2.666,-0.51873,-0.29046,-0.58091,6,1,224.93,280.11,75.294,150.59,224.93,224.93,11.962,280.11,173.62,280.11
202,1,367.58,107.13,134.42,268.84,2,1,0,0,0,0,0,0,0,0,0,0,0,0,0,0,0,0,0,0
202,3,122.55,149.42,56.685,113.37,7,1,0,0,0,0,0,0,0,0,0,0,0,0,0,0,0,0,0,0
202,4,146.02,139.46,70.116,140.23,7,1,0,0,0,0,0,0,0,0,0,0,0,0,0,0,0,0,0,0
202,5,184.78,130.36,75.013,150.03,6,1,0,0,0,0,0,0,0,0,0,0,0,0,0,0,0,0,0,0
203,1,372.06,106.55,135.36,270.72,2,1,0,0,0,0,0,0,0,0,0,0,0,0,0,0,0,0,0,0
203,3,120.88,149.39,56.465,112.93,7,1,0,0,0,0,0,0,0,0,0,0,0,0,0,0,0,0,0,0
203,4,143.86,139.49,69.795,139.59,7,1,0,0,0,0,0,0,0,0,0,0,0,0,0,0,0,0,0,0
203,5,182.42,130.4,74.729,149.46,6,1,0,0,0,0,0,0,0,0,0,0,0,0,0,0,0,0,0,0
204,1,375.77,107.79,136.28,272.56,2,1,0,0,0,0,0,0,0,0,0,0,0,0,0,0,0,0,0,0
204,3,118.18,151.16,56.293,112.59,7,1,0,0,0,0,0,0,0,0,0,0,0,0,0,0,0,0,0,0
204,4,140.7,141.32,69.524,139.05,7,1,0,0,0,0,0,0,0,0,0,0,0,0,0,0,0,0,0,0
204,5,179.14,132.24,74.489,148.98,6,1,0,0,0,0,0,0,0,0,0,0,0,0,0,0,0,0,0,0
205,1,379.99,107.04,137.22,274.44,2,1,0,0,0,0,0,0,0,0,0,0,0,0,0,0,0,0,0,0
205,3,116.06,150.95,56.096,112.19,7,1,0,0,0,0,0,0,0,0,0,0,0,0,0,0,0,0,0,0
205,4,138.11,141.17,69.227,138.45,7,1,0,0,0,0,0,0,0,0,0,0,0,0,0,0,0,0,0,0
205,5,176.42,132.1,74.224,148.45,6,1,0,0,0,0,0,0,0,0,0,0,0,0,0,0,0,0,0,0
206,1,384.45,106.67,138.18,276.36,2,1,0,0,0,0,0,0,0,0,0,0,0,0,0,0,0,0,0,0
206,3,114.18,151.14,55.892,111.78,7,1,0,0,0,0,0,0,0,0,0,0,0,0,0,0,0,0,0,0
206,4,135.75,141.42,68.922,137.84,7,1,0,0,0,0,0,0,0,0,0,0,0,0,0,0,0,0,0,0
206,5,173.92,132.36,73.951,147.9,6,1,0,0,0,0,0,0,0,0,0,0,0,0,0,0,0,0,0,0
207,1,389.21,105.76,139.17,278.33,2,1,0,0,0,0,0,0,0,0,0,0,0,0,0,0,0,0,0,0
207,3,112.6,150.81,55.679,111.36,7,1,0,0,0,0,0,0,0,0,0,0,0,0,0,0,0,0,0,0
207,4,133.68,141.15,68.608,137.22,7,1,0,0,0,0,0,0,0,0,0,0,0,0,0,0,0,0,0,0
207,5,171.72,132.1,73.669,147.34,6,1,0,0,0,0,0,0,0,0,0,0,0,0,0,0,0,0,0,0
208,1,393.97,104.92,140.16,280.31,2,1,0,0,0,0,0,0,0,0,0,0,0,0,0,0,0,0,0,0
208,3,110.95,150.54,55.47,110.94,7,1,0,0,0,0,0,0,0,0,0,0,0,0,0,0,0,0,0,0
208,4,131.54,140.94,68.298,136.6,7,1,0,0,0,0,0,0,0,0,0,0,0,0,0,0,0,0,0,0
208,5,169.48,131.9,73.39,146.78,6,1,0,0,0,0,0,0,0,0,0,0,0,0,0,0,0,0,0,0
209,1,398.53,104.65,141.15,282.29,2,1,0,0,0,0,0,0,0,0,0,0,0,0,0,0,0,0,0,0
209,3,108.96,150.84,55.278,110.56,7,1,0,0,0,0,0,0,0,0,0,0,0,0,0,0,0,0,0,0
209,4,129.09,141.3,68.008,136.02,7,1,0,0,0,0,0,0,0,0,0,0,0,0,0,0,0,0,0,0
209,5,166.95,132.28,73.126,146.25,6,1,0,0,0,0,0,0,0,0,0,0,0,0,0,0,0,0,0,0
210,1,403.59,105.21,142.17,284.35,2,1,0,0,0,0,0,0,0,0,0,0,0,0,0,0,0,0,0,0
210,3,107.54,151.99,55.065,110.13,7,1,0,0,0,0,0,0,0,0,0,0,0,0,0,0,0,0,0,0
210,4,127.18,142.51,67.694,135.39,7,1,0,0,0,0,0,0,0,0,0,0,0,0,0,0,0,0,0,0
210,5,164.95,133.5,72.84,145.68,6,1,0,0,0,0,0,0,0,0,0,0,0,0,0,0,0,0,0,0
211,1,408.52,105.83,143.2,286.39,3,1,1,2,5.0314,1.6819,0.97459,1.9492,2,1,480.12,392.22,143.2,286.39,480.12,480.12,885.14,392.22,594.73,392.22
211,3,105.89,153.2,54.863,109.73,7,1,2,2,-1.9575,-0.10684,-0.2022,-0.4044,7,1,133.32,262.92,54.863,109.73,133.32,243.05,23.595,262.92,208.06,208.06
211,4,125.05,143.79,67.391,134.78,7,1,3,0,-2.4863,-0.2466,-0.30248,-0.60496,7,1,158.74,278.57,67.391,134.78,158.74,293.53,23.962,278.57,211.18,211.18
211,5,162.75,134.78,72.563,145.13,7,1,3,0,-2.5885,-0.17589,-0.27196,-0.54392,6,1,199.03,279.91,72.563,145.13,199.03,199.03,-6.209,279.91,177.29,279.91
212,1,414.38,104.1,144.28,288.57,3,1,0,0,0,0,0,0,0,0,0,0,0,0,0,0,0,0,0,0
212,3,105.34,152.11,54.616,109.23,7,1,0,0,0,0,0,0,0,0,0,0,0,0,0,0,0,0,0,0
212,4,123.98,142.76,67.04,134.08,7,1,0,0,0,0,0,0,0,0,0,0,0,0,0,0,0,0,0,0
212,5,161.57,133.77,72.241,144.48,7,1,0,0,0,0,0,0,0,0,0,0,0,0,0,0,0,0,0,0
213,1,419.22,104.81,145.33,290.66,3,1,0,0,0,0,0,0,0,0,0,0,0,0,0,0,0,0,0,0
213,3,103.39,153.41,54.433,108.87,7,1,0,0,0,0,0,0,0,0,0,0,0,0,0,0,0,0,0,0
213,4,121.57,144.12,66.759,133.52,7,1,0,0,0,0,0,0,0,0,0,0,0,0,0,0,0,0,0,0
213,5,159.14,135.15,71.98,143.96,7,1,0,0,0,0,0,0,0,0,0,0,0,0,0,0,0,0,0,0
214,1,424.68,103.06,146.42,292.84,3,1,0,0,0,0,0,0,0,0,0,0,0,0,0,0,0,0,0,0
214,3,102.13,152.28,54.223,108.45,7,1,0,0,0,0,0,0,0,0,0,0,0,0,0,0,0,0,0,0
214,4,119.82,143.05,66.449,132.9,7,1,0,0,0,0,0,0,0,0,0,0,0,0,0,0,0,0,0,0
214,5,157.35,134.09,71.692,143.38,7,1,0,0,0,0,0,0,0,0,0,0,0,0,0,0,0,0,0,0
215,1,429.73,102.11,147.5,294.99,3,1,0,0,0,0,0,0,0,0,0,0,0,0,0,0,0,0,0,0
215,3,100.26,151.94,54.041,108.08,7,1,0,0,0,0,0,0,0,0,0,0,0,0,0,0,0,0,0,0
215,4,117.49,142.77,66.171,132.34,7,1,0,0,0,0,0,0,0,0,0,0,0,0,0,0,0,0,0,0
215,5,155.01,133.82,71.431,142.86,7,1,0,0,0,0,0,0,0,0,0,0,0,0,0,0,0,0,0,0
216,1,434.62,102.11,148.57,297.15,3,1,0,0,0,0,0,0,0,0,0,0,0,0,0,0,0,0,0,0
216,3,98.042,152.54,53.879,107.76,7,1,0,0,0,0,0,0,0,0,0,0,0,0,0,0,0,0,0,0
216,4,114.82,143.42,65.915,131.83,7,1,0,0,0,0,0,0,0,0,0,0,0,0,0,0,0,0,0,0
216,5,152.38,134.49,71.189,142.38,7,1,0,0,0,0,0,0,0,0,0,0,0,0,0,0,0,0,0,0
217,1,440.5,100.8,149.71,299.42,3,1,0,0,0,0,0,0,0,0,0,0,0,0,0,0,0,0,0,0
217,3,97.067,151.88,53.66,107.32,7,1,0,0,0,0,0,0,0,0,0,0,0,0,0,0,0,0,0,0
217,4,113.36,142.83,65.595,131.19,7,1,0,0,0,0,0,0,0,0,0,0,0,0,0,0,0,0,0,0
217,5,150.89,133.91,70.886,141.77,7,1,0,0,0,0,0,0,0,0,0,0,0,0,0,0,0,0,0,0
218,1,445.76,100.32,150.82,301.63,3,1,0,0,0,0,0,0,0,0,0,0,0,0,0,0,0,0,0,0
218,3,95.159,152.02,53.485,106.97,7,1,0,0,0,0,0,0,0,0,0,0,0,0,0,0,0,0,0,0
218,4,111,143.02,65.325,130.65,7,1,0,0,0,0,0,0,0,0,0,0,0,0,0,0,0,0,0,0
218,5,148.56,134.13,70.627,141.25,7,1,0,0,0,0,0,0,0,0,0,0,0,0,0,0,0,0,0,0
219,1,451.37,99.788,151.96,303.92,3,1,0,0,0,0,0,0,0,0,0,0,0,0,0,0,0,0,0,0
219,3,93.569,152.13,53.301,106.6,7,1,0,0,0,0,0,0,0,0,0,0,0,0,0,0,0,0,0,0
219,4,108.95,143.19,65.045,130.09,7,1,0,0,0,0,0,0,0,0,0,0,0,0,0,0,0,0,0,0
219,5,146.53,134.32,70.357,140.71,7,1,0,0,0,0,0,0,0,0,0,0,0,0,0,0,0,0,0,0
220,1,456.98,99.146,153.11,306.22,3,1,0,0,0,0,0,0,0,0,0,0,0,0,0,0,0,0,0,0
220,3,91.877,152.13,53.121,106.24,7,1,0,0,0,0,0,0,0,0,0,0,0,0,0,0,0,0,0,0
220,4,106.81,143.24,64.771,129.54,7,1,0,0,0,0,0,0,0,0,0,0,0,0,0,0,0,0,0,0
220,5,144.42,134.39,70.091,140.18,7,1,0,0,0,0,0,0,0,0,0,0,0,0,0,0,0,0,0,0
221,1,463.07,98.807,154.31,308.62,3,1,1,2,5.9497,1.5556,1.112,2.224,3,1,540.23,407.43,154.31,308.62,540.23,231.61,848.84,407.43,561.74,561.74
221,4,105.15,143.64,64.477,128.95,7,1,3,0,-2.2518,-0.55212,-0.28402,-0.56805,7,1,137.38,272.59,64.477,128.95,137.38,266.34,8.4303,272.59,208.12,208.12
221,5,142.76,134.81,69.805,139.61,7,1,3,0,-2.2395,-0.50644,-0.26987,-0.53974,7,1,177.67,274.42,69.805,139.61,177.67,317.28,38.054,274.42,204.61,204.61
222,1,468.78,99.087,155.47,310.95,3,1,0,0,0,0,0,0,0,0,0,0,0,0,0,0,0,0,0,0
222,4,102.91,144.62,64.212,128.42,7,1,0,0,0,0,0,0,0,0,0,0,0,0,0,0,0,0,0,0
222,5,140.57,135.81,69.543,139.09,7,1,0,0,0,0,0,0,0,0,0,0,0,0,0,0,0,0,0,0
223,1,474.57,98.385,156.65,313.31,3,1,0,0,0,0,0,0,0,0,0,0,0,0,0,0,0,0,0,0
223,4,100.65,144.62,63.951,127.9,7,1,0,0,0,0,0,0,0,0,0,0,0,0,0,0,0,0,0,0
223,5,138.37,135.84,69.284,138.57,7,1,0,0,0,0,0,0,0,0,0,0,0,0,0,0,0,0,0,0
224,1,480.85,98.74,157.88,315.76,3,1,0,0,0,0,0,0,0,0,0,0,0,0,0,0,0,0,0,0
224,4,98.894,145.72,63.666,127.33,7,1,0,0,0,0,0,0,0,0,0,0,0,0,0,0,0,0,0,0
224,5,136.64,136.96,68.999,138,7,1,0,0,0,0,0,0,0,0,0,0,0,0,0,0,0,0,0,0
225,1,486.33,97.521,159.03,318.06,3,1,0,0,0,0,0,0,0,0,0,0,0,0,0,0,0,0,0,0
225,4,95.997,145.18,63.444,126.89,7,1,0,0,0,0,0,0,0,0,0,0,0,0,0,0,0,0,0,0
225,5,133.84,136.44,68.771,137.54,7,1,0,0,0,0,0,0,0,0,0,0,0,0,0,0,0,0,0,0
226,1,492.41,96.312,160.24,320.48,3,1,0,0,0,0,0,0,0,0,0,0,0,0,0,0,0,0,0,0
226,4,93.759,144.69,63.189,126.38,7,1,0,0,0,0,0,0,0,0,0,0,0,0,0,0,0,0,0,0
226,5,131.67,135.97,68.511,137.02,7,1,0,0,0,0,0,0,0,0,0,0,0,0,0,0,0,0,0,0
227,1,499.82,95.157,161.6,323.2,3,1,0,0,0,0,0,0,0,0,0,0,0,0,0,0,0,0,0,0
227,4,93.04,144.36,62.858,125.72,7,1,0,0,0,0,0,0,0,0,0,0,0,0,0,0,0,0,0,0
227,5,130.92,135.68,68.179,136.36,7,1,0,0,0,0,0,0,0,0,0,0,0,0,0,0,0,0,0,0
228,1,506.08,94.056,162.84,325.69,3,1,0,0,0,0,0,0,0,0,0,0,0,0,0,0,0,0,0,0
228,4,90.746,143.99,62.613,125.23,7,1,0,0,0,0,0,0,0,0,0,0,0,0,0,0,0,0,0,0
228,5,128.69,135.33,67.924,135.85,7,1,0,0,0,0,0,0,0,0,0,0,0,0,0,0,0,0,0,0
229,1,512.8,93.83,164.14,328.28,3,1,0,0,0,0,0,0,0,0,0,0,0,0,0,0,0,0,0,0
229,4,88.883,144.53,62.349,124.7,7,1,0,0,0,0,0,0,0,0,0,0,0,0,0,0,0,0,0,0
229,5,126.88,135.9,67.651,135.3,7,1,0,0,0,0,0,0,0,0,0,0,0,0,0,0,0,0,0,0
230,1,519.86,93.075,165.49,330.98,3,1,0,0,0,0,0,0,0,0,0,0,0,0,0,0,0,0,0,0
230,4,87.311,144.57,62.073,124.15,7,1,0,0,0,0,0,0,0,0,0,0,0,0,0,0,0,0,0,0
230,5,125.33,135.97,67.365,134.73,7,1,0,0,0,0,0,0,0,0,0,0,0,0,0,0,0,0,0,0
231,1,526.99,92.518,166.84,333.69,2,1,1,2,7.0998,1.7222,1.2623,2.5246,3,1,610.41,426.21,166.84,333.69,610.41,276.72,944.1,426.21,593.05,593.05
231,4,85.685,144.81,61.801,123.6,7,1,2,0,-2.0425,-0.58807,-0.26821,-0.53642,7,1,116.59,268.41,61.801,123.6,116.59,240.19,-7.0164,268.41,206.61,206.61
231,5,123.74,136.25,67.081,134.16,7,1,2,0,-2.0023,-0.57228,-0.274,-0.548,7,1,157.28,270.41,67.081,134.16,157.28,291.44,23.116,270.41,203.33,203.33
232,1,533.47,92.425,168.12,336.23,2,1,0,0,0,0,0,0,0,0,0,0,0,0,0,0,0,0,0,0
232,4,83.129,145.45,61.58,123.16,7,1,0,0,0,0,0,0,0,0,0,0,0,0,0,0,0,0,0,0
232,5,121.27,136.92,66.843,133.69,7,1,0,0,0,0,0,0,0,0,0,0,0,0,0,0,0,0,0,0
233,1,539.99,91.428,169.39,338.79,2,1,0,0,0,0,0,0,0,0,0,0,0,0,0,0,0,0,0,0
233,4,80.47,145.18,61.369,122.74,7,1,0,0,0,0,0,0,0,0,0,0,0,0,0,0,0,0,0,0
233,5,118.71,136.68,66.612,133.22,7,1,0,0,0,0,0,0,0,0,0,0,0,0,0,0,0,0,0,0
234,1,547.98,91.364,170.86,341.73,2,1,0,0,0,0,0,0,0,0,0,0,0,0,0,0,0,0,0,0
234,4,79.477,145.99,61.071,122.14,7,1,0,0,0,0,0,0,0,0,0,0,0,0,0,0,0,0,0,0
234,5,117.71,137.52,66.299,132.6,7,1,0,0,0,0,0,0,0,0,0,0,0,0,0,0,0,0,0,0
235,1,555.4,90.483,172.26,344.52,2,1,0,0,0,0,0,0,0,0,0,0,0,0,0,0,0,0,0,0
235,4,77.661,145.92,60.819,121.64,7,1,0,0,0,0,0,0,0,0,0,0,0,0,0,0,0,0,0,0
235,5,115.94,137.48,66.028,132.06,7,1,0,0,0,0,0,0,0,0,0,0,0,0,0,0,0,0,0,0
236,1,562.74,89.848,173.65,347.29,2,1,0,0,0,0,0,0,0,0,0,0,0,0,0,0,0,0,0,0
236,4,75.564,146.07,60.587,121.17,7,1,0,0,0,0,0,0,0,0,0,0,0,0,0,0,0,0,0,0
236,5,113.91,137.67,65.773,131.55,7,1,0,0,0,0,0,0,0,0,0,0,0,0,0,0,0,0,0,0
237,1,570.35,89.086,175.07,350.14,2,1,0,0,0,0,0,0,0,0,0,0,0,0,0,0,0,0,0,0
237,4,73.675,146.13,60.344,120.69,7,1,0,0,0,0,0,0,0,0,0,0,0,0,0,0,0,0,0,0
237,5,112.07,137.76,65.508,131.02,7,1,0,0,0,0,0,0,0,0,0,0,0,0,0,0,0,0,0,0
238,1,578.16,88.034,176.53,353.05,2,1,0,0,0,0,0,0,0,0,0,0,0,0,0,0,0,0,0,0
238,4,71.852,145.91,60.103,120.21,7,1,0,0,0,0,0,0,0,0,0,0,0,0,0,0,0,0,0,0
238,5,110.3,137.58,65.244,130.49,7,1,0,0,0,0,0,0,0,0,0,0,0,0,0,0,0,0,0,0
239,1,585.77,87.535,177.95,355.89,2,1,0,0,0,0,0,0,0,0,0,0,0,0,0,0,0,0,0,0
239,4,69.646,146.22,59.884,119.77,7,1,0,0,0,0,0,0,0,0,0,0,0,0,0,0,0,0,0,0
239,5,108.16,137.92,64.998,130,7,1,0,0,0,0,0,0,0,0,0,0,0,0,0,0,0,0,0,0
240,1,594.41,87.008,179.53,359.07,2,1,0,0,0,0,0,0,0,0,0,0,0,0,0,0,0,0,0,0
240,4,68.504,146.6,59.612,119.22,7,1,0,0,0,0,0,0,0,0,0,0,0,0,0,0,0,0,0,0
240,5,107.02,138.34,64.702,129.4,7,1,0,0,0,0,0,0,0,0,0,0,0,0,0,0,0,0,0,0
241,1,602.24,86.123,180.98,361.96,2,1,1,2,8.3814,2.1692,1.4328,2.8656,2,1,692.73,448.09,180.98,361.96,692.73,692.73,1204.6,448.09,704.03,448.09
241,4,66.271,146.53,59.399,118.8,7,1,2,0,-1.9642,-0.36144,-0.24398,-0.48797,7,1,95.971,265.33,59.399,118.8,95.971,214.77,-22.827,265.33,205.93,205.93
241,5,104.87,138.31,64.461,128.92,7,1,2,0,-1.9272,-0.37128,-0.2662,-0.53241,7,1,137.1,267.23,64.461,128.92,137.1,266.02,8.1748,267.23,202.77,202.77
242,1,611.04,85.992,182.59,365.19,2,1,0,0,0,0,0,0,0,0,0,0,0,0,0,0,0,0,0,0
242,4,64.978,147.32,59.141,118.28,7,1,0,0,0,0,0,0,0,0,0,0,0,0,0,0,0,0,0,0
242,5,103.59,139.14,64.176,128.35,7,1,0,0,0,0,0,0,0,0,0,0,0,0,0,0,0,0,0,0
243,1,619.49,85.264,184.15,368.29,2,1,0,0,0,0,0,0,0,0,0,0,0,0,0,0,0,0,0,0
243,4,63.138,147.47,58.914,117.83,7,1,0,0,0,0,0,0,0,0,0,0,0,0,0,0,0,0,0,0
243,5,101.8,139.32,63.92,127.84,7,1,0,0,0,0,0,0,0,0,0,0,0,0,0,0,0,0,0,0
244,1,628.38,84.217,185.78,371.57,2,1,0,0,0,0,0,0,0,0,0,0,0,0,0,0,0,0,0,0
244,4,61.575,147.34,58.679,117.36,7,1,0,0,0,0,0,0,0,0,0,0,0,0,0,0,0,0,0,0
244,5,100.27,139.23,63.656,127.31,7,1,0,0,0,0,0,0,0,0,0,0,0,0,0,0,0,0,0,0
245,1,637.08,83.36,187.38,374.75,2,1,0,0,0,0,0,0,0,0,0,0,0,0,0,0,0,0,0,0
245,4,59.686,147.37,58.46,116.92,7,1,0,0,0,0,0,0,0,0,0,0,0,0,0,0,0,0,0,0
245,5,98.436,139.3,63.407,126.81,7,1,0,0,0,0,0,0,0,0,0,0,0,0,0,0,0,0,0,0
246,1,645.91,82.723,188.98,377.97,2,1,0,0,0,0,0,0,0,0,0,0,0,0,0,0,0,0,0,0
246,4,57.791,147.63,58.244,116.49,7,1,0,0,0,0,0,0,0,0,0,0,0,0,0,0,0,0,0,0
246,5,96.602,139.59,63.159,126.32,7,1,0,0,0,0,0,0,0,0,0,0,0,0,0,0,0,0,0,0
247,1,654.94,83.17,190.61,381.22,2,1,0,0,0,0,0,0,0,0,0,0,0,0,0,0,0,0,0,0
247,4,55.999,148.99,58.022,116.04,7,1,0,0,0,0,0,0,0,0,0,0,0,0,0,0,0,0,0,0
247,5,94.863,140.99,62.904,125.81,7,1,0,0,0,0,0,0,0,0,0,0,0,0,0,0,0,0,0,0
248,1,664.24,81.048,192.31,384.61,2,1,0,0,0,0,0,0,0,0,0,0,0,0,0,0,0,0,0,0
248,4,54.252,147.8,57.806,115.61,7,1,0,0,0,0,0,0,0,0,0,0,0,0,0,0,0,0,0,0
248,5,93.172,139.84,62.655,125.31,7,1,0,0,0,0,0,0,0,0,0,0,0,0,0,0,0,0,0,0
249,1,674.07,79.578,194.11,388.23,2,1,0,0,0,0,0,0,0,0,0,0,0,0,0,0,0,0,0,0
249,4,52.868,147.33,57.575,115.15,7,1,0,0,0,0,0,0,0,0,0,0,0,0,0,0,0,0,0,0
249,5,91.822,139.41,62.394,124.79,7,1,0,0,0,0,0,0,0,0,0,0,0,0,0,0,0,0,0,0
250,1,684.24,78.537,195.97,391.93,2,1,0,0,0,0,0,0,0,0,0,0,0,0,0,0,0,0,0,0
250,4,51.734,147.32,57.329,114.66,7,1,0,0,0,0,0,0,0,0,0,0,0,0,0,0,0,0,0,0
250,5,90.706,139.44,62.115,124.23,7,1,0,0,0,0,0,0,0,0,0,0,0,0,0,0,0,0,0,0
251,4,49.788,146.82,57.131,114.26,7,1,2,0,-1.7976,-0.46462,-0.22353,-0.44707,7,1,78.354,261.08,57.131,114.26,78.354,192.62,-35.909,261.08,203.95,203.95
251,5,88.841,138.98,61.884,123.77,7,1,2,0,-1.7645,-0.48961,-0.25508,-0.51016,7,1,119.78,262.74,61.884,123.77,119.78,243.55,-3.9845,262.74,200.86,200.86
252,4,48.653,148.04,56.893,113.79,7,1,0,0,0,0,0,0,0,0,0,0,0,0,0,0,0,0,0,0
252,5,87.732,140.24,61.613,123.23,7,1,0,0,0,0,0,0,0,0,0,0,0,0,0,0,0,0,0,0
253,4,46.971,148.74,56.684,113.37,7,1,0,0,0,0,0,0,0,0,0,0,0,0,0,0,0,0,0,0
253,5,86.12,140.98,61.37,122.74,7,1,0,0,0,0,0,0,0,0,0,0,0,0,0,0,0,0,0,0
254,4,45.368,148.79,56.471,112.94,7,1,0,0,0,0,0,0,0,0,0,0,0,0,0,0,0,0,0,0
254,5,84.584,141.06,61.123,122.25,7,1,0,0,0,0,0,0,0,0,0,0,0,0,0,0,0,0,0,0
255,4,44.709,149.76,56.212,112.42,7,1,0,0,0,0,0,0,0,0,0,0,0,0,0,0,0,0,0,0
255,5,83.929,142.08,60.831,121.66,7,1,0,0,0,0,0,0,0,0,0,0,0,0,0,0,0,0,0,0
256,4,43.346,149.08,55.996,111.99,7,1,0,0,0,0,0,0,0,0,0,0,0,0,0,0,0,0,0,0
256,5,82.625,141.43,60.582,121.16,7,1,0,0,0,0,0,0,0,0,0,0,0,0,0,0,0,0,0,0
257,4,41.393,149.29,55.809,111.62,7,1,0,0,0,0,0,0,0,0,0,0,0,0,0,0,0,0,0,0
257,5,80.776,141.68,60.358,120.72,7,1,0,0,0,0,0,0,0,0,0,0,0,0,0,0,0,0,0,0
258,4,39.756,148.76,55.608,111.22,7,1,0,0,0,0,0,0,0,0,0,0,0,0,0,0,0,0,0,0
258,5,79.225,141.19,60.123,120.25,7,1,0,0,0,0,0,0,0,0,0,0,0,0,0,0,0,0,0,0
259,4,38.042,149.35,55.413,110.83,7,1,0,0,0,0,0,0,0,0,0,0,0,0,0,0,0,0,0,0
259,5,77.606,141.82,59.893,119.79,7,1,0,0,0,0,0,0,0,0,0,0,0,0,0,0,0,0,0,0
260,4,35.794,149.53,55.249,110.5,7,1,0,0,0,0,0,0,0,0,0,0,0,0,0,0,0,0,0,0
260,5,75.497,142.04,59.692,119.38,7,1,0,0,0,0,0,0,0,0,0,0,0,0,0,0,0,0,0,0
261,4,34.54,150.32,55.038,110.08,7,1,1,0,-1.671,-0.25449,-0.20628,-0.41257,7,1,62.059,260.39,55.038,110.08,62.059,172.13,-48.016,260.39,205.36,205.36
261,5,74.314,142.86,59.447,118.89,7,1,1,0,-1.6112,-0.28528,-0.24081,-0.48162,7,1,104.04,261.75,59.447,118.89,104.04,222.93,-14.857,261.75,202.31,202.31
262,4,33.515,150.83,54.819,109.64,7,1,0,0,0,0,0,0,0,0,0,0,0,0,0,0,0,0,0,0
262,5,73.347,143.41,59.196,118.39,7,1,0,0,0,0,0,0,0,0,0,0,0,0,0,0,0,0,0,0
263,4,32.195,150.79,54.614,109.23,7,1,0,0,0,0,0,0,0,0,0,0,0,0,0,0,0,0,0,0
263,5,72.109,143.41,58.958,117.92,7,1,0,0,0,0,0,0,0,0,0,0,0,0,0,0,0,0,0,0
264,4,31.148,150.54,54.402,108.8,7,1,0,0,0,0,0,0,0,0,0,0,0,0,0,0,0,0,0,0
264,5,71.128,143.19,58.713,117.43,7,1,0,0,0,0,0,0,0,0,0,0,0,0,0,0,0,0,0,0
265,4,29.711,150.41,54.21,108.42,7,1,0,0,0,0,0,0,0,0,0,0,0,0,0,0,0,0,0,0
265,5,69.788,143.1,58.488,116.98,7,1,0,0,0,0,0,0,0,0,0,0,0,0,0,0,0,0,0,0
266,4,28.632,150.13,54.002,108,7,1,0,0,0,0,0,0,0,0,0,0,0,0,0,0,0,0,0,0
266,5,68.783,142.85,58.247,116.49,7,1,0,0,0,0,0,0,0,0,0,0,0,0,0,0,0,0,0,0
267,4,27.874,149.78,53.781,107.56,7,1,0,0,0,0,0,0,0,0,0,0,0,0,0,0,0,0,0,0
267,5,68.076,142.55,57.995,115.99,7,1,0,0,0,0,0,0,0,0,0,0,0,0,0,0,0,0,0,0
268,4,26.204,150.22,53.608,107.22,7,1,0,0,0,0,0,0,0,0,0,0,0,0,0,0,0,0,0,0
268,5,66.527,143.02,57.788,115.58,7,1,0,0,0,0,0,0,0,0,0,0,0,0,0,0,0,0,0,0
269,4,24.622,150.97,53.434,106.87,7,1,0,0,0,0,0,0,0,0,0,0,0,0,0,0,0,0,0,0
269,5,65.061,143.81,57.582,115.16,7,1,0,0,0,0,0,0,0,0,0,0,0,0,0,0,0,0,0,0
270,4,23.167,151.29,53.256,106.51,7,1,0,0,0,0,0,0,0,0,0,0,0,0,0,0,0,0,0,0
270,5,63.715,144.16,57.371,114.74,7,1,0,0,0,0,0,0,0,0,0,0,0,0,0,0,0,0,0,0
271,5,63.152,144.36,57.123,114.25,7,1,1,0,-1.2741,-0.35856,-0.22894,-0.45787,7,1,91.714,258.61,57.123,114.25,91.714,205.96,-22.532,258.61,201.49,201.49
271,6,10.208,141.62,64.821,129.64,2,1,2,0,0,0,0,0,0,0,0,0,0,0,0,0,0,0,0,0
272,5,61.121,145.15,56.955,113.91,7,1,0,0,0,0,0,0,0,0,0,0,0,0,0,0,0,0,0,0
272,6,10.826,142.17,65.084,130.17,2,1,0,0,0,0,0,0,0,0,0,0,0,0,0,0,0,0,0,0
273,5,59.985,145.6,56.746,113.49,7,1,0,0,0,0,0,0,0,0,0,0,0,0,0,0,0,0,0,0
273,6,12.429,142.39,65.291,130.58,2,1,0,0,0,0,0,0,0,0,0,0,0,0,0,0,0,0,0,0
274,5,58.573,145.89,56.55,113.1,7,1,0,0,0,0,0,0,0,0,0,0,0,0,0,0,0,0,0,0
274,6,13.734,142.45,65.516,131.03,2,1,0,0,0,0,0,0,0,0,0,0,0,0,0,0,0,0,0,0
275,5,57.536,146.2,56.339,112.68,7,1,0,0,0,0,0,0,0,0,0,0,0,0,0,0,0,0,0,0
275,6,15.449,142.52,65.72,131.44,2,1,0,0,0,0,0,0,0,0,0,0,0,0,0,0,0,0,0,0
276,5,56.14,145.46,56.148,112.3,7,1,0,0,0,0,0,0,0,0,0,0,0,0,0,0,0,0,0,0
276,6,16.779,141.54,65.949,131.9,2,1,0,0,0,0,0,0,0,0,0,0,0,0,0,0,0,0,0,0
277,5,55.084,146.2,55.945,111.89,7,1,0,0,0,0,0,0,0,0,0,0,0,0,0,0,0,0,0,0
277,6,18.48,142.05,66.161,132.32,2,1,0,0,0,0,0,0,0,0,0,0,0,0,0,0,0,0,0,0
278,5,53.335,147.32,55.777,111.55,7,1,0,0,0,0,0,0,0,0,0,0,0,0,0,0,0,0,0,0
278,6,19.449,142.94,66.418,132.84,2,1,0,0,0,0,0,0,0,0,0,0,0,0,0,0,0,0,0,0
279,5,51.762,147.69,55.604,111.21,7,1,0,0,0,0,0,0,0,0,0,0,0,0,0,0,0,0,0,0
279,6,20.616,143.08,66.667,133.33,2,1,0,0,0,0,0,0,0,0,0,0,0,0,0,0,0,0,0,0
280,5,50.614,147.59,55.413,110.83,7,1,0,0,0,0,0,0,0,0,0,0,0,0,0,0,0,0,0,0
280,6,22.242,142.74,66.892,133.78,2,1,0,0,0,0,0,0,0,0,0,0,0,0,0,0,0,0,0,0
281,4,8.3794,153.46,51.422,102.84,7,1,1,0,0,0,0,0,0,0,0,0,0,0,0,0,0,0,0,0
281,5,50.006,146.69,55.198,110.4,7,1,1,0,-1.3892,-0.13757,-0.19253,-0.38505,7,1,77.605,257.08,55.198,110.4,77.605,188,-32.79,257.08,201.89,201.89
281,6,24.438,141.61,67.086,134.17,2,1,2,0,1.5634,0.46575,0.22598,0.45196,2,1,57.981,275.78,67.086,134.17,57.981,57.981,247.73,275.78,370.66,275.78
282,4,6.8029,153.58,51.284,102.57,7,1,0,0,0,0,0,0,0,0,0,0,0,0,0,0,0,0,0,0
282,5,48.532,146.84,55.03,110.06,7,1,0,0,0,0,0,0,0,0,0,0,0,0,0,0,0,0,0,0
282,6,25.738,141.52,67.339,134.68,2,1,0,0,0,0,0,0,0,0,0,0,0,0,0,0,0,0,0,0
283,4,5.9427,153.77,51.114,102.23,7,1,0,0,0,0,0,0,0,0,0,0,0,0,0,0,0,0,0,0
283,5,47.714,147.05,54.832,109.66,7,1,0,0,0,0,0,0,0,0,0,0,0,0,0,0,0,0,0,0
283,6,27.729,141.51,67.555,135.11,2,1,0,0,0,0,0,0,0,0,0,0,0,0,0,0,0,0,0,0
284,4,4.6166,153.34,50.968,101.94,7,1,0,0,0,0,0,0,0,0,0,0,0,0,0,0,0,0,0,0
284,5,46.462,146.66,54.657,109.31,7,1,0,0,0,0,0,0,0,0,0,0,0,0,0,0,0,0,0,0
284,6,29.284,140.88,67.798,135.6,2,1,0,0,0,0,0,0,0,0,0,0,0,0,0,0,0,0,0,0
285,4,3.0475,153.21,50.836,101.67,7,1,0,0,0,0,0,0,0,0,0,0,0,0,0,0,0,0,0,0
285,5,44.983,146.56,54.495,108.99,7,1,0,0,0,0,0,0,0,0,0,0,0,0,0,0,0,0,0,0
285,6,30.619,140.55,68.058,136.12,2,1,0,0,0,0,0,0,0,0,0,0,0,0,0,0,0,0,0,0
286,4,1.8313,153.32,50.69,101.38,7,1,0,0,0,0,0,0,0,0,0,0,0,0,0,0,0,0,0,0
286,5,43.826,146.69,54.321,108.64,7,1,0,0,0,0,0,0,0,0,0,0,0,0,0,0,0,0,0,0
286,6,32.299,140.45,68.302,136.6,2,1,0,0,0,0,0,0,0,0,0,0,0,0,0,0,0,0,0,0
287,4,0.31688,152.83,50.562,101.12,7,1,0,0,0,0,0,0,0,0,0,0,0,0,0,0,0,0,0,0
287,5,42.392,146.23,54.164,108.33,7,1,0,0,0,0,0,0,0,0,0,0,0,0,0,0,0,0,0,0
287,6,33.711,139.75,68.567,137.13,2,1,0,0,0,0,0,0,0,0,0,0,0,0,0,0,0,0,0,0
288,4,-1.0513,152.93,50.428,100.86,7,1,0,0,0,0,0,0,0,0,0,0,0,0,0,0,0,0,0,0
288,5,41.089,146.36,54.002,108,7,1,0,0,0,0,0,0,0,0,0,0,0,0,0,0,0,0,0,0
288,6,35.273,139.64,68.826,137.65,2,1,0,0,0,0,0,0,0,0,0,0,0,0,0,0,0,0,0,0
289,4,-2.469,152.79,50.3,100.6,7,1,0,0,0,0,0,0,0,0,0,0,0,0,0,0,0,0,0,0
289,5,39.738,146.25,53.845,107.69,7,1,0,0,0,0,0,0,0,0,0,0,0,0,0,0,0,0,0,0
289,6,36.805,139.3,69.092,138.18,2,1,0,0,0,0,0,0,0,0,0,0,0,0,0,0,0,0,0,0
290,4,-1.7795,152.07,50.071,100.14,7,1,0,0,0,0,0,0,0,0,0,0,0,0,0,0,0,0,0,0
290,5,40.324,145.56,53.593,107.19,7,1,0,0,0,0,0,0,0,0,0,0,0,0,0,0,0,0,0,0
290,6,40.277,138.39,69.237,138.47,2,1,0,0,0,0,0,0,0,0,0,0,0,0,0,0,0,0,0,0
291,6,42.042,139.48,69.492,138.98,2,1,1,0,1.8645,0.17468,0.24358,0.48717,2,1,76.788,278.46,69.492,138.98,76.788,76.788,273.34,278.46,376.74,278.46
292,6,43.739,138.65,69.751,139.5,2,1,0,0,0,0,0,0,0,0,0,0,0,0,0,0,0,0,0,0
293,6,46.077,138.59,69.977,139.95,2,1,0,0,0,0,0,0,0,0,0,0,0,0,0,0,0,0,0,0
294,6,49.33,138.24,70.151,140.3,2,1,0,0,0,0,0,0,0,0,0,0,0,0,0,0,0,0,0,0
295,6,50.029,138.16,70.487,140.97,2,1,0,0,0,0,0,0,0,0,0,0,0,0,0,0,0,0,0,0
296,6,52.588,138.81,70.71,141.42,2,1,0,0,0,0,0,0,0,0,0,0,0,0,0,0,0,0,0,0
297,6,54.853,137.98,70.955,141.91,2,1,0,0,0,0,0,0,0,0,0,0,0,0,0,0,0,0,0,0
298,6,55.921,137.74,71.278,142.56,2,1,0,0,0,0,0,0,0,0,0,0,0,0,0,0,0,0,0,0
299,6,58.814,137.83,71.494,142.99,2,1,0,0,0,0,0,0,0,0,0,0,0,0,0,0,0,0,0,0
300,6,61.606,137.82,71.717,143.43,2,1,0,0,0,0,0,0,0,0,0,0,0,0,0,0,0,0,0,0
