1,2,143.52,117.9,162.65,325.3,7,2,1,3,0,0,0,0,0,0,0,0,0,0,0,0,0,0,0,0
1,3,238.48,131.81,142.19,284.38,7,2,1,0,0,0,0,0,0,0,0,0,0,0,0,0,0,0,0,0
1,4,346.96,125.82,141.64,283.28,7,2,1,0,0,0,0,0,0,0,0,0,0,0,0,0,0,0,0,0
1,5,564.68,137.71,131.6,263.21,7,2,2,0,0,0,0,0,0,0,0,0,0,0,0,0,0,0,0,0
2,2,145.23,111.45,161.99,323.99,7,2,0,0,0,0,0,0,0,0,0,0,0,0,0,0,0,0,0,0
2,3,240.1,125.81,141.61,283.23,7,2,0,0,0,0,0,0,0,0,0,0,0,0,0,0,0,0,0,0
2,4,348.67,119.96,141.4,282.81,7,2,0,0,0,0,0,0,0,0,0,0,0,0,0,0,0,0,0,0
2,5,567.06,132.05,132.07,264.15,7,2,0,0,0,0,0,0,0,0,0,0,0,0,0,0,0,0,0,0
3,2,142.41,110.58,161.41,322.82,7,2,0,0,0,0,0,0,0,0,0,0,0,0,0,0,0,0,0,0
3,3,237.41,125.04,140.9,281.8,7,2,0,0,0,0,0,0,0,0,0,0,0,0,0,0,0,0,0,0
3,4,345.98,119.26,140.76,281.52,7,2,0,0,0,0,0,0,0,0,0,0,0,0,0,0,0,0,0,0
3,5,563.61,131.34,131.67,263.33,7,2,0,0,0,0,0,0,0,0,0,0,0,0,0,0,0,0,0,0
4,2,142.83,111.64,160.61,321.22,7,2,0,0,0,0,0,0,0,0,0,0,0,0,0,0,0,0,0,0
4,3,237.72,125.96,140.13,280.26,7,2,0,0,0,0,0,0,0,0,0,0,0,0,0,0,0,0,0,0
4,4,346.22,120.19,140.23,280.46,7,2,0,0,0,0,0,0,0,0,0,0,0,0,0,0,0,0,0,0
4,5,563.76,132.25,131.69,263.37,7,2,0,0,0,0,0,0,0,0,0,0,0,0,0,0,0,0,0,0
5,2,141.5,113.4,159.89,319.78,7,2,0,0,0,0,0,0,0,0,0,0,0,0,0,0,0,0,0,0
5,3,236.39,127.66,139.36,278.72,7,2,0,0,0,0,0,0,0,0,0,0,0,0,0,0,0,0,0,0
5,4,344.82,121.92,139.6,279.2,7,2,0,0,0,0,0,0,0,0,0,0,0,0,0,0,0,0,0,0
5,5,561.84,133.95,131.43,262.85,7,2,0,0,0,0,0,0,0,0,0,0,0,0,0,0,0,0,0,0
6,2,142.72,113.41,159.01,318.03,7,2,0,0,0,0,0,0,0,0,0,0,0,0,0,0,0,0,0,0
6,3,237.41,127.59,138.57,277.13,7,2,0,0,0,0,0,0,0,0,0,0,0,0,0,0,0,0,0,0
6,4,345.72,121.88,139.07,278.15,7,2,0,0,0,0,0,0,0,0,0,0,0,0,0,0,0,0,0,0
6,5,562.76,133.9,131.52,263.03,7,2,0,0,0,0,0,0,0,0,0,0,0,0,0,0,0,0,0,0
7,2,141.03,113.83,158.37,316.75,7,2,0,0,0,0,0,0,0,0,0,0,0,0,0,0,0,0,0,0
7,3,235.78,127.95,137.86,275.71,7,2,0,0,0,0,0,0,0,0,0,0,0,0,0,0,0,0,0,0
7,4,344.05,122.27,138.48,276.95,7,2,0,0,0,0,0,0,0,0,0,0,0,0,0,0,0,0,0,0
7,5,560.54,134.26,131.25,262.5,7,2,0,0,0,0,0,0,0,0,0,0,0,0,0,0,0,0,0,0
8,2,140.51,113.14,157.66,315.32,7,2,0,0,0,0,0,0,0,0,0,0,0,0,0,0,0,0,0,0
8,3,235.22,127.19,137.14,274.27,7,2,0,0,0,0,0,0,0,0,0,0,0,0,0,0,0,0,0,0
8,4,343.42,121.53,137.93,275.86,7,2,0,0,0,0,0,0,0,0,0,0,0,0,0,0,0,0,0,0
8,5,559.62,133.51,131.14,262.28,7,2,0,0,0,0,0,0,0,0,0,0,0,0,0,0,0,0,0,0
9,2,139.15,109.79,157,314.01,7,2,0,0,0,0,0,0,0,0,0,0,0,0,0,0,0,0,0,0
9,3,233.89,123.78,136.43,272.86,7,2,0,0,0,0,0,0,0,0,0,0,0,0,0,0,0,0,0,0
9,4,342.03,118.15,137.35,274.69,7,2,0,0,0,0,0,0,0,0,0,0,0,0,0,0,0,0,0,0
9,5,557.74,130.1,130.91,261.81,7,2,0,0,0,0,0,0,0,0,0,0,0,0,0,0,0,0,0,0
10,2,140.21,109.4,156.16,312.32,7,2,0,0,0,0,0,0,0,0,0,0,0,0,0,0,0,0,0,0
10,3,234.77,123.31,135.67,271.33,7,2,0,0,0,0,0,0,0,0,0,0,0,0,0,0,0,0,0,0
10,4,342.79,117.71,136.83,273.65,7,2,0,0,0,0,0,0,0,0,0,0,0,0,0,0,0,0,0,0
10,5,558.45,129.65,130.97,261.94,7,2,0,0,0,0,0,0,0,0,0,0,0,0,0,0,0,0,0,0
11,2,140.53,109.42,155.38,310.76,7,2,1,3,-0.85785,-1.6939,-0.73714,-1.4743,7,2,218.22,420.17,155.38,310.76,218.22,528.98,-92.537,420.17,264.8,264.8
11,3,234.98,123.26,134.93,269.85,7,2,1,0,-0.91029,-1.7717,-0.74374,-1.4875,7,2,302.44,393.12,134.93,269.85,302.44,572.3,32.592,393.12,258.19,258.19
11,4,342.87,117.69,136.29,272.58,7,2,1,0,-0.89789,-1.3909,-0.56723,-1.1345,7,2,411.02,390.26,136.29,272.58,411.02,683.59,138.44,390.26,253.97,253.97
11,5,558.34,129.61,130.94,261.87,7,2,2,0,-0.99184,-0.51987,-0.12209,-0.24418,7,2,623.81,391.48,130.94,261.87,623.81,885.68,361.94,391.48,260.55,260.55
12,2,138.04,109.98,154.82,309.65,7,2,0,0,0,0,0,0,0,0,0,0,0,0,0,0,0,0,0,0
12,3,232.61,123.77,134.27,268.55,7,2,0,0,0,0,0,0,0,0,0,0,0,0,0,0,0,0,0,0
12,4,340.46,118.22,135.69,271.37,7,2,0,0,0,0,0,0,0,0,0,0,0,0,0,0,0,0,0,0
12,5,555.22,130.11,130.56,261.12,7,2,0,0,0,0,0,0,0,0,0,0,0,0,0,0,0,0,0,0
13,2,137.6,112.18,154.12,308.23,7,2,0,0,0,0,0,0,0,0,0,0,0,0,0,0,0,0,0,0
13,3,232.14,125.91,133.57,267.15,7,2,0,0,0,0,0,0,0,0,0,0,0,0,0,0,0,0,0,0
13,4,339.88,120.39,135.14,270.28,7,2,0,0,0,0,0,0,0,0,0,0,0,0,0,0,0,0,0,0
13,5,554.31,132.25,130.44,260.88,7,2,0,0,0,0,0,0,0,0,0,0,0,0,0,0,0,0,0,0
14,2,138.72,110.96,153.28,306.57,7,2,0,0,0,0,0,0,0,0,0,0,0,0,0,0,0,0,0,0
14,3,233.08,124.62,132.83,265.66,7,2,0,0,0,0,0,0,0,0,0,0,0,0,0,0,0,0,0,0
14,4,340.65,119.12,134.62,269.25,7,2,0,0,0,0,0,0,0,0,0,0,0,0,0,0,0,0,0,0
14,5,555.01,130.98,130.49,260.98,7,2,0,0,0,0,0,0,0,0,0,0,0,0,0,0,0,0,0,0
15,2,139.89,109.66,152.45,304.9,7,2,0,0,0,0,0,0,0,0,0,0,0,0,0,0,0,0,0,0
15,3,234.07,123.24,132.09,264.17,7,2,0,0,0,0,0,0,0,0,0,0,0,0,0,0,0,0,0,0
15,4,341.46,117.77,134.11,268.21,7,2,0,0,0,0,0,0,0,0,0,0,0,0,0,0,0,0,0,0
15,5,555.75,129.62,130.54,261.09,7,2,0,0,0,0,0,0,0,0,0,0,0,0,0,0,0,0,0,0
16,2,141.57,110.64,151.6,303.19,7,2,0,0,0,0,0,0,0,0,0,0,0,0,0,0,0,0,0,0
16,3,235.54,124.14,131.35,262.71,7,2,0,0,0,0,0,0,0,0,0,0,0,0,0,0,0,0,0,0
16,4,342.74,118.7,133.62,267.24,7,2,0,0,0,0,0,0,0,0,0,0,0,0,0,0,0,0,0,0
16,5,557.08,130.55,130.67,261.35,7,2,0,0,0,0,0,0,0,0,0,0,0,0,0,0,0,0,0,0
17,2,144.66,111.38,150.63,301.26,7,2,0,0,0,0,0,0,0,0,0,0,0,0,0,0,0,0,0,0
17,3,238.29,124.8,130.58,261.15,7,2,0,0,0,0,0,0,0,0,0,0,0,0,0,0,0,0,0,0
17,4,345.24,119.37,133.15,266.3,7,2,0,0,0,0,0,0,0,0,0,0,0,0,0,0,0,0,0,0
17,5,559.86,131.23,130.96,261.92,7,2,0,0,0,0,0,0,0,0,0,0,0,0,0,0,0,0,0,0
18,2,148.92,111.1,149.6,299.2,7,2,0,0,0,0,0,0,0,0,0,0,0,0,0,0,0,0,0,0
18,3,242.14,124.43,129.79,259.58,7,2,0,0,0,0,0,0,0,0,0,0,0,0,0,0,0,0,0,0
18,4,348.81,119.03,132.73,265.46,7,2,0,0,0,0,0,0,0,0,0,0,0,0,0,0,0,0,0,0
18,5,563.98,130.92,131.41,262.81,7,2,0,0,0,0,0,0,0,0,0,0,0,0,0,0,0,0,0,0
19,2,147.2,111.11,149,297.99,7,2,0,0,0,0,0,0,0,0,0,0,0,0,0,0,0,0,0,0
19,3,240.49,124.39,129.15,258.29,7,2,0,0,0,0,0,0,0,0,0,0,0,0,0,0,0,0,0,0
19,4,347.02,119.01,132.14,264.28,7,2,0,0,0,0,0,0,0,0,0,0,0,0,0,0,0,0,0,0
19,5,561.52,130.86,131.09,262.17,7,2,0,0,0,0,0,0,0,0,0,0,0,0,0,0,0,0,0,0
20,2,148.32,111.48,148.19,296.38,7,2,0,0,0,0,0,0,0,0,0,0,0,0,0,0,0,0,0,0
20,3,241.45,124.68,128.44,256.88,7,2,0,0,0,0,0,0,0,0,0,0,0,0,0,0,0,0,0,0
20,4,347.75,119.33,131.63,263.26,7,2,0,0,0,0,0,0,0,0,0,0,0,0,0,0,0,0,0,0
20,5,562.14,131.17,131.12,262.24,7,2,0,0,0,0,0,0,0,0,0,0,0,0,0,0,0,0,0,0
21,2,145.92,111.7,147.65,295.3,7,1,1,3,0.90918,-1.5616,-0.83051,-1.661,7,2,219.75,407,147.65,295.3,219.75,515.04,-75.547,407,259.35,259.35
21,3,239.2,124.85,127.83,255.66,7,1,1,0,0.77845,-1.4294,-0.72732,-1.4546,7,2,303.11,380.52,127.83,255.66,303.11,558.77,47.452,380.52,252.68,252.68
21,4,345.35,119.53,131.03,262.06,7,1,1,0,0.68964,-0.9611,-0.50588,-1.0118,7,2,410.87,381.6,131.03,262.06,410.87,672.93,148.81,381.6,250.56,250.56
21,5,558.94,131.33,130.72,261.44,7,2,2,0,0.9358,0.19128,0.07294,0.14588,7,2,624.3,392.77,130.72,261.44,624.3,885.74,362.87,392.77,262.05,262.05
22,2,145.73,111.51,146.96,293.92,7,1,0,0,0,0,0,0,0,0,0,0,0,0,0,0,0,0,0,0
22,3,238.97,124.6,127.18,254.37,7,1,0,0,0,0,0,0,0,0,0,0,0,0,0,0,0,0,0,0
22,4,344.92,119.3,130.5,261.01,7,1,0,0,0,0,0,0,0,0,0,0,0,0,0,0,0,0,0,0
22,5,558.16,131.09,130.6,261.2,7,2,0,0,0,0,0,0,0,0,0,0,0,0,0,0,0,0,0,0
23,2,144.81,111.05,146.31,292.62,7,1,0,0,0,0,0,0,0,0,0,0,0,0,0,0,0,0,0,0
23,3,238.08,124.08,126.55,253.09,7,1,0,0,0,0,0,0,0,0,0,0,0,0,0,0,0,0,0,0
23,4,343.82,118.8,129.94,259.89,7,1,0,0,0,0,0,0,0,0,0,0,0,0,0,0,0,0,0,0
23,5,556.53,130.56,130.38,260.75,7,2,0,0,0,0,0,0,0,0,0,0,0,0,0,0,0,0,0,0
24,2,145.64,111.06,145.55,291.1,7,1,0,0,0,0,0,0,0,0,0,0,0,0,0,0,0,0,0,0
24,3,238.81,124.02,125.88,251.76,7,1,0,0,0,0,0,0,0,0,0,0,0,0,0,0,0,0,0,0
24,4,344.28,118.77,129.43,258.87,7,1,0,0,0,0,0,0,0,0,0,0,0,0,0,0,0,0,0,0
24,5,556.8,130.52,130.37,260.74,7,2,0,0,0,0,0,0,0,0,0,0,0,0,0,0,0,0,0,0
25,2,145.49,110.75,144.85,289.7,7,1,0,0,0,0,0,0,0,0,0,0,0,0,0,0,0,0,0,0
25,3,238.64,123.65,125.23,250.47,7,1,0,0,0,0,0,0,0,0,0,0,0,0,0,0,0,0,0,0
25,4,343.84,118.42,128.89,257.78,7,1,0,0,0,0,0,0,0,0,0,0,0,0,0,0,0,0,0,0
25,5,555.95,130.15,130.23,260.46,7,2,0,0,0,0,0,0,0,0,0,0,0,0,0,0,0,0,0,0
26,2,144.67,110.61,144.21,288.41,7,1,0,0,0,0,0,0,0,0,0,0,0,0,0,0,0,0,0,0
26,3,237.87,123.45,124.61,249.23,7,1,0,0,0,0,0,0,0,0,0,0,0,0,0,0,0,0,0,0
26,4,342.82,118.24,128.34,256.68,7,1,0,0,0,0,0,0,0,0,0,0,0,0,0,0,0,0,0,0
26,5,554.39,129.94,130.02,260.03,7,2,0,0,0,0,0,0,0,0,0,0,0,0,0,0,0,0,0,0
27,2,144.93,110.45,143.48,286.95,7,1,0,0,0,0,0,0,0,0,0,0,0,0,0,0,0,0,0,0
27,3,238.08,123.23,123.96,247.93,7,1,0,0,0,0,0,0,0,0,0,0,0,0,0,0,0,0,0,0
27,4,342.72,118.05,127.8,255.6,7,1,0,0,0,0,0,0,0,0,0,0,0,0,0,0,0,0,0,0
27,5,553.93,129.73,129.91,259.82,7,2,0,0,0,0,0,0,0,0,0,0,0,0,0,0,0,0,0,0
28,2,145.05,110.51,142.77,285.53,7,1,0,0,0,0,0,0,0,0,0,0,0,0,0,0,0,0,0,0
28,3,238.19,123.22,123.33,246.66,7,1,0,0,0,0,0,0,0,0,0,0,0,0,0,0,0,0,0,0
28,4,342.51,118.07,127.27,254.53,7,1,0,0,0,0,0,0,0,0,0,0,0,0,0,0,0,0,0,0
28,5,553.33,129.73,129.8,259.6,7,2,0,0,0,0,0,0,0,0,0,0,0,0,0,0,0,0,0,0
29,2,144.56,110.46,142.1,284.21,7,1,0,0,0,0,0,0,0,0,0,0,0,0,0,0,0,0,0,0
29,3,237.75,123.11,122.72,245.44,7,1,0,0,0,0,0,0,0,0,0,0,0,0,0,0,0,0,0,0
29,4,341.75,117.98,126.72,253.45,7,1,0,0,0,0,0,0,0,0,0,0,0,0,0,0,0,0,0,0
29,5,552.08,129.62,129.61,259.23,7,2,0,0,0,0,0,0,0,0,0,0,0,0,0,0,0,0,0,0
30,2,144.15,111.14,141.43,282.87,7,1,0,0,0,0,0,0,0,0,0,0,0,0,0,0,0,0,0,0
30,3,237.39,123.73,122.11,244.21,7,1,0,0,0,0,0,0,0,0,0,0,0,0,0,0,0,0,0,0
30,4,341.05,118.63,126.18,252.35,7,1,0,0,0,0,0,0,0,0,0,0,0,0,0,0,0,0,0,0
30,5,550.87,130.24,129.43,258.86,7,2,0,0,0,0,0,0,0,0,0,0,0,0,0,0,0,0,0,0
31,2,144.71,110.78,140.69,281.39,7,1,1,3,-0.47045,-1.4506,-0.6955,-1.391,7,1,215.06,392.17,140.69,281.39,215.06,496.44,-66.333,392.17,251.47,251.47
31,3,237.92,123.3,121.47,242.95,7,1,1,0,-0.44303,-1.3906,-0.63418,-1.2684,7,1,298.66,366.25,121.47,242.95,298.66,541.61,55.712,366.25,244.78,244.78
31,4,341.2,118.22,125.65,251.29,7,1,1,0,-0.69156,-1.1775,-0.53972,-1.0794,7,1,404.03,369.52,125.65,251.29,404.03,655.32,152.73,369.52,243.87,243.87
31,5,550.67,129.82,129.35,258.71,7,2,2,0,-0.91205,-0.39851,-0.13981,-0.27962,7,2,615.34,388.52,129.35,258.71,615.34,874.05,356.64,388.52,259.17,259.17
32,2,145.32,111.09,139.96,279.92,7,1,0,0,0,0,0,0,0,0,0,0,0,0,0,0,0,0,0,0
32,3,238.52,123.55,120.85,241.7,7,1,0,0,0,0,0,0,0,0,0,0,0,0,0,0,0,0,0,0
32,4,341.4,118.49,125.13,250.25,7,1,0,0,0,0,0,0,0,0,0,0,0,0,0,0,0,0,0,0
32,5,550.52,130.07,129.29,258.58,7,2,0,0,0,0,0,0,0,0,0,0,0,0,0,0,0,0,0,0
33,2,143.87,110.53,139.37,278.75,7,1,0,0,0,0,0,0,0,0,0,0,0,0,0,0,0,0,0,0
33,3,237.25,122.93,120.29,240.57,7,1,0,0,0,0,0,0,0,0,0,0,0,0,0,0,0,0,0,0
33,4,339.77,117.9,124.56,249.13,7,1,0,0,0,0,0,0,0,0,0,0,0,0,0,0,0,0,0,0
33,5,548.17,129.45,128.98,257.96,7,2,0,0,0,0,0,0,0,0,0,0,0,0,0,0,0,0,0,0
34,2,142.48,110.02,138.77,277.55,7,1,0,0,0,0,0,0,0,0,0,0,0,0,0,0,0,0,0,0
34,3,236.04,122.37,119.71,239.43,7,1,0,0,0,0,0,0,0,0,0,0,0,0,0,0,0,0,0,0
34,4,338.17,117.36,123.99,247.99,7,1,0,0,0,0,0,0,0,0,0,0,0,0,0,0,0,0,0,0
34,5,545.84,128.88,128.67,257.33,7,2,0,0,0,0,0,0,0,0,0,0,0,0,0,0,0,0,0,0
35,2,142.34,109.15,138.09,276.18,7,1,0,0,0,0,0,0,0,0,0,0,0,0,0,0,0,0,0,0
35,3,235.98,121.44,119.12,238.24,7,1,0,0,0,0,0,0,0,0,0,0,0,0,0,0,0,0,0,0
35,4,337.68,116.45,123.45,246.9,7,1,0,0,0,0,0,0,0,0,0,0,0,0,0,0,0,0,0,0
35,5,544.83,127.94,128.5,257,7,2,0,0,0,0,0,0,0,0,0,0,0,0,0,0,0,0,0,0
36,2,142.92,110.09,137.36,274.72,7,1,0,0,0,0,0,0,0,0,0,0,0,0,0,0,0,0,0,0
36,3,236.59,122.31,118.51,237.02,7,1,0,0,0,0,0,0,0,0,0,0,0,0,0,0,0,0,0,0
36,4,337.82,117.35,122.92,245.84,7,1,0,0,0,0,0,0,0,0,0,0,0,0,0,0,0,0,0,0
36,5,544.55,128.83,128.41,256.82,7,2,0,0,0,0,0,0,0,0,0,0,0,0,0,0,0,0,0,0
37,2,142.45,110.96,136.7,273.39,7,1,0,0,0,0,0,0,0,0,0,0,0,0,0,0,0,0,0,0
37,3,236.24,123.12,117.93,235.86,7,1,0,0,0,0,0,0,0,0,0,0,0,0,0,0,0,0,0,0
37,4,337.01,118.18,122.37,244.73,7,1,0,0,0,0,0,0,0,0,0,0,0,0,0,0,0,0,0,0
37,5,543.14,129.63,128.19,256.39,7,2,0,0,0,0,0,0,0,0,0,0,0,0,0,0,0,0,0,0
38,2,142.09,110.59,136.03,272.05,7,1,0,0,0,0,0,0,0,0,0,0,0,0,0,0,0,0,0,0
38,3,236.01,122.7,117.35,234.7,7,1,0,0,0,0,0,0,0,0,0,0,0,0,0,0,0,0,0,0
38,4,336.3,117.78,121.81,243.63,7,1,0,0,0,0,0,0,0,0,0,0,0,0,0,0,0,0,0,0
38,5,541.82,129.2,127.98,255.97,7,2,0,0,0,0,0,0,0,0,0,0,0,0,0,0,0,0,0,0
39,2,141.59,110.89,135.38,270.76,7,1,0,0,0,0,0,0,0,0,0,0,0,0,0,0,0,0,0,0
39,3,235.65,122.94,116.79,233.57,7,1,0,0,0,0,0,0,0,0,0,0,0,0,0,0,0,0,0,0
39,4,335.47,118.04,121.27,242.54,7,1,0,0,0,0,0,0,0,0,0,0,0,0,0,0,0,0,0,0
39,5,540.37,129.44,127.77,255.54,7,2,0,0,0,0,0,0,0,0,0,0,0,0,0,0,0,0,0,0
40,2,141.77,111.86,134.68,269.35,7,1,0,0,0,0,0,0,0,0,0,0,0,0,0,0,0,0,0,0
40,3,235.92,123.85,116.2,232.41,7,1,0,0,0,0,0,0,0,0,0,0,0,0,0,0,0,0,0,0
40,4,335.23,118.98,120.73,241.46,7,1,0,0,0,0,0,0,0,0,0,0,0,0,0,0,0,0,0,0
40,5,539.6,130.35,127.62,255.25,7,2,0,0,0,0,0,0,0,0,0,0,0,0,0,0,0,0,0,0
41,2,141.24,112.41,134.03,268.05,7,1,1,3,-0.67922,-1.1484,-0.66741,-1.3348,7,1,208.26,380.46,134.03,268.05,208.26,476.31,-59.794,380.46,246.44,246.44
41,3,235.54,124.34,115.64,231.28,7,1,1,0,-0.52346,-1.0369,-0.58187,-1.1637,7,1,293.36,355.62,115.64,231.28,293.36,524.64,62.081,355.62,239.98,239.98
41,4,334.35,119.49,120.17,240.35,7,1,1,0,-0.96296,-0.94674,-0.54843,-1.0969,7,1,394.44,359.84,120.17,240.35,394.44,634.79,154.09,359.84,239.66,239.66
41,5,538.06,130.84,127.39,254.78,7,1,2,0,-1.3716,-0.27233,-0.19868,-0.39736,7,2,601.76,385.62,127.39,254.78,601.76,856.54,346.97,385.62,258.23,258.23
42,2,141.03,111.86,133.35,266.71,7,1,0,0,0,0,0,0,0,0,0,0,0,0,0,0,0,0,0,0
42,3,235.45,123.73,115.08,230.15,7,1,0,0,0,0,0,0,0,0,0,0,0,0,0,0,0,0,0,0
42,4,333.75,118.91,119.63,239.25,7,1,0,0,0,0,0,0,0,0,0,0,0,0,0,0,0,0,0,0
42,5,536.84,130.23,127.19,254.39,7,1,0,0,0,0,0,0,0,0,0,0,0,0,0,0,0,0,0,0
43,2,141.07,111.81,132.67,265.34,7,1,0,0,0,0,0,0,0,0,0,0,0,0,0,0,0,0,0,0
43,3,235.61,123.62,114.51,229.02,7,1,0,0,0,0,0,0,0,0,0,0,0,0,0,0,0,0,0,0
43,4,333.37,118.81,119.09,238.17,7,1,0,0,0,0,0,0,0,0,0,0,0,0,0,0,0,0,0,0
43,5,535.87,130.11,127.03,254.05,7,1,0,0,0,0,0,0,0,0,0,0,0,0,0,0,0,0,0,0
44,2,140.85,112.56,132,264,7,1,0,0,0,0,0,0,0,0,0,0,0,0,0,0,0,0,0,0
44,3,235.52,124.31,113.95,227.9,7,1,0,0,0,0,0,0,0,0,0,0,0,0,0,0,0,0,0,0
44,4,332.74,119.53,118.54,237.07,7,1,0,0,0,0,0,0,0,0,0,0,0,0,0,0,0,0,0,0
44,5,534.6,130.8,126.82,253.64,7,1,0,0,0,0,0,0,0,0,0,0,0,0,0,0,0,0,0,0
45,2,140.44,112.49,131.35,262.7,7,1,0,0,0,0,0,0,0,0,0,0,0,0,0,0,0,0,0,0
45,3,235.26,124.19,113.41,226.82,7,1,0,0,0,0,0,0,0,0,0,0,0,0,0,0,0,0,0,0
45,4,331.95,119.43,117.99,235.98,7,1,0,0,0,0,0,0,0,0,0,0,0,0,0,0,0,0,0,0
45,5,533.14,130.68,126.6,253.2,7,1,0,0,0,0,0,0,0,0,0,0,0,0,0,0,0,0,0,0
46,2,140.43,112.44,130.67,261.35,7,1,0,0,0,0,0,0,0,0,0,0,0,0,0,0,0,0,0,0
46,3,235.36,124.07,112.86,225.72,7,1,0,0,0,0,0,0,0,0,0,0,0,0,0,0,0,0,0,0
46,4,331.51,119.33,117.45,234.91,7,1,0,0,0,0,0,0,0,0,0,0,0,0,0,0,0,0,0,0
46,5,532.08,130.56,126.42,252.84,7,1,0,0,0,0,0,0,0,0,0,0,0,0,0,0,0,0,0,0
47,2,141.14,112.97,129.95,259.89,7,1,0,0,0,0,0,0,0,0,0,0,0,0,0,0,0,0,0,0
47,3,236.12,124.54,112.29,224.58,7,1,0,0,0,0,0,0,0,0,0,0,0,0,0,0,0,0,0,0
47,4,331.69,119.82,116.92,233.84,7,1,0,0,0,0,0,0,0,0,0,0,0,0,0,0,0,0,0,0
47,5,531.72,131.03,126.31,252.62,7,1,0,0,0,0,0,0,0,0,0,0,0,0,0,0,0,0,0,0
48,2,141.51,114.18,129.24,258.47,7,1,0,0,0,0,0,0,0,0,0,0,0,0,0,0,0,0,0,0
48,3,236.55,125.69,111.73,223.45,7,1,0,0,0,0,0,0,0,0,0,0,0,0,0,0,0,0,0,0
48,4,331.55,121,116.37,232.74,7,1,0,0,0,0,0,0,0,0,0,0,0,0,0,0,0,0,0,0
48,5,530.95,132.18,126.15,252.3,7,1,0,0,0,0,0,0,0,0,0,0,0,0,0,0,0,0,0,0
49,2,140.73,114.38,128.6,257.21,7,1,0,0,0,0,0,0,0,0,0,0,0,0,0,0,0,0,0,0
49,3,235.94,125.83,111.19,222.39,7,1,0,0,0,0,0,0,0,0,0,0,0,0,0,0,0,0,0,0
49,4,330.41,121.16,115.81,231.61,7,1,0,0,0,0,0,0,0,0,0,0,0,0,0,0,0,0,0,0
49,5,529,132.31,125.87,251.74,7,1,0,0,0,0,0,0,0,0,0,0,0,0,0,0,0,0,0,0
50,2,140.22,114.82,127.96,255.91,7,1,0,0,0,0,0,0,0,0,0,0,0,0,0,0,0,0,0,0
50,3,235.55,126.22,110.66,221.32,7,1,0,0,0,0,0,0,0,0,0,0,0,0,0,0,0,0,0,0
50,4,329.49,121.57,115.25,230.49,7,1,0,0,0,0,0,0,0,0,0,0,0,0,0,0,0,0,0,0
50,5,527.3,132.69,125.61,251.23,7,1,0,0,0,0,0,0,0,0,0,0,0,0,0,0,0,0,0,0
51,2,141.05,115.22,127.23,254.46,7,1,1,2,-0.35481,-0.95947,-0.67968,-1.3594,7,1,204.66,369.67,127.23,254.46,204.66,459.12,-49.796,369.67,242.45,242.45
51,3,236.4,126.55,110.1,220.21,7,1,1,0,-0.18646,-0.76458,-0.55233,-1.1047,7,1,291.45,346.75,110.1,220.21,291.45,511.65,71.241,346.75,236.65,236.65
51,4,329.76,121.92,114.71,229.43,7,1,1,0,-0.73193,-0.73007,-0.54638,-1.0928,7,1,387.12,351.35,114.71,229.43,387.12,616.54,157.69,351.35,236.64,236.64
51,5,526.98,133.03,125.51,251.01,7,1,2,0,-1.2079,-0.040913,-0.1896,-0.37919,7,1,589.73,384.04,125.51,251.01,589.73,840.75,338.72,384.04,258.54,258.54
52,2,141.12,116.38,126.55,253.1,7,1,0,0,0,0,0,0,0,0,0,0,0,0,0,0,0,0,0,0
52,3,236.53,127.65,109.56,219.13,7,1,0,0,0,0,0,0,0,0,0,0,0,0,0,0,0,0,0,0
52,4,329.35,123.05,114.17,228.33,7,1,0,0,0,0,0,0,0,0,0,0,0,0,0,0,0,0,0,0
52,5,525.85,134.13,125.31,250.63,7,1,0,0,0,0,0,0,0,0,0,0,0,0,0,0,0,0,0,0
53,2,141,116.26,125.89,251.77,7,1,0,0,0,0,0,0,0,0,0,0,0,0,0,0,0,0,0,0
53,3,236.49,127.48,109.04,218.07,7,1,0,0,0,0,0,0,0,0,0,0,0,0,0,0,0,0,0,0
53,4,328.78,122.9,113.62,227.24,7,1,0,0,0,0,0,0,0,0,0,0,0,0,0,0,0,0,0,0
53,5,524.51,133.95,125.1,250.2,7,1,0,0,0,0,0,0,0,0,0,0,0,0,0,0,0,0,0,0
54,2,140.67,117.35,125.23,250.46,7,1,0,0,0,0,0,0,0,0,0,0,0,0,0,0,0,0,0,0
54,3,236.24,128.51,108.51,217.02,7,1,0,0,0,0,0,0,0,0,0,0,0,0,0,0,0,0,0,0
54,4,328.01,123.95,113.06,226.12,7,1,0,0,0,0,0,0,0,0,0,0,0,0,0,0,0,0,0,0
54,5,522.92,134.98,124.86,249.72,7,1,0,0,0,0,0,0,0,0,0,0,0,0,0,0,0,0,0,0
55,2,140.68,116.57,124.55,249.11,7,1,0,0,0,0,0,0,0,0,0,0,0,0,0,0,0,0,0,0
55,3,236.29,127.66,107.98,215.95,7,1,0,0,0,0,0,0,0,0,0,0,0,0,0,0,0,0,0,0
55,4,327.53,123.13,112.51,225.01,7,1,0,0,0,0,0,0,0,0,0,0,0,0,0,0,0,0,0,0
55,5,521.64,134.13,124.65,249.3,7,1,0,0,0,0,0,0,0,0,0,0,0,0,0,0,0,0,0,0
56,2,140.84,116.38,123.86,247.72,7,1,0,0,0,0,0,0,0,0,0,0,0,0,0,0,0,0,0,0
56,3,236.46,127.42,107.44,214.87,7,1,0,0,0,0,0,0,0,0,0,0,0,0,0,0,0,0,0,0
56,4,327.17,122.91,111.95,223.89,7,1,0,0,0,0,0,0,0,0,0,0,0,0,0,0,0,0,0,0
56,5,520.47,133.88,124.44,248.88,7,1,0,0,0,0,0,0,0,0,0,0,0,0,0,0,0,0,0,0
57,2,140.32,116.11,123.21,246.42,7,1,0,0,0,0,0,0,0,0,0,0,0,0,0,0,0,0,0,0
57,3,236,127.09,106.91,213.83,7,1,0,0,0,0,0,0,0,0,0,0,0,0,0,0,0,0,0,0
57,4,326.21,122.6,111.38,222.75,7,1,0,0,0,0,0,0,0,0,0,0,0,0,0,0,0,0,0,0
57,5,518.59,133.54,124.16,248.33,7,1,0,0,0,0,0,0,0,0,0,0,0,0,0,0,0,0,0,0
58,2,140.54,115.79,122.51,245.03,7,1,0,0,0,0,0,0,0,0,0,0,0,0,0,0,0,0,0,0
58,3,236.2,126.71,106.37,212.75,7,1,0,0,0,0,0,0,0,0,0,0,0,0,0,0,0,0,0,0
58,4,325.9,122.24,110.81,221.63,7,1,0,0,0,0,0,0,0,0,0,0,0,0,0,0,0,0,0,0
58,5,517.43,133.16,123.96,247.92,7,1,0,0,0,0,0,0,0,0,0,0,0,0,0,0,0,0,0,0
59,2,141.19,116.04,121.8,243.6,7,1,0,0,0,0,0,0,0,0,0,0,0,0,0,0,0,0,0,0
59,3,236.78,126.89,105.83,211.67,7,1,0,0,0,0,0,0,0,0,0,0,0,0,0,0,0,0,0,0
59,4,325.97,122.45,110.26,220.52,7,1,0,0,0,0,0,0,0,0,0,0,0,0,0,0,0,0,0,0
59,5,516.71,133.35,123.8,247.61,7,1,0,0,0,0,0,0,0,0,0,0,0,0,0,0,0,0,0,0
60,2,140.8,115.63,121.15,242.31,7,1,0,0,0,0,0,0,0,0,0,0,0,0,0,0,0,0,0,0
60,3,236.4,126.43,105.33,210.65,7,1,0,0,0,0,0,0,0,0,0,0,0,0,0,0,0,0,0,0
60,4,325.13,122.01,109.7,219.41,7,1,0,0,0,0,0,0,0,0,0,0,0,0,0,0,0,0,0,0
60,5,514.93,132.87,123.55,247.1,7,1,0,0,0,0,0,0,0,0,0,0,0,0,0,0,0,0,0,0
61,2,141.21,116.3,120.46,240.92,7,1,1,2,-0.33226,-1.4431,-0.6781,-1.3562,7,1,201.44,357.21,120.46,240.92,201.44,442.35,-39.476,357.21,236.76,236.76
61,3,236.74,127.04,104.8,209.6,7,1,1,0,-0.24619,-1.2074,-0.53062,-1.0612,7,1,289.14,336.64,104.8,209.6,289.14,498.74,79.537,336.64,231.84,231.84
61,4,324.99,122.64,109.15,218.3,7,1,1,0,-0.76914,-1.241,-0.55862,-1.1172,7,1,379.57,340.94,109.15,218.3,379.57,597.87,161.26,340.94,231.79,231.79
61,5,513.93,133.48,123.37,246.74,7,1,2,0,-1.4415,-0.58648,-0.21805,-0.4361,7,1,575.62,380.22,123.37,246.74,575.62,822.36,328.87,380.22,256.85,256.85
62,2,141.42,116.5,119.77,239.54,7,1,0,0,0,0,0,0,0,0,0,0,0,0,0,0,0,0,0,0
62,3,236.87,127.18,104.28,208.55,7,1,0,0,0,0,0,0,0,0,0,0,0,0,0,0,0,0,0,0
62,4,324.67,122.81,108.59,217.19,7,1,0,0,0,0,0,0,0,0,0,0,0,0,0,0,0,0,0,0
62,5,512.7,133.62,123.17,246.34,7,1,0,0,0,0,0,0,0,0,0,0,0,0,0,0,0,0,0,0
63,2,142.02,116.68,119.06,238.12,7,1,0,0,0,0,0,0,0,0,0,0,0,0,0,0,0,0,0,0
63,3,237.35,127.3,103.75,207.49,7,1,0,0,0,0,0,0,0,0,0,0,0,0,0,0,0,0,0,0
63,4,324.68,122.94,108.04,216.08,7,1,0,0,0,0,0,0,0,0,0,0,0,0,0,0,0,0,0,0
63,5,511.82,133.74,123,246,7,1,0,0,0,0,0,0,0,0,0,0,0,0,0,0,0,0,0,0
64,2,143.09,116.13,118.32,236.63,7,1,0,0,0,0,0,0,0,0,0,0,0,0,0,0,0,0,0,0
64,3,238.24,126.68,103.2,206.41,7,1,0,0,0,0,0,0,0,0,0,0,0,0,0,0,0,0,0,0
64,4,325.11,122.35,107.48,214.97,7,1,0,0,0,0,0,0,0,0,0,0,0,0,0,0,0,0,0,0
64,5,511.4,133.12,122.87,245.75,7,1,0,0,0,0,0,0,0,0,0,0,0,0,0,0,0,0,0,0
65,2,144.35,115.78,117.57,235.14,7,1,0,0,0,0,0,0,0,0,0,0,0,0,0,0,0,0,0,0
65,3,239.28,126.27,102.66,205.33,7,1,0,0,0,0,0,0,0,0,0,0,0,0,0,0,0,0,0,0
65,4,325.71,121.96,106.94,213.87,7,1,0,0,0,0,0,0,0,0,0,0,0,0,0,0,0,0,0,0
65,5,511.15,132.71,122.77,245.53,7,1,0,0,0,0,0,0,0,0,0,0,0,0,0,0,0,0,0,0
66,2,144.79,115.54,116.88,233.75,7,1,0,0,0,0,0,0,0,0,0,0,0,0,0,0,0,0,0,0
66,3,239.57,125.97,102.14,204.29,7,1,0,0,0,0,0,0,0,0,0,0,0,0,0,0,0,0,0,0
66,4,325.59,121.68,106.38,212.76,7,1,0,0,0,0,0,0,0,0,0,0,0,0,0,0,0,0,0,0
66,5,510.08,132.41,122.59,245.17,7,1,0,0,0,0,0,0,0,0,0,0,0,0,0,0,0,0,0,0
67,2,145.76,115.88,116.15,232.31,7,1,0,0,0,0,0,0,0,0,0,0,0,0,0,0,0,0,0,0
67,3,240.32,126.25,101.62,203.24,7,1,0,0,0,0,0,0,0,0,0,0,0,0,0,0,0,0,0,0
67,4,325.94,121.98,105.83,211.66,7,1,0,0,0,0,0,0,0,0,0,0,0,0,0,0,0,0,0,0
67,5,509.52,132.69,122.46,244.91,7,1,0,0,0,0,0,0,0,0,0,0,0,0,0,0,0,0,0,0
68,2,146.93,115.97,115.41,230.82,7,1,0,0,0,0,0,0,0,0,0,0,0,0,0,0,0,0,0,0
68,3,241.24,126.27,101.08,202.17,7,1,0,0,0,0,0,0,0,0,0,0,0,0,0,0,0,0,0,0
68,4,326.44,122.03,105.28,210.55,7,1,0,0,0,0,0,0,0,0,0,0,0,0,0,0,0,0,0,0
68,5,509.11,132.72,122.33,244.67,7,1,0,0,0,0,0,0,0,0,0,0,0,0,0,0,0,0,0,0
69,2,147.66,115.58,114.7,229.4,7,1,0,0,0,0,0,0,0,0,0,0,0,0,0,0,0,0,0,0
69,3,241.74,125.82,100.56,201.12,7,1,0,0,0,0,0,0,0,0,0,0,0,0,0,0,0,0,0,0
69,4,326.56,121.6,104.72,209.44,7,1,0,0,0,0,0,0,0,0,0,0,0,0,0,0,0,0,0,0
69,5,508.25,132.26,122.17,244.34,7,1,0,0,0,0,0,0,0,0,0,0,0,0,0,0,0,0,0,0
70,2,147.06,114.74,114.08,228.16,7,1,0,0,0,0,0,0,0,0,0,0,0,0,0,0,0,0,0,0
70,3,241.01,124.93,100.08,200.16,7,1,0,0,0,0,0,0,0,0,0,0,0,0,0,0,0,0,0,0
70,4,325.52,120.73,104.16,208.32,7,1,0,0,0,0,0,0,0,0,0,0,0,0,0,0,0,0,0,0
70,5,506.08,131.37,121.9,243.8,7,1,0,0,0,0,0,0,0,0,0,0,0,0,0,0,0,0,0,0
71,2,147.39,115.06,113.4,226.8,7,1,1,2,0.37513,-1.5962,-0.71205,-1.4241,7,1,204.09,341.86,113.4,226.8,204.09,430.89,-22.709,341.86,228.46,228.46
71,3,241.1,125.19,99.571,199.14,7,1,1,0,0.27018,-1.282,-0.52423,-1.0485,7,1,290.89,324.33,99.571,199.14,290.89,490.03,91.747,324.33,224.76,224.76
71,4,325.28,121.01,103.6,207.2,7,1,1,0,-0.14952,-1.3199,-0.55423,-1.1085,7,1,377.08,328.21,103.6,207.2,377.08,584.28,169.87,328.21,224.61,224.61
71,5,504.8,131.63,121.71,243.41,7,1,2,0,-0.88859,-0.54634,-0.15635,-0.31271,7,1,565.65,375.04,121.71,243.41,565.65,809.06,322.24,375.04,253.33,253.33
72,2,148.25,115.78,112.7,225.4,7,1,0,0,0,0,0,0,0,0,0,0,0,0,0,0,0,0,0,0
72,3,241.68,125.85,99.065,198.13,7,1,0,0,0,0,0,0,0,0,0,0,0,0,0,0,0,0,0,0
72,4,325.53,121.69,103.06,206.12,7,1,0,0,0,0,0,0,0,0,0,0,0,0,0,0,0,0,0,0
72,5,504.08,132.29,121.58,243.16,7,1,0,0,0,0,0,0,0,0,0,0,0,0,0,0,0,0,0,0
73,2,148.89,116.1,112,224.01,7,1,0,0,0,0,0,0,0,0,0,0,0,0,0,0,0,0,0,0
73,3,242.03,126.11,98.555,197.11,7,1,0,0,0,0,0,0,0,0,0,0,0,0,0,0,0,0,0,0
73,4,325.56,121.97,102.51,205.01,7,1,0,0,0,0,0,0,0,0,0,0,0,0,0,0,0,0,0,0
73,5,503.08,132.54,121.42,242.83,7,1,0,0,0,0,0,0,0,0,0,0,0,0,0,0,0,0,0,0
74,2,149.2,115.99,111.34,222.68,7,1,0,0,0,0,0,0,0,0,0,0,0,0,0,0,0,0,0,0
74,3,242.06,125.94,98.063,196.13,7,1,0,0,0,0,0,0,0,0,0,0,0,0,0,0,0,0,0,0
74,4,325.3,121.83,101.96,203.92,7,1,0,0,0,0,0,0,0,0,0,0,0,0,0,0,0,0,0,0
74,5,501.77,132.37,121.24,242.48,7,1,0,0,0,0,0,0,0,0,0,0,0,0,0,0,0,0,0,0
75,2,149.73,116.33,110.66,221.32,7,1,0,0,0,0,0,0,0,0,0,0,0,0,0,0,0,0,0,0
75,3,242.26,126.22,97.562,195.12,7,1,0,0,0,0,0,0,0,0,0,0,0,0,0,0,0,0,0,0
75,4,325.23,122.13,101.41,202.82,7,1,0,0,0,0,0,0,0,0,0,0,0,0,0,0,0,0,0,0
75,5,500.65,132.65,121.07,242.15,7,1,0,0,0,0,0,0,0,0,0,0,0,0,0,0,0,0,0,0
76,2,150.26,115.78,109.98,219.96,7,1,0,0,0,0,0,0,0,0,0,0,0,0,0,0,0,0,0,0
76,3,242.46,125.61,97.065,194.13,7,1,0,0,0,0,0,0,0,0,0,0,0,0,0,0,0,0,0,0
76,4,325.16,121.54,100.86,201.72,7,1,0,0,0,0,0,0,0,0,0,0,0,0,0,0,0,0,0,0
76,5,499.53,132.04,120.91,241.82,7,1,0,0,0,0,0,0,0,0,0,0,0,0,0,0,0,0,0,0
77,2,150.83,115.55,109.29,218.59,7,1,0,0,0,0,0,0,0,0,0,0,0,0,0,0,0,0,0,0
77,3,242.68,125.33,96.559,193.12,7,1,0,0,0,0,0,0,0,0,0,0,0,0,0,0,0,0,0,0
77,4,325.11,121.28,100.3,200.6,7,1,0,0,0,0,0,0,0,0,0,0,0,0,0,0,0,0,0,0
77,5,498.41,131.75,120.74,241.49,7,1,0,0,0,0,0,0,0,0,0,0,0,0,0,0,0,0,0,0
78,2,151.74,115.54,108.6,217.2,7,1,0,0,0,0,0,0,0,0,0,0,0,0,0,0,0,0,0,0
78,3,243.19,125.26,96.06,192.12,7,1,0,0,0,0,0,0,0,0,0,0,0,0,0,0,0,0,0,0
78,4,325.37,121.23,99.759,199.52,7,1,0,0,0,0,0,0,0,0,0,0,0,0,0,0,0,0,0,0
78,5,497.66,131.69,120.62,241.24,7,1,0,0,0,0,0,0,0,0,0,0,0,0,0,0,0,0,0,0
79,2,152.46,115.18,107.93,215.86,7,1,0,0,0,0,0,0,0,0,0,0,0,0,0,0,0,0,0,0
79,3,243.52,124.84,95.574,191.15,7,1,0,0,0,0,0,0,0,0,0,0,0,0,0,0,0,0,0,0
79,4,325.47,120.83,99.223,198.45,7,1,0,0,0,0,0,0,0,0,0,0,0,0,0,0,0,0,0,0
79,5,496.75,131.27,120.5,240.99,7,1,0,0,0,0,0,0,0,0,0,0,0,0,0,0,0,0,0,0
80,2,153.23,114.43,107.25,214.5,7,1,0,0,0,0,0,0,0,0,0,0,0,0,0,0,0,0,0,0
80,3,243.87,124.03,95.079,190.16,7,1,0,0,0,0,0,0,0,0,0,0,0,0,0,0,0,0,0,0
80,4,325.6,120.05,98.679,197.36,7,1,0,0,0,0,0,0,0,0,0,0,0,0,0,0,0,0,0,0
80,5,495.85,130.47,120.37,240.73,7,1,0,0,0,0,0,0,0,0,0,0,0,0,0,0,0,0,0,0
81,2,154.1,114.57,106.57,213.13,7,1,1,3,0.30065,-1.5392,-0.6812,-1.3624,7,1,207.38,327.7,106.57,213.13,207.38,420.51,-5.752,327.7,221.14,221.14
81,3,244.3,124.11,94.584,189.17,7,1,1,0,0.035204,-1.231,-0.49768,-0.99536,7,1,291.6,313.28,94.584,189.17,291.6,480.76,102.43,313.28,218.69,218.69
81,4,325.81,120.15,98.135,196.27,7,1,1,0,-0.24896,-1.3086,-0.54722,-1.0944,7,1,374.88,316.42,98.135,196.27,374.88,571.15,178.61,316.42,218.28,218.28
81,5,495.04,130.55,120.24,240.49,7,1,2,0,-1.088,-0.53411,-0.14919,-0.29837,7,1,555.16,371.03,120.24,240.49,555.16,795.65,314.67,371.03,250.79,250.79
82,2,156.28,114.75,105.81,211.63,7,1,0,0,0,0,0,0,0,0,0,0,0,0,0,0,0,0,0,0
82,3,245.92,124.23,94.065,188.13,7,1,0,0,0,0,0,0,0,0,0,0,0,0,0,0,0,0,0,0
82,4,327.18,120.29,97.603,195.21,7,1,0,0,0,0,0,0,0,0,0,0,0,0,0,0,0,0,0,0
82,5,495.53,130.67,120.24,240.48,7,1,0,0,0,0,0,0,0,0,0,0,0,0,0,0,0,0,0,0
83,2,158.14,115.26,105.08,210.17,7,1,0,0,0,0,0,0,0,0,0,0,0,0,0,0,0,0,0,0
83,3,247.25,124.67,93.555,187.11,7,1,0,0,0,0,0,0,0,0,0,0,0,0,0,0,0,0,0,0
83,4,328.28,120.75,97.071,194.14,7,1,0,0,0,0,0,0,0,0,0,0,0,0,0,0,0,0,0,0
83,5,495.72,131.12,120.21,240.42,7,1,0,0,0,0,0,0,0,0,0,0,0,0,0,0,0,0,0,0
84,2,159.62,114.08,104.38,208.76,7,1,0,0,0,0,0,0,0,0,0,0,0,0,0,0,0,0,0,0
84,3,248.2,123.43,93.057,186.11,7,1,0,0,0,0,0,0,0,0,0,0,0,0,0,0,0,0,0,0
84,4,329.02,119.53,96.539,193.08,7,1,0,0,0,0,0,0,0,0,0,0,0,0,0,0,0,0,0,0
84,5,495.53,129.89,120.15,240.31,7,1,0,0,0,0,0,0,0,0,0,0,0,0,0,0,0,0,0,0
85,2,160.54,114.51,103.71,207.41,7,1,0,0,0,0,0,0,0,0,0,0,0,0,0,0,0,0,0,0
85,3,248.63,123.8,92.566,185.13,7,1,0,0,0,0,0,0,0,0,0,0,0,0,0,0,0,0,0,0
85,4,329.27,119.92,95.995,191.99,7,1,0,0,0,0,0,0,0,0,0,0,0,0,0,0,0,0,0,0
85,5,494.78,130.26,120.04,240.09,7,1,0,0,0,0,0,0,0,0,0,0,0,0,0,0,0,0,0,0
86,2,161.55,114.07,103.03,206.07,7,1,0,0,0,0,0,0,0,0,0,0,0,0,0,0,0,0,0,0
86,3,249.12,123.31,92.08,184.16,7,1,0,0,0,0,0,0,0,0,0,0,0,0,0,0,0,0,0,0
86,4,329.58,119.45,95.46,190.92,7,1,0,0,0,0,0,0,0,0,0,0,0,0,0,0,0,0,0,0
86,5,494.12,129.78,119.95,239.9,7,1,0,0,0,0,0,0,0,0,0,0,0,0,0,0,0,0,0,0
87,2,162.46,114.15,102.36,204.73,7,1,0,0,0,0,0,0,0,0,0,0,0,0,0,0,0,0,0,0
87,3,249.52,123.33,91.594,183.19,7,1,0,0,0,0,0,0,0,0,0,0,0,0,0,0,0,0,0,0
87,4,329.8,119.49,94.92,189.84,7,1,0,0,0,0,0,0,0,0,0,0,0,0,0,0,0,0,0,0
87,5,493.37,129.8,119.85,239.69,7,1,0,0,0,0,0,0,0,0,0,0,0,0,0,0,0,0,0,0
88,2,163.62,114.11,101.7,203.39,7,1,0,0,0,0,0,0,0,0,0,0,0,0,0,0,0,0,0,0
88,3,250.15,123.23,91.115,182.23,7,1,0,0,0,0,0,0,0,0,0,0,0,0,0,0,0,0,0,0
88,4,330.26,119.42,94.395,188.79,7,1,0,0,0,0,0,0,0,0,0,0,0,0,0,0,0,0,0,0
88,5,492.91,129.71,119.78,239.57,7,1,0,0,0,0,0,0,0,0,0,0,0,0,0,0,0,0,0,0
89,2,164.1,113.97,101.06,202.13,7,1,0,0,0,0,0,0,0,0,0,0,0,0,0,0,0,0,0,0
89,3,250.14,123.04,90.648,181.3,7,1,0,0,0,0,0,0,0,0,0,0,0,0,0,0,0,0,0,0
89,4,330.1,119.24,93.864,187.73,7,1,0,0,0,0,0,0,0,0,0,0,0,0,0,0,0,0,0,0
89,5,491.78,129.51,119.66,239.32,7,1,0,0,0,0,0,0,0,0,0,0,0,0,0,0,0,0,0,0
90,2,165.06,114.16,100.41,200.82,7,1,0,0,0,0,0,0,0,0,0,0,0,0,0,0,0,0,0,0
90,3,250.56,123.17,90.171,180.34,7,1,0,0,0,0,0,0,0,0,0,0,0,0,0,0,0,0,0,0
90,4,330.36,119.4,93.334,186.67,7,1,0,0,0,0,0,0,0,0,0,0,0,0,0,0,0,0,0,0
90,5,491.12,129.65,119.58,239.16,7,1,0,0,0,0,0,0,0,0,0,0,0,0,0,0,0,0,0,0
91,2,166.14,114.52,99.748,199.5,7,1,1,3,0.69379,-1.4101,-0.67038,-1.3408,7,1,216.02,314.01,99.748,199.5,216.02,415.51,16.519,314.01,214.27,214.27
91,3,251.1,123.47,89.694,179.39,7,1,1,0,0.26955,-1.0956,-0.48427,-0.96855,7,1,295.94,302.86,89.694,179.39,295.94,475.33,116.55,302.86,213.16,213.16
91,4,330.72,119.72,92.807,185.61,7,1,1,0,0.066156,-1.1733,-0.53359,-1.0672,7,1,377.13,305.33,92.807,185.61,377.13,562.74,191.51,305.33,212.52,212.52
91,5,490.6,129.96,119.51,239.03,7,1,2,0,-0.65914,-0.29613,-0.086515,-0.17303,7,1,550.36,368.99,119.51,239.03,550.36,789.39,311.33,368.99,249.47,249.47
92,2,167.81,115.26,99.061,198.12,7,1,0,0,0,0,0,0,0,0,0,0,0,0,0,0,0,0,0,0
92,3,252.17,124.16,89.206,178.41,7,1,0,0,0,0,0,0,0,0,0,0,0,0,0,0,0,0,0,0
92,4,331.61,120.43,92.284,184.57,7,1,0,0,0,0,0,0,0,0,0,0,0,0,0,0,0,0,0,0
92,5,490.68,130.65,119.5,239,7,1,0,0,0,0,0,0,0,0,0,0,0,0,0,0,0,0,0,0
93,2,168.87,115.84,98.418,196.84,7,1,0,0,0,0,0,0,0,0,0,0,0,0,0,0,0,0,0,0
93,3,252.68,124.68,88.74,177.48,7,1,0,0,0,0,0,0,0,0,0,0,0,0,0,0,0,0,0,0
93,4,331.97,120.96,91.768,183.54,7,1,0,0,0,0,0,0,0,0,0,0,0,0,0,0,0,0,0,0
93,5,490.19,131.18,119.45,238.9,7,1,0,0,0,0,0,0,0,0,0,0,0,0,0,0,0,0,0,0
94,2,169.54,116.21,97.793,195.59,7,1,0,0,0,0,0,0,0,0,0,0,0,0,0,0,0,0,0,0
94,3,252.82,124.99,88.28,176.56,7,1,0,0,0,0,0,0,0,0,0,0,0,0,0,0,0,0,0,0
94,4,331.96,121.3,91.247,182.49,7,1,0,0,0,0,0,0,0,0,0,0,0,0,0,0,0,0,0,0
94,5,489.32,131.5,119.37,238.73,7,1,0,0,0,0,0,0,0,0,0,0,0,0,0,0,0,0,0,0
95,2,170.59,116.6,97.155,194.31,7,1,0,0,0,0,0,0,0,0,0,0,0,0,0,0,0,0,0,0
95,3,253.31,125.33,87.816,175.63,7,1,0,0,0,0,0,0,0,0,0,0,0,0,0,0,0,0,0,0
95,4,332.28,121.66,90.732,181.46,7,1,0,0,0,0,0,0,0,0,0,0,0,0,0,0,0,0,0,0
95,5,488.85,131.84,119.32,238.65,7,1,0,0,0,0,0,0,0,0,0,0,0,0,0,0,0,0,0,0
96,2,171.57,116.83,96.52,193.04,7,1,0,0,0,0,0,0,0,0,0,0,0,0,0,0,0,0,0,0
96,3,253.74,125.51,87.352,174.7,7,1,0,0,0,0,0,0,0,0,0,0,0,0,0,0,0,0,0,0
96,4,332.54,121.85,90.216,180.43,7,1,0,0,0,0,0,0,0,0,0,0,0,0,0,0,0,0,0,0
96,5,488.31,132.02,119.27,238.55,7,1,0,0,0,0,0,0,0,0,0,0,0,0,0,0,0,0,0,0
97,2,171.48,116,95.941,191.88,7,1,0,0,0,0,0,0,0,0,0,0,0,0,0,0,0,0,0,0
97,3,253.17,124.63,86.911,173.82,7,1,0,0,0,0,0,0,0,0,0,0,0,0,0,0,0,0,0,0
97,4,331.84,121,89.696,179.39,7,1,0,0,0,0,0,0,0,0,0,0,0,0,0,0,0,0,0,0
97,5,486.75,131.15,119.14,238.29,7,1,0,0,0,0,0,0,0,0,0,0,0,0,0,0,0,0,0,0
98,2,170.6,116.29,95.402,190.8,7,1,0,0,0,0,0,0,0,0,0,0,0,0,0,0,0,0,0,0
98,3,251.86,124.87,86.487,172.97,7,1,0,0,0,0,0,0,0,0,0,0,0,0,0,0,0,0,0,0
98,4,330.4,121.25,89.174,178.35,7,1,0,0,0,0,0,0,0,0,0,0,0,0,0,0,0,0,0,0
98,5,484.4,131.38,118.96,237.91,7,1,0,0,0,0,0,0,0,0,0,0,0,0,0,0,0,0,0,0
99,2,171.27,115.78,94.79,189.58,7,1,0,0,0,0,0,0,0,0,0,0,0,0,0,0,0,0,0,0
99,3,251.99,124.3,86.033,172.07,7,1,0,0,0,0,0,0,0,0,0,0,0,0,0,0,0,0,0,0
99,4,330.36,120.71,88.66,177.32,7,1,0,0,0,0,0,0,0,0,0,0,0,0,0,0,0,0,0,0
99,5,483.61,130.82,118.89,237.79,7,1,0,0,0,0,0,0,0,0,0,0,0,0,0,0,0,0,0,0
100,2,172.15,115.9,94.178,188.36,7,1,0,0,0,0,0,0,0,0,0,0,0,0,0,0,0,0,0,0
100,3,252.32,124.37,85.583,171.17,7,1,0,0,0,0,0,0,0,0,0,0,0,0,0,0,0,0,0,0
100,4,330.51,120.8,88.157,176.31,7,1,0,0,0,0,0,0,0,0,0,0,0,0,0,0,0,0,0,0
100,5,483.07,130.89,118.86,237.73,7,1,0,0,0,0,0,0,0,0,0,0,0,0,0,0,0,0,0,0
101,2,173.3,115.56,93.555,187.11,7,1,1,3,0.18692,-1.218,-0.60663,-1.2133,7,1,220.07,302.67,93.555,187.11,220.07,407.18,32.964,302.67,209.12,209.12
101,3,252.9,123.98,85.128,170.26,7,1,1,0,-0.25606,-0.95974,-0.45125,-0.9025,7,1,295.46,294.24,85.128,170.26,295.46,465.72,125.21,294.24,209.11,209.11
101,4,330.9,120.43,87.655,175.31,7,1,1,0,-0.4454,-1.0684,-0.5155,-1.031,7,1,374.73,295.74,87.655,175.31,374.73,550.04,199.41,295.74,208.08,208.08
101,5,482.8,130.52,118.86,237.71,7,1,2,0,-1.0366,-0.21688,-0.081632,-0.16326,7,1,542.22,368.23,118.86,237.71,542.22,779.94,304.51,368.23,249.37,249.37
102,2,174.03,115.75,92.948,185.9,7,1,0,0,0,0,0,0,0,0,0,0,0,0,0,0,0,0,0,0
102,3,253.09,124.12,84.676,169.35,7,1,0,0,0,0,0,0,0,0,0,0,0,0,0,0,0,0,0,0
102,4,330.89,120.59,87.147,174.29,7,1,0,0,0,0,0,0,0,0,0,0,0,0,0,0,0,0,0,0
102,5,482.12,130.66,118.81,237.62,7,1,0,0,0,0,0,0,0,0,0,0,0,0,0,0,0,0,0,0
103,2,174.94,115.9,92.345,184.69,7,1,0,0,0,0,0,0,0,0,0,0,0,0,0,0,0,0,0,0
103,3,253.45,124.21,84.229,168.46,7,1,0,0,0,0,0,0,0,0,0,0,0,0,0,0,0,0,0,0
103,4,331.06,120.7,86.65,173.3,7,1,0,0,0,0,0,0,0,0,0,0,0,0,0,0,0,0,0,0
103,5,481.66,130.76,118.8,237.59,7,1,0,0,0,0,0,0,0,0,0,0,0,0,0,0,0,0,0,0
104,2,176.3,115.75,91.715,183.43,7,1,0,0,0,0,0,0,0,0,0,0,0,0,0,0,0,0,0,0
104,3,254.22,124,83.767,167.53,7,1,0,0,0,0,0,0,0,0,0,0,0,0,0,0,0,0,0,0
104,4,331.6,120.51,86.147,172.29,7,1,0,0,0,0,0,0,0,0,0,0,0,0,0,0,0,0,0,0
104,5,481.63,130.56,118.81,237.61,7,1,0,0,0,0,0,0,0,0,0,0,0,0,0,0,0,0,0,0
105,2,177.28,115.04,91.118,182.24,7,1,0,0,0,0,0,0,0,0,0,0,0,0,0,0,0,0,0,0
105,3,254.65,123.25,83.324,166.65,7,1,0,0,0,0,0,0,0,0,0,0,0,0,0,0,0,0,0,0
105,4,331.82,119.78,85.656,171.31,7,1,0,0,0,0,0,0,0,0,0,0,0,0,0,0,0,0,0,0
105,5,481.28,129.82,118.81,237.62,7,1,0,0,0,0,0,0,0,0,0,0,0,0,0,0,0,0,0,0
106,2,177.87,114.49,90.545,181.09,7,1,0,0,0,0,0,0,0,0,0,0,0,0,0,0,0,0,0,0
106,3,254.72,122.65,82.894,165.79,7,1,0,0,0,0,0,0,0,0,0,0,0,0,0,0,0,0,0,0
106,4,331.68,119.19,85.17,170.34,7,1,0,0,0,0,0,0,0,0,0,0,0,0,0,0,0,0,0,0
106,5,480.59,129.22,118.79,237.59,7,1,0,0,0,0,0,0,0,0,0,0,0,0,0,0,0,0,0,0
107,2,177.79,113.68,90.001,180,7,1,0,0,0,0,0,0,0,0,0,0,0,0,0,0,0,0,0,0
107,3,254.16,121.79,82.474,164.95,7,1,0,0,0,0,0,0,0,0,0,0,0,0,0,0,0,0,0,0
107,4,330.91,118.36,84.677,169.35,7,1,0,0,0,0,0,0,0,0,0,0,0,0,0,0,0,0,0,0
107,5,479.22,128.37,118.72,237.44,7,1,0,0,0,0,0,0,0,0,0,0,0,0,0,0,0,0,0,0
108,2,179.03,114.4,89.401,178.8,7,1,0,0,0,0,0,0,0,0,0,0,0,0,0,0,0,0,0,0
108,3,254.84,122.46,82.03,164.06,7,1,0,0,0,0,0,0,0,0,0,0,0,0,0,0,0,0,0,0
108,4,331.35,119.04,84.193,168.39,7,1,0,0,0,0,0,0,0,0,0,0,0,0,0,0,0,0,0,0
108,5,479.19,129.05,118.76,237.51,7,1,0,0,0,0,0,0,0,0,0,0,0,0,0,0,0,0,0,0
109,2,180.63,114.75,88.797,177.59,7,1,0,0,0,0,0,0,0,0,0,0,0,0,0,0,0,0,0,0
109,3,255.86,122.76,81.588,163.18,7,1,0,0,0,0,0,0,0,0,0,0,0,0,0,0,0,0,0,0
109,4,332.12,119.36,83.72,167.44,7,1,0,0,0,0,0,0,0,0,0,0,0,0,0,0,0,0,0,0
109,5,479.55,129.36,118.83,237.67,7,1,0,0,0,0,0,0,0,0,0,0,0,0,0,0,0,0,0,0
110,2,181.66,114.5,88.222,176.44,7,1,0,0,0,0,0,0,0,0,0,0,0,0,0,0,0,0,0,0
110,3,256.35,122.45,81.159,162.32,7,1,0,0,0,0,0,0,0,0,0,0,0,0,0,0,0,0,0,0
110,4,332.35,119.07,83.246,166.49,7,1,0,0,0,0,0,0,0,0,0,0,0,0,0,0,0,0,0,0
110,5,479.37,129.07,118.87,237.74,7,1,0,0,0,0,0,0,0,0,0,0,0,0,0,0,0,0,0,0
111,2,182.66,114.85,87.653,175.31,7,1,1,3,0.62504,-1.329,-0.58673,-1.1735,7,1,226.48,290.15,87.653,175.31,226.48,401.79,51.179,290.15,202.5,202.5
111,3,256.82,122.76,80.732,161.46,7,1,1,0,0.15777,-1.0812,-0.43746,-0.87491,7,1,297.18,284.22,80.732,161.46,297.18,458.65,135.72,284.22,203.49,203.49
111,4,332.56,119.39,82.776,165.55,7,1,1,0,-0.094205,-1.1592,-0.48595,-0.9719,7,1,373.95,284.94,82.776,165.55,373.95,539.5,208.4,284.94,202.17,202.17
111,5,479.17,129.38,118.91,237.83,7,1,2,0,-0.36306,-0.18028,0.0082046,0.016409,7,1,538.63,367.21,118.91,237.83,538.63,776.46,300.8,367.21,248.3,248.3
112,2,183.53,114.92,87.091,174.18,7,1,0,0,0,0,0,0,0,0,0,0,0,0,0,0,0,0,0,0
112,3,257.16,122.78,80.309,160.62,7,1,0,0,0,0,0,0,0,0,0,0,0,0,0,0,0,0,0,0
112,4,332.65,119.44,82.306,164.61,7,1,0,0,0,0,0,0,0,0,0,0,0,0,0,0,0,0,0,0
112,5,478.87,129.42,118.95,237.9,7,1,0,0,0,0,0,0,0,0,0,0,0,0,0,0,0,0,0,0
113,2,184.42,114.43,86.538,173.08,7,1,0,0,0,0,0,0,0,0,0,0,0,0,0,0,0,0,0,0
113,3,257.54,122.24,79.891,159.78,7,1,0,0,0,0,0,0,0,0,0,0,0,0,0,0,0,0,0,0
113,4,332.75,118.92,81.843,163.69,7,1,0,0,0,0,0,0,0,0,0,0,0,0,0,0,0,0,0,0
113,5,478.61,128.89,119,237.99,7,1,0,0,0,0,0,0,0,0,0,0,0,0,0,0,0,0,0,0
114,2,186.02,114.99,85.952,171.9,7,1,0,0,0,0,0,0,0,0,0,0,0,0,0,0,0,0,0,0
114,3,258.58,122.75,79.456,158.91,7,1,0,0,0,0,0,0,0,0,0,0,0,0,0,0,0,0,0,0
114,4,333.49,119.44,81.379,162.76,7,1,0,0,0,0,0,0,0,0,0,0,0,0,0,0,0,0,0,0
114,5,479.07,129.42,119.09,238.19,7,1,0,0,0,0,0,0,0,0,0,0,0,0,0,0,0,0,0,0
115,2,186.88,115.1,85.404,170.81,7,1,0,0,0,0,0,0,0,0,0,0,0,0,0,0,0,0,0,0
115,3,258.93,122.82,79.04,158.08,7,1,0,0,0,0,0,0,0,0,0,0,0,0,0,0,0,0,0,0
115,4,333.55,119.53,80.917,161.83,7,1,0,0,0,0,0,0,0,0,0,0,0,0,0,0,0,0,0,0
115,5,478.8,129.5,119.14,238.28,7,1,0,0,0,0,0,0,0,0,0,0,0,0,0,0,0,0,0,0
116,2,188.04,115.31,84.855,169.71,7,1,0,0,0,0,0,0,0,0,0,0,0,0,0,0,0,0,0,0
116,3,259.58,122.98,78.626,157.25,7,1,0,0,0,0,0,0,0,0,0,0,0,0,0,0,0,0,0,0
116,4,333.89,119.71,80.467,160.93,7,1,0,0,0,0,0,0,0,0,0,0,0,0,0,0,0,0,0,0
116,5,478.88,129.67,119.23,238.46,7,1,0,0,0,0,0,0,0,0,0,0,0,0,0,0,0,0,0,0
117,2,188.74,115.63,84.328,168.66,7,1,0,0,0,0,0,0,0,0,0,0,0,0,0,0,0,0,0,0
117,3,259.8,123.24,78.223,156.45,7,1,0,0,0,0,0,0,0,0,0,0,0,0,0,0,0,0,0,0
117,4,333.81,119.99,80.018,160.04,7,1,0,0,0,0,0,0,0,0,0,0,0,0,0,0,0,0,0,0
117,5,478.52,129.95,119.29,238.58,7,1,0,0,0,0,0,0,0,0,0,0,0,0,0,0,0,0,0,0
118,2,189.62,116.03,83.797,167.59,7,1,0,0,0,0,0,0,0,0,0,0,0,0,0,0,0,0,0,0
118,3,260.18,123.61,77.818,155.64,7,1,0,0,0,0,0,0,0,0,0,0,0,0,0,0,0,0,0,0
118,4,333.87,120.37,79.57,159.14,7,1,0,0,0,0,0,0,0,0,0,0,0,0,0,0,0,0,0,0
118,5,478.34,130.33,119.36,238.73,7,1,0,0,0,0,0,0,0,0,0,0,0,0,0,0,0,0,0,0
119,2,190.22,116.09,83.277,166.55,7,1,0,0,0,0,0,0,0,0,0,0,0,0,0,0,0,0,0,0
119,3,260.31,123.61,77.415,154.83,7,1,0,0,0,0,0,0,0,0,0,0,0,0,0,0,0,0,0,0
119,4,333.68,120.39,79.12,158.24,7,1,0,0,0,0,0,0,0,0,0,0,0,0,0,0,0,0,0,0
119,5,477.89,130.35,119.41,238.82,7,1,0,0,0,0,0,0,0,0,0,0,0,0,0,0,0,0,0,0
120,2,190.36,115.77,82.782,165.56,7,1,0,0,0,0,0,0,0,0,0,0,0,0,0,0,0,0,0,0
120,3,260.02,123.25,77.026,154.05,7,1,0,0,0,0,0,0,0,0,0,0,0,0,0,0,0,0,0,0
120,4,333.06,120.05,78.675,157.35,7,1,0,0,0,0,0,0,0,0,0,0,0,0,0,0,0,0,0,0
120,5,477,129.99,119.44,238.87,7,1,0,0,0,0,0,0,0,0,0,0,0,0,0,0,0,0,0,0
121,2,190.49,115.27,82.29,164.58,7,1,1,3,0.54561,-0.94192,-0.53471,-1.0694,7,1,231.63,279.85,82.29,164.58,231.63,396.21,67.053,279.85,197.56,197.56
121,3,259.72,122.71,76.639,153.28,7,1,1,0,0.1173,-0.73539,-0.4082,-0.81641,7,1,298.04,275.99,76.639,153.28,298.04,451.32,144.76,275.99,199.35,199.35
121,4,332.41,119.52,78.232,156.46,7,1,1,0,-0.21472,-0.8057,-0.4522,-0.9044,7,1,371.53,275.99,78.232,156.46,371.53,528,215.07,275.99,197.76,197.76
121,5,476.11,129.46,119.46,238.92,7,1,2,0,-0.23451,0.21494,0.060633,0.12127,7,1,535.84,368.38,119.46,238.92,535.84,774.77,296.92,368.38,248.92,248.92
122,2,191.16,115,81.785,163.57,7,1,0,0,0,0,0,0,0,0,0,0,0,0,0,0,0,0,0,0
122,3,259.95,122.4,76.248,152.5,7,1,0,0,0,0,0,0,0,0,0,0,0,0,0,0,0,0,0,0
122,4,332.28,119.23,77.8,155.6,7,1,0,0,0,0,0,0,0,0,0,0,0,0,0,0,0,0,0,0
122,5,475.8,129.16,119.54,239.09,7,1,0,0,0,0,0,0,0,0,0,0,0,0,0,0,0,0,0,0
123,2,191.9,114.98,81.281,162.56,7,1,0,0,0,0,0,0,0,0,0,0,0,0,0,0,0,0,0,0
123,3,260.24,122.33,75.859,151.72,7,1,0,0,0,0,0,0,0,0,0,0,0,0,0,0,0,0,0,0
123,4,332.2,119.18,77.37,154.74,7,1,0,0,0,0,0,0,0,0,0,0,0,0,0,0,0,0,0,0
123,5,475.56,129.11,119.63,239.27,7,1,0,0,0,0,0,0,0,0,0,0,0,0,0,0,0,0,0,0
124,2,192.67,115.27,80.777,161.55,7,1,0,0,0,0,0,0,0,0,0,0,0,0,0,0,0,0,0,0
124,3,260.57,122.58,75.467,150.93,7,1,0,0,0,0,0,0,0,0,0,0,0,0,0,0,0,0,0,0
124,4,332.14,119.45,76.939,153.88,7,1,0,0,0,0,0,0,0,0,0,0,0,0,0,0,0,0,0,0
124,5,475.35,129.38,119.72,239.45,7,1,0,0,0,0,0,0,0,0,0,0,0,0,0,0,0,0,0,0
125,2,193.87,115.5,80.264,160.53,7,1,0,0,0,0,0,0,0,0,0,0,0,0,0,0,0,0,0,0
125,3,261.3,122.76,75.074,150.15,7,1,0,0,0,0,0,0,0,0,0,0,0,0,0,0,0,0,0,0
125,4,332.46,119.64,76.516,153.03,7,1,0,0,0,0,0,0,0,0,0,0,0,0,0,0,0,0,0,0
125,5,475.58,129.57,119.86,239.71,7,1,0,0,0,0,0,0,0,0,0,0,0,0,0,0,0,0,0,0
126,2,195.12,116.28,79.754,159.51,7,1,0,0,0,0,0,0,0,0,0,0,0,0,0,0,0,0,0,0
126,3,262.1,123.5,74.682,149.36,7,1,0,0,0,0,0,0,0,0,0,0,0,0,0,0,0,0,0,0
126,4,332.84,120.4,76.097,152.19,7,1,0,0,0,0,0,0,0,0,0,0,0,0,0,0,0,0,0,0
126,5,475.89,130.33,120,240,7,1,0,0,0,0,0,0,0,0,0,0,0,0,0,0,0,0,0,0
127,2,195.23,116.42,79.296,158.59,7,1,0,0,0,0,0,0,0,0,0,0,0,0,0,0,0,0,0,0
127,3,261.84,123.6,74.318,148.64,7,1,0,0,0,0,0,0,0,0,0,0,0,0,0,0,0,0,0,0
127,4,332.18,120.51,75.685,151.37,7,1,0,0,0,0,0,0,0,0,0,0,0,0,0,0,0,0,0,0
127,5,475.09,130.44,120.07,240.14,7,1,0,0,0,0,0,0,0,0,0,0,0,0,0,0,0,0,0,0
128,2,195.3,116.43,78.838,157.68,7,1,0,0,0,0,0,0,0,0,0,0,0,0,0,0,0,0,0,0
128,3,261.54,123.57,73.952,147.9,7,1,0,0,0,0,0,0,0,0,0,0,0,0,0,0,0,0,0,0
128,4,331.47,120.5,75.271,150.54,7,1,0,0,0,0,0,0,0,0,0,0,0,0,0,0,0,0,0,0
128,5,474.24,130.43,120.13,240.26,7,1,0,0,0,0,0,0,0,0,0,0,0,0,0,0,0,0,0,0
129,2,196.14,116.19,78.354,156.71,7,1,0,0,0,0,0,0,0,0,0,0,0,0,0,0,0,0,0,0
129,3,261.96,123.29,73.573,147.15,7,1,0,0,0,0,0,0,0,0,0,0,0,0,0,0,0,0,0,0
129,4,331.45,120.24,74.859,149.72,7,1,0,0,0,0,0,0,0,0,0,0,0,0,0,0,0,0,0,0
129,5,474.15,130.16,120.25,240.5,7,1,0,0,0,0,0,0,0,0,0,0,0,0,0,0,0,0,0,0
130,2,196.77,116.32,77.886,155.77,7,1,0,0,0,0,0,0,0,0,0,0,0,0,0,0,0,0,0,0
130,3,262.21,123.38,73.204,146.41,7,1,0,0,0,0,0,0,0,0,0,0,0,0,0,0,0,0,0,0
130,4,331.26,120.34,74.455,148.91,7,1,0,0,0,0,0,0,0,0,0,0,0,0,0,0,0,0,0,0
130,5,473.89,130.27,120.37,240.74,7,1,0,0,0,0,0,0,0,0,0,0,0,0,0,0,0,0,0,0
131,2,197.58,116.51,77.417,154.83,7,1,1,3,0.44598,-0.78358,-0.48438,-0.96876,7,1,236.29,271.34,77.417,154.83,236.29,391.12,81.453,271.34,193.93,193.93
131,3,262.63,123.52,72.835,145.67,7,1,1,0,0.085272,-0.61475,-0.37881,-0.75763,7,1,299.05,269.19,72.835,145.67,299.05,444.72,153.38,269.19,196.36,196.36
131,4,331.22,120.5,74.056,148.11,7,1,1,0,-0.34854,-0.67286,-0.41604,-0.83207,7,1,368.25,268.62,74.056,148.11,368.25,516.37,220.14,268.62,194.56,194.56
131,5,473.81,130.43,120.51,241.01,7,2,2,0,-0.19221,0.36827,0.10512,0.21024,7,1,534.07,371.44,120.51,241.01,534.07,775.08,293.05,371.44,250.93,250.93
132,2,198.44,116.61,76.945,153.89,7,1,0,0,0,0,0,0,0,0,0,0,0,0,0,0,0,0,0,0
132,3,263.1,123.58,72.462,144.92,7,1,0,0,0,0,0,0,0,0,0,0,0,0,0,0,0,0,0,0
132,4,331.23,120.58,73.655,147.31,7,1,0,0,0,0,0,0,0,0,0,0,0,0,0,0,0,0,0,0
132,5,473.77,130.5,120.64,241.28,7,2,0,0,0,0,0,0,0,0,0,0,0,0,0,0,0,0,0,0
133,2,199.72,116.13,76.467,152.93,7,1,0,0,0,0,0,0,0,0,0,0,0,0,0,0,0,0,0,0
133,3,263.98,123.06,72.089,144.18,7,1,0,0,0,0,0,0,0,0,0,0,0,0,0,0,0,0,0,0
133,4,331.63,120.07,73.262,146.52,7,1,0,0,0,0,0,0,0,0,0,0,0,0,0,0,0,0,0,0
133,5,474.18,130,120.82,241.64,7,2,0,0,0,0,0,0,0,0,0,0,0,0,0,0,0,0,0,0
134,2,200.95,116.38,75.994,151.99,7,1,0,0,0,0,0,0,0,0,0,0,0,0,0,0,0,0,0,0
134,3,264.82,123.27,71.718,143.44,7,1,0,0,0,0,0,0,0,0,0,0,0,0,0,0,0,0,0,0
134,4,331.99,120.3,72.872,145.74,7,1,0,0,0,0,0,0,0,0,0,0,0,0,0,0,0,0,0,0
134,5,474.54,130.23,121,242,7,2,0,0,0,0,0,0,0,0,0,0,0,0,0,0,0,0,0,0
135,2,202.12,115.62,75.527,151.05,7,1,0,0,0,0,0,0,0,0,0,0,0,0,0,0,0,0,0,0
135,3,265.61,122.47,71.351,142.7,7,1,0,0,0,0,0,0,0,0,0,0,0,0,0,0,0,0,0,0
135,4,332.3,119.51,72.486,144.97,7,1,0,0,0,0,0,0,0,0,0,0,0,0,0,0,0,0,0,0
135,5,474.84,129.45,121.18,242.35,7,2,0,0,0,0,0,0,0,0,0,0,0,0,0,0,0,0,0,0
136,2,202.85,115.07,75.082,150.16,7,1,0,0,0,0,0,0,0,0,0,0,0,0,0,0,0,0,0,0
136,3,265.99,121.88,70.995,141.99,7,1,0,0,0,0,0,0,0,0,0,0,0,0,0,0,0,0,0,0
136,4,332.19,118.94,72.104,144.21,7,1,0,0,0,0,0,0,0,0,0,0,0,0,0,0,0,0,0,0
136,5,474.72,128.88,121.33,242.66,7,2,0,0,0,0,0,0,0,0,0,0,0,0,0,0,0,0,0,0
137,2,203.24,114.27,74.651,149.3,7,1,0,0,0,0,0,0,0,0,0,0,0,0,0,0,0,0,0,0
137,3,266.05,121.05,70.645,141.29,7,1,0,0,0,0,0,0,0,0,0,0,0,0,0,0,0,0,0,0
137,4,331.77,118.12,71.723,143.45,7,1,0,0,0,0,0,0,0,0,0,0,0,0,0,0,0,0,0,0
137,5,474.24,128.06,121.45,242.91,7,2,0,0,0,0,0,0,0,0,0,0,0,0,0,0,0,0,0,0
138,2,203.82,114.32,74.218,148.44,7,1,0,0,0,0,0,0,0,0,0,0,0,0,0,0,0,0,0,0
138,3,266.31,121.06,70.295,140.59,7,1,0,0,0,0,0,0,0,0,0,0,0,0,0,0,0,0,0,0
138,4,331.54,118.14,71.346,142.69,7,1,0,0,0,0,0,0,0,0,0,0,0,0,0,0,0,0,0,0
138,5,473.98,128.09,121.6,243.2,7,2,0,0,0,0,0,0,0,0,0,0,0,0,0,0,0,0,0,0
139,2,204.69,114.84,73.775,147.55,7,1,0,0,0,0,0,0,0,0,0,0,0,0,0,0,0,0,0,0
139,3,266.83,121.54,69.939,139.88,7,1,0,0,0,0,0,0,0,0,0,0,0,0,0,0,0,0,0,0
139,4,331.57,118.64,70.969,141.94,7,1,0,0,0,0,0,0,0,0,0,0,0,0,0,0,0,0,0,0
139,5,473.97,128.59,121.76,243.52,7,2,0,0,0,0,0,0,0,0,0,0,0,0,0,0,0,0,0,0
140,2,205.01,114.93,73.363,146.73,7,1,0,0,0,0,0,0,0,0,0,0,0,0,0,0,0,0,0,0
140,3,266.85,121.59,69.603,139.21,7,1,0,0,0,0,0,0,0,0,0,0,0,0,0,0,0,0,0,0
140,4,331.11,118.7,70.605,141.21,7,1,0,0,0,0,0,0,0,0,0,0,0,0,0,0,0,0,0,0
140,5,473.47,128.65,121.9,243.81,7,2,0,0,0,0,0,0,0,0,0,0,0,0,0,0,0,0,0,0
141,2,204.94,115.09,72.958,145.92,7,1,1,3,0.5041,-1.0942,-0.44281,-0.88561,7,1,241.42,261.01,72.958,145.92,241.42,387.34,95.506,261.01,188.05,188.05
141,3,266.5,121.72,69.265,138.53,7,1,1,0,0.20329,-0.95774,-0.35515,-0.71029,7,1,301.13,260.25,69.265,138.53,301.13,439.66,162.6,260.25,190.98,190.98
141,4,330.28,118.85,70.233,140.47,7,1,1,0,-0.29291,-0.99257,-0.38012,-0.76023,7,1,365.4,259.31,70.233,140.47,365.4,505.87,224.93,259.31,189.08,189.08
141,5,472.54,128.8,122,244,7,2,2,0,-0.057441,0.073721,0.15163,0.30327,7,2,533.54,372.8,122,244,533.54,777.54,289.54,372.8,250.8,250.8
142,2,205.76,115.86,72.533,145.07,7,1,0,0,0,0,0,0,0,0,0,0,0,0,0,0,0,0,0,0
142,3,267,122.45,68.921,137.84,7,1,0,0,0,0,0,0,0,0,0,0,0,0,0,0,0,0,0,0
142,4,330.28,119.59,69.871,139.74,7,1,0,0,0,0,0,0,0,0,0,0,0,0,0,0,0,0,0,0
142,5,472.51,129.55,122.18,244.35,7,2,0,0,0,0,0,0,0,0,0,0,0,0,0,0,0,0,0,0
143,2,206.6,116.24,72.108,144.22,7,1,0,0,0,0,0,0,0,0,0,0,0,0,0,0,0,0,0,0
143,3,267.53,122.79,68.576,137.15,7,1,0,0,0,0,0,0,0,0,0,0,0,0,0,0,0,0,0,0
143,4,330.32,119.95,69.509,139.02,7,1,0,0,0,0,0,0,0,0,0,0,0,0,0,0,0,0,0,0
143,5,472.5,129.91,122.35,244.71,7,2,0,0,0,0,0,0,0,0,0,0,0,0,0,0,0,0,0,0
144,2,206.96,116.05,71.701,143.4,7,1,0,0,0,0,0,0,0,0,0,0,0,0,0,0,0,0,0,0
144,3,267.6,122.56,68.239,136.48,7,1,0,0,0,0,0,0,0,0,0,0,0,0,0,0,0,0,0,0
144,4,329.9,119.74,69.148,138.3,7,1,0,0,0,0,0,0,0,0,0,0,0,0,0,0,0,0,0,0
144,5,471.99,129.7,122.49,244.99,7,2,0,0,0,0,0,0,0,0,0,0,0,0,0,0,0,0,0,0
145,2,206.17,115.31,71.335,142.67,7,1,0,0,0,0,0,0,0,0,0,0,0,0,0,0,0,0,0,0
145,3,266.59,121.79,67.923,135.85,7,1,0,0,0,0,0,0,0,0,0,0,0,0,0,0,0,0,0,0
145,4,328.43,118.98,68.792,137.58,7,1,0,0,0,0,0,0,0,0,0,0,0,0,0,0,0,0,0,0
145,5,470.34,128.93,122.55,245.1,7,2,0,0,0,0,0,0,0,0,0,0,0,0,0,0,0,0,0,0
146,2,206.16,115.17,70.957,141.91,7,1,0,0,0,0,0,0,0,0,0,0,0,0,0,0,0,0,0,0
146,3,266.33,121.62,67.607,135.21,7,1,0,0,0,0,0,0,0,0,0,0,0,0,0,0,0,0,0,0
146,4,327.7,118.82,68.449,136.9,7,1,0,0,0,0,0,0,0,0,0,0,0,0,0,0,0,0,0,0
146,5,469.51,128.79,122.69,245.38,7,2,0,0,0,0,0,0,0,0,0,0,0,0,0,0,0,0,0,0
147,2,206.65,115.75,70.56,141.12,7,1,0,0,0,0,0,0,0,0,0,0,0,0,0,0,0,0,0,0
147,3,266.55,122.16,67.278,134.56,7,1,0,0,0,0,0,0,0,0,0,0,0,0,0,0,0,0,0,0
147,4,327.44,119.38,68.103,136.21,7,1,0,0,0,0,0,0,0,0,0,0,0,0,0,0,0,0,0,0
147,5,469.15,129.34,122.85,245.71,7,2,0,0,0,0,0,0,0,0,0,0,0,0,0,0,0,0,0,0
148,2,207.36,116.01,70.158,140.32,7,1,0,0,0,0,0,0,0,0,0,0,0,0,0,0,0,0,0,0
148,3,266.98,122.39,66.947,133.89,7,1,0,0,0,0,0,0,0,0,0,0,0,0,0,0,0,0,0,0
148,4,327.38,119.62,67.758,135.52,7,1,0,0,0,0,0,0,0,0,0,0,0,0,0,0,0,0,0,0
148,5,469,129.59,123.04,246.07,7,2,0,0,0,0,0,0,0,0,0,0,0,0,0,0,0,0,0,0
149,2,207.73,115.58,69.77,139.54,7,1,0,0,0,0,0,0,0,0,0,0,0,0,0,0,0,0,0,0
149,3,267.09,121.93,66.623,133.25,7,1,0,0,0,0,0,0,0,0,0,0,0,0,0,0,0,0,0,0
149,4,327.02,119.17,67.416,134.83,7,1,0,0,0,0,0,0,0,0,0,0,0,0,0,0,0,0,0,0
149,5,468.51,129.15,123.19,246.39,7,2,0,0,0,0,0,0,0,0,0,0,0,0,0,0,0,0,0,0
150,2,207.94,115.7,69.394,138.79,7,1,0,0,0,0,0,0,0,0,0,0,0,0,0,0,0,0,0,0
150,3,267.06,122.01,66.307,132.61,7,1,0,0,0,0,0,0,0,0,0,0,0,0,0,0,0,0,0,0
150,4,326.52,119.27,67.081,134.16,7,1,0,0,0,0,0,0,0,0,0,0,0,0,0,0,0,0,0,0
150,5,467.86,129.25,123.35,246.7,7,2,0,0,0,0,0,0,0,0,0,0,0,0,0,0,0,0,0,0
151,2,208.14,116.02,69.015,138.03,7,1,1,3,0.039833,-0.79057,-0.38933,-0.77867,7,1,242.64,254.05,69.015,138.03,242.64,380.67,104.61,254.05,185.04,185.04
151,3,267.02,122.3,65.988,131.98,7,1,1,0,-0.18807,-0.69612,-0.3249,-0.64979,7,1,300.01,254.27,65.988,131.98,300.01,431.99,168.04,254.27,188.29,188.29
151,4,326.01,119.57,66.743,133.49,7,1,1,0,-0.67533,-0.72642,-0.34695,-0.69391,7,1,359.39,253.06,66.743,133.49,359.39,492.87,225.9,253.06,186.31,186.31
151,5,467.18,129.55,123.5,246.99,7,2,2,0,-0.54683,0.2609,0.14518,0.29035,7,2,528.93,376.54,123.5,246.99,528.93,775.92,281.94,376.54,253.05,253.05
152,2,208.63,116.52,68.636,137.27,7,1,0,0,0,0,0,0,0,0,0,0,0,0,0,0,0,0,0,0
152,3,267.27,122.76,65.671,131.34,7,1,0,0,0,0,0,0,0,0,0,0,0,0,0,0,0,0,0,0
152,4,325.8,120.05,66.413,132.83,7,1,0,0,0,0,0,0,0,0,0,0,0,0,0,0,0,0,0,0
152,5,466.8,130.04,123.67,247.35,7,2,0,0,0,0,0,0,0,0,0,0,0,0,0,0,0,0,0,0
153,2,209.18,116.16,68.255,136.51,7,1,0,0,0,0,0,0,0,0,0,0,0,0,0,0,0,0,0,0
153,3,267.58,122.37,65.353,130.71,7,1,0,0,0,0,0,0,0,0,0,0,0,0,0,0,0,0,0,0
153,4,325.64,119.67,66.083,132.17,7,1,0,0,0,0,0,0,0,0,0,0,0,0,0,0,0,0,0,0
153,5,466.48,129.66,123.85,247.71,7,2,0,0,0,0,0,0,0,0,0,0,0,0,0,0,0,0,0,0
154,2,209.27,116.4,67.893,135.79,7,1,0,0,0,0,0,0,0,0,0,0,0,0,0,0,0,0,0,0
154,3,267.45,122.58,65.045,130.09,7,1,0,0,0,0,0,0,0,0,0,0,0,0,0,0,0,0,0,0
154,4,325.07,119.89,65.758,131.52,7,1,0,0,0,0,0,0,0,0,0,0,0,0,0,0,0,0,0,0
154,5,465.69,129.88,124,248.01,7,2,0,0,0,0,0,0,0,0,0,0,0,0,0,0,0,0,0,0
155,2,209.65,116.16,67.53,135.06,7,1,0,0,0,0,0,0,0,0,0,0,0,0,0,0,0,0,0,0
155,3,267.6,122.31,64.739,129.48,7,1,0,0,0,0,0,0,0,0,0,0,0,0,0,0,0,0,0,0
155,4,324.77,119.63,65.44,130.88,7,1,0,0,0,0,0,0,0,0,0,0,0,0,0,0,0,0,0,0
155,5,465.19,129.63,124.19,248.37,7,2,0,0,0,0,0,0,0,0,0,0,0,0,0,0,0,0,0,0
156,2,211.4,116.31,67.127,134.25,7,1,0,0,0,0,0,0,0,0,0,0,0,0,0,0,0,0,0,0
156,3,269.07,122.42,64.412,128.82,7,1,0,0,0,0,0,0,0,0,0,0,0,0,0,0,0,0,0,0
156,4,325.77,119.75,65.12,130.24,7,1,0,0,0,0,0,0,0,0,0,0,0,0,0,0,0,0,0,0
156,5,466.06,129.77,124.47,248.94,7,2,0,0,0,0,0,0,0,0,0,0,0,0,0,0,0,0,0,0
157,2,211.85,116.9,66.764,133.53,7,1,0,0,0,0,0,0,0,0,0,0,0,0,0,0,0,0,0,0
157,3,269.3,122.97,64.105,128.21,7,1,0,0,0,0,0,0,0,0,0,0,0,0,0,0,0,0,0,0
157,4,325.55,120.32,64.804,129.61,7,1,0,0,0,0,0,0,0,0,0,0,0,0,0,0,0,0,0,0
157,5,465.61,130.35,124.65,249.3,7,2,0,0,0,0,0,0,0,0,0,0,0,0,0,0,0,0,0,0
158,2,212.05,117.14,66.412,132.82,7,1,0,0,0,0,0,0,0,0,0,0,0,0,0,0,0,0,0,0
158,3,269.28,123.18,63.803,127.61,7,1,0,0,0,0,0,0,0,0,0,0,0,0,0,0,0,0,0,0
158,4,325.1,120.54,64.49,128.98,7,1,0,0,0,0,0,0,0,0,0,0,0,0,0,0,0,0,0,0
158,5,464.9,130.57,124.81,249.63,7,2,0,0,0,0,0,0,0,0,0,0,0,0,0,0,0,0,0,0
159,2,212.86,117.48,66.047,132.09,7,1,0,0,0,0,0,0,0,0,0,0,0,0,0,0,0,0,0,0
159,3,269.86,123.49,63.497,126.99,7,1,0,0,0,0,0,0,0,0,0,0,0,0,0,0,0,0,0,0
159,4,325.24,120.86,64.18,128.36,7,1,0,0,0,0,0,0,0,0,0,0,0,0,0,0,0,0,0,0
159,5,464.81,130.9,125.03,250.06,7,2,0,0,0,0,0,0,0,0,0,0,0,0,0,0,0,0,0,0
160,2,214.28,117.35,65.673,131.35,7,1,0,0,0,0,0,0,0,0,0,0,0,0,0,0,0,0,0,0
160,3,271.02,123.33,63.188,126.38,7,1,0,0,0,0,0,0,0,0,0,0,0,0,0,0,0,0,0,0
160,4,325.97,120.71,63.877,127.75,7,1,0,0,0,0,0,0,0,0,0,0,0,0,0,0,0,0,0,0
160,5,465.34,130.76,125.3,250.61,7,2,0,0,0,0,0,0,0,0,0,0,0,0,0,0,0,0,0,0
161,2,214.43,117.25,65.336,130.67,7,1,1,3,0.5035,-0.59208,-0.36803,-0.73606,7,1,247.09,247.92,65.336,130.67,247.09,377.77,116.42,247.92,182.59,182.59
161,3,270.96,123.2,62.897,125.79,7,1,1,0,0.29775,-0.50651,-0.30896,-0.61791,7,1,302.41,249,62.897,125.79,302.41,428.2,176.61,249,186.1,186.1
161,4,325.5,120.6,63.575,127.15,7,1,1,0,-0.15008,-0.50666,-0.31545,-0.63089,7,1,357.29,247.75,63.575,127.15,357.29,484.44,230.14,247.75,184.18,184.18
161,5,464.58,130.66,125.48,250.95,7,2,2,0,-0.10289,0.53895,0.20351,0.40701,7,2,527.31,381.61,125.48,250.95,527.31,778.27,276.36,381.61,256.13,256.13
162,2,214.89,116.75,64.993,129.99,7,1,0,0,0,0,0,0,0,0,0,0,0,0,0,0,0,0,0,0
162,3,271.2,122.67,62.603,125.21,7,1,0,0,0,0,0,0,0,0,0,0,0,0,0,0,0,0,0,0
162,4,325.33,120.08,63.276,126.55,7,1,0,0,0,0,0,0,0,0,0,0,0,0,0,0,0,0,0,0
162,5,464.12,130.14,125.67,251.35,7,2,0,0,0,0,0,0,0,0,0,0,0,0,0,0,0,0,0,0
163,2,215.69,116.26,64.646,129.29,7,1,0,0,0,0,0,0,0,0,0,0,0,0,0,0,0,0,0,0
163,3,271.77,122.15,62.308,124.62,7,1,0,0,0,0,0,0,0,0,0,0,0,0,0,0,0,0,0,0
163,4,325.49,119.57,62.981,125.96,7,1,0,0,0,0,0,0,0,0,0,0,0,0,0,0,0,0,0,0
163,5,464.01,129.65,125.9,251.8,7,2,0,0,0,0,0,0,0,0,0,0,0,0,0,0,0,0,0,0
164,2,216.41,116.27,64.301,128.6,7,1,0,0,0,0,0,0,0,0,0,0,0,0,0,0,0,0,0,0
164,3,272.26,122.13,62.013,124.03,7,1,0,0,0,0,0,0,0,0,0,0,0,0,0,0,0,0,0,0
164,4,325.57,119.56,62.684,125.37,7,1,0,0,0,0,0,0,0,0,0,0,0,0,0,0,0,0,0,0
164,5,463.8,129.64,126.12,252.23,7,2,0,0,0,0,0,0,0,0,0,0,0,0,0,0,0,0,0,0
165,2,216.64,116.37,63.973,127.95,7,1,0,0,0,0,0,0,0,0,0,0,0,0,0,0,0,0,0,0
165,3,272.28,122.2,61.727,123.45,7,1,0,0,0,0,0,0,0,0,0,0,0,0,0,0,0,0,0,0
165,4,325.2,119.65,62.392,124.78,7,1,0,0,0,0,0,0,0,0,0,0,0,0,0,0,0,0,0,0
165,5,463.09,129.74,126.29,252.59,7,2,0,0,0,0,0,0,0,0,0,0,0,0,0,0,0,0,0,0
166,2,216.87,115.93,63.649,127.3,7,1,0,0,0,0,0,0,0,0,0,0,0,0,0,0,0,0,0,0
166,3,272.29,121.73,61.444,122.89,7,1,0,0,0,0,0,0,0,0,0,0,0,0,0,0,0,0,0,0
166,4,324.83,119.19,62.103,124.21,7,1,0,0,0,0,0,0,0,0,0,0,0,0,0,0,0,0,0,0
166,5,462.38,129.28,126.48,252.95,7,2,0,0,0,0,0,0,0,0,0,0,0,0,0,0,0,0,0,0
167,2,217.54,115.28,63.315,126.63,7,1,0,0,0,0,0,0,0,0,0,0,0,0,0,0,0,0,0,0
167,3,272.73,121.05,61.154,122.31,7,1,0,0,0,0,0,0,0,0,0,0,0,0,0,0,0,0,0,0
167,4,324.88,118.52,61.814,123.63,7,1,0,0,0,0,0,0,0,0,0,0,0,0,0,0,0,0,0,0
167,5,462.1,128.62,126.69,253.37,7,2,0,0,0,0,0,0,0,0,0,0,0,0,0,0,0,0,0,0
168,2,218.1,115.32,62.987,125.97,7,1,0,0,0,0,0,0,0,0,0,0,0,0,0,0,0,0,0,0
168,3,273.07,121.06,60.869,121.74,7,1,0,0,0,0,0,0,0,0,0,0,0,0,0,0,0,0,0,0
168,4,324.84,118.54,61.529,123.06,7,1,0,0,0,0,0,0,0,0,0,0,0,0,0,0,0,0,0,0
168,5,461.72,128.65,126.89,253.79,7,2,0,0,0,0,0,0,0,0,0,0,0,0,0,0,0,0,0,0
169,2,218.47,115.48,62.669,125.34,7,1,0,0,0,0,0,0,0,0,0,0,0,0,0,0,0,0,0,0
169,3,273.21,121.2,60.59,121.18,7,1,0,0,0,0,0,0,0,0,0,0,0,0,0,0,0,0,0,0
169,4,324.61,118.69,61.248,122.5,7,1,0,0,0,0,0,0,0,0,0,0,0,0,0,0,0,0,0,0
169,5,461.13,128.81,127.09,254.18,7,2,0,0,0,0,0,0,0,0,0,0,0,0,0,0,0,0,0,0
170,2,218.98,115.36,62.351,124.7,7,1,0,0,0,0,0,0,0,0,0,0,0,0,0,0,0,0,0,0
170,3,273.49,121.04,60.312,120.62,7,1,0,0,0,0,0,0,0,0,0,0,0,0,0,0,0,0,0,0
170,4,324.52,118.55,60.969,121.94,7,1,0,0,0,0,0,0,0,0,0,0,0,0,0,0,0,0,0,0
170,5,460.69,128.67,127.3,254.59,7,2,0,0,0,0,0,0,0,0,0,0,0,0,0,0,0,0,0,0
171,2,219.55,115.74,62.035,124.07,7,1,1,3,0.32291,-0.79668,-0.3281,-0.6562,7,1,250.57,239.81,62.035,124.07,250.57,374.64,126.5,239.81,177.77,177.77
171,3,273.83,121.39,60.035,120.07,7,1,1,0,0.11867,-0.74021,-0.28524,-0.57047,7,1,303.84,241.46,60.035,120.07,303.84,423.91,183.77,241.46,181.43,181.43
171,4,324.49,118.91,60.694,121.39,7,1,1,0,-0.26653,-0.73227,-0.28715,-0.57431,7,1,354.84,240.3,60.694,121.39,354.84,476.23,233.45,240.3,179.6,179.6
171,5,460.32,129.05,127.51,255.02,7,2,2,0,-0.35506,0.25208,0.20095,0.4019,7,2,524.08,384.07,127.51,255.02,524.08,779.1,269.06,384.07,256.56,256.56
172,2,220.32,115.64,61.717,123.43,7,1,0,0,0,0,0,0,0,0,0,0,0,0,0,0,0,0,0,0
172,3,274.35,121.27,59.757,119.51,7,1,0,0,0,0,0,0,0,0,0,0,0,0,0,0,0,0,0,0
172,4,324.65,118.8,60.42,120.84,7,1,0,0,0,0,0,0,0,0,0,0,0,0,0,0,0,0,0,0
172,5,460.14,128.95,127.74,255.48,7,2,0,0,0,0,0,0,0,0,0,0,0,0,0,0,0,0,0,0
173,2,221.21,115.42,61.398,122.8,7,1,0,0,0,0,0,0,0,0,0,0,0,0,0,0,0,0,0,0
173,3,274.98,121.02,59.479,118.96,7,1,0,0,0,0,0,0,0,0,0,0,0,0,0,0,0,0,0,0
173,4,324.93,118.56,60.148,120.3,7,1,0,0,0,0,0,0,0,0,0,0,0,0,0,0,0,0,0,0
173,5,460.08,128.72,127.97,255.95,7,2,0,0,0,0,0,0,0,0,0,0,0,0,0,0,0,0,0,0
174,2,221.95,116.27,61.092,122.18,7,1,0,0,0,0,0,0,0,0,0,0,0,0,0,0,0,0,0,0
174,3,275.48,121.84,59.211,118.42,7,1,0,0,0,0,0,0,0,0,0,0,0,0,0,0,0,0,0,0
174,4,325.07,119.39,59.884,119.77,7,1,0,0,0,0,0,0,0,0,0,0,0,0,0,0,0,0,0,0
174,5,459.89,129.57,128.21,256.43,7,2,0,0,0,0,0,0,0,0,0,0,0,0,0,0,0,0,0,0
175,2,222.56,116.2,60.792,121.58,7,1,0,0,0,0,0,0,0,0,0,0,0,0,0,0,0,0,0,0
175,3,275.85,121.75,58.946,117.89,7,1,0,0,0,0,0,0,0,0,0,0,0,0,0,0,0,0,0,0
175,4,325.1,119.31,59.623,119.25,7,1,0,0,0,0,0,0,0,0,0,0,0,0,0,0,0,0,0,0
175,5,459.58,129.49,128.44,256.89,7,2,0,0,0,0,0,0,0,0,0,0,0,0,0,0,0,0,0,0
176,2,222.92,116.61,60.497,120.99,7,1,0,0,0,0,0,0,0,0,0,0,0,0,0,0,0,0,0,0
176,3,275.99,122.13,58.683,117.37,7,1,0,0,0,0,0,0,0,0,0,0,0,0,0,0,0,0,0,0
176,4,324.9,119.7,59.361,118.72,7,1,0,0,0,0,0,0,0,0,0,0,0,0,0,0,0,0,0,0
176,5,459,129.89,128.65,257.29,7,2,0,0,0,0,0,0,0,0,0,0,0,0,0,0,0,0,0,0
177,2,223.27,116.58,60.207,120.41,7,1,0,0,0,0,0,0,0,0,0,0,0,0,0,0,0,0,0,0
177,3,276.1,122.07,58.423,116.85,7,1,0,0,0,0,0,0,0,0,0,0,0,0,0,0,0,0,0,0
177,4,324.68,119.66,59.102,118.2,7,1,0,0,0,0,0,0,0,0,0,0,0,0,0,0,0,0,0,0
177,5,458.4,129.86,128.85,257.7,7,2,0,0,0,0,0,0,0,0,0,0,0,0,0,0,0,0,0,0
178,2,223.82,116.78,59.915,119.83,7,1,0,0,0,0,0,0,0,0,0,0,0,0,0,0,0,0,0,0
178,3,276.41,122.25,58.163,116.33,7,1,0,0,0,0,0,0,0,0,0,0,0,0,0,0,0,0,0,0
178,4,324.67,119.85,58.845,117.69,7,1,0,0,0,0,0,0,0,0,0,0,0,0,0,0,0,0,0,0
178,5,458.02,130.06,129.07,258.15,7,2,0,0,0,0,0,0,0,0,0,0,0,0,0,0,0,0,0,0
179,2,224.34,116.63,59.627,119.25,7,1,0,0,0,0,0,0,0,0,0,0,0,0,0,0,0,0,0,0
179,3,276.69,122.07,57.906,115.81,7,1,0,0,0,0,0,0,0,0,0,0,0,0,0,0,0,0,0,0
179,4,324.62,119.68,58.592,117.18,7,1,0,0,0,0,0,0,0,0,0,0,0,0,0,0,0,0,0,0
179,5,457.61,129.9,129.29,258.59,7,2,0,0,0,0,0,0,0,0,0,0,0,0,0,0,0,0,0,0
180,2,224.57,116.87,59.348,118.7,7,1,0,0,0,0,0,0,0,0,0,0,0,0,0,0,0,0,0,0
180,3,276.7,122.29,57.653,115.31,7,1,0,0,0,0,0,0,0,0,0,0,0,0,0,0,0,0,0,0
180,4,324.32,119.9,58.34,116.68,7,1,0,0,0,0,0,0,0,0,0,0,0,0,0,0,0,0,0,0
180,5,456.9,130.13,129.49,258.98,7,2,0,0,0,0,0,0,0,0,0,0,0,0,0,0,0,0,0,0
181,2,224.29,117.22,59.08,118.16,7,1,1,3,0.31001,-0.41718,-0.29296,-0.58593,7,1,253.83,235.38,59.08,118.16,253.83,371.99,135.67,235.38,176.3,176.3
181,3,276.21,122.61,57.405,114.81,7,1,1,0,0.091069,-0.37972,-0.26111,-0.52222,7,1,304.91,237.42,57.405,114.81,304.91,419.72,190.1,237.42,180.02,180.02
181,4,323.52,120.24,58.088,116.18,7,1,1,0,-0.23984,-0.3643,-0.25875,-0.51749,7,1,352.56,236.41,58.088,116.18,352.56,468.74,236.39,236.41,178.33,178.33
181,5,455.67,130.47,129.64,259.28,7,2,2,0,-0.37315,0.59001,0.21358,0.42716,7,2,520.49,389.75,129.64,259.28,520.49,779.77,261.21,389.75,260.11,260.11
182,2,224.91,117.51,58.795,117.59,7,1,0,0,0,0,0,0,0,0,0,0,0,0,0,0,0,0,0,0
182,3,276.59,122.87,57.151,114.3,7,1,0,0,0,0,0,0,0,0,0,0,0,0,0,0,0,0,0,0
182,4,323.59,120.51,57.839,115.68,7,1,0,0,0,0,0,0,0,0,0,0,0,0,0,0,0,0,0,0
182,5,455.36,130.75,129.87,259.73,7,2,0,0,0,0,0,0,0,0,0,0,0,0,0,0,0,0,0,0
183,2,224.52,117.12,58.538,117.08,7,1,0,0,0,0,0,0,0,0,0,0,0,0,0,0,0,0,0,0
183,3,276,122.47,56.912,113.82,7,1,0,0,0,0,0,0,0,0,0,0,0,0,0,0,0,0,0,0
183,4,322.72,120.11,57.595,115.19,7,1,0,0,0,0,0,0,0,0,0,0,0,0,0,0,0,0,0,0
183,5,454.04,130.36,130.02,260.04,7,2,0,0,0,0,0,0,0,0,0,0,0,0,0,0,0,0,0,0
184,2,224.32,116.82,58.283,116.57,7,1,0,0,0,0,0,0,0,0,0,0,0,0,0,0,0,0,0,0
184,3,275.59,122.14,56.677,113.35,7,1,0,0,0,0,0,0,0,0,0,0,0,0,0,0,0,0,0,0
184,4,322.02,119.79,57.357,114.71,7,1,0,0,0,0,0,0,0,0,0,0,0,0,0,0,0,0,0,0
184,5,452.92,130.05,130.2,260.4,7,2,0,0,0,0,0,0,0,0,0,0,0,0,0,0,0,0,0,0
185,2,224.12,116.79,58.03,116.06,7,1,0,0,0,0,0,0,0,0,0,0,0,0,0,0,0,0,0,0
185,3,275.19,122.09,56.443,112.89,7,1,0,0,0,0,0,0,0,0,0,0,0,0,0,0,0,0,0,0
185,4,321.34,119.75,57.122,114.24,7,1,0,0,0,0,0,0,0,0,0,0,0,0,0,0,0,0,0,0
185,5,451.81,130.02,130.38,260.75,7,2,0,0,0,0,0,0,0,0,0,0,0,0,0,0,0,0,0,0
186,2,223.93,117.53,57.775,115.55,7,1,0,0,0,0,0,0,0,0,0,0,0,0,0,0,0,0,0,0
186,3,274.8,122.8,56.208,112.42,7,1,0,0,0,0,0,0,0,0,0,0,0,0,0,0,0,0,0,0
186,4,320.67,120.48,56.884,113.77,7,1,0,0,0,0,0,0,0,0,0,0,0,0,0,0,0,0,0,0
186,5,450.7,130.75,130.55,261.1,7,2,0,0,0,0,0,0,0,0,0,0,0,0,0,0,0,0,0,0
187,2,223.7,118.05,57.523,115.05,7,1,0,0,0,0,0,0,0,0,0,0,0,0,0,0,0,0,0,0
187,3,274.37,123.3,55.974,111.95,7,1,0,0,0,0,0,0,0,0,0,0,0,0,0,0,0,0,0,0
187,4,319.96,120.99,56.649,113.3,7,1,0,0,0,0,0,0,0,0,0,0,0,0,0,0,0,0,0,0
187,5,449.55,131.27,130.72,261.43,7,2,0,0,0,0,0,0,0,0,0,0,0,0,0,0,0,0,0,0
188,2,224.78,117.99,57.241,114.48,7,1,0,0,0,0,0,0,0,0,0,0,0,0,0,0,0,0,0,0
188,3,275.2,123.21,55.725,111.45,7,1,0,0,0,0,0,0,0,0,0,0,0,0,0,0,0,0,0,0
188,4,320.5,120.91,56.409,112.82,7,1,0,0,0,0,0,0,0,0,0,0,0,0,0,0,0,0,0,0
188,5,449.7,131.2,130.98,261.96,7,2,0,0,0,0,0,0,0,0,0,0,0,0,0,0,0,0,0,0
189,2,225.74,118.72,56.965,113.93,7,1,0,0,0,0,0,0,0,0,0,0,0,0,0,0,0,0,0,0
189,3,275.91,123.92,55.479,110.96,7,1,0,0,0,0,0,0,0,0,0,0,0,0,0,0,0,0,0,0
189,4,320.92,121.62,56.173,112.35,7,1,0,0,0,0,0,0,0,0,0,0,0,0,0,0,0,0,0,0
189,5,449.73,131.93,131.24,262.47,7,2,0,0,0,0,0,0,0,0,0,0,0,0,0,0,0,0,0,0
190,2,225.1,117.83,56.73,113.46,7,1,0,0,0,0,0,0,0,0,0,0,0,0,0,0,0,0,0,0
190,3,275.09,123.01,55.257,110.51,7,1,0,0,0,0,0,0,0,0,0,0,0,0,0,0,0,0,0,0
190,4,319.84,120.72,55.945,111.89,7,1,0,0,0,0,0,0,0,0,0,0,0,0,0,0,0,0,0,0
190,5,448.17,131.03,131.38,262.75,7,2,0,0,0,0,0,0,0,0,0,0,0,0,0,0,0,0,0,0
