1,1,568.36,150.61,56.727,113.45,4,1,1,2,0,0,0,0,0,0,0,0,0,0,0,0,0,0,0,0
1,2,630.68,159.68,43.608,87.216,4,1,2,2,0,0,0,0,0,0,0,0,0,0,0,0,0,0,0,0
2,1,562.72,146.18,56.618,113.24,4,1,0,0,0,0,0,0,0,0,0,0,0,0,0,0,0,0,0,0
2,2,625.12,155.26,43.462,86.924,4,1,0,0,0,0,0,0,0,0,0,0,0,0,0,0,0,0,0,0
3,1,562.76,148.59,56.942,113.88,4,1,0,0,0,0,0,0,0,0,0,0,0,0,0,0,0,0,0,0
3,2,625.97,157.68,43.688,87.376,4,1,0,0,0,0,0,0,0,0,0,0,0,0,0,0,0,0,0,0
4,1,561.16,151.62,57.171,114.34,4,1,0,0,0,0,0,0,0,0,0,0,0,0,0,0,0,0,0,0
4,2,624.99,160.75,43.828,87.656,4,1,0,0,0,0,0,0,0,0,0,0,0,0,0,0,0,0,0,0
5,1,556.09,152.49,57.254,114.51,4,1,0,0,0,0,0,0,0,0,0,0,0,0,0,0,0,0,0,0
5,2,620.21,161.64,43.826,87.653,4,1,0,0,0,0,0,0,0,0,0,0,0,0,0,0,0,0,0,0
6,1,550.75,152.65,57.324,114.65,4,1,0,0,0,0,0,0,0,0,0,0,0,0,0,0,0,0,0,0
6,2,615.14,161.81,43.811,87.623,4,1,0,0,0,0,0,0,0,0,0,0,0,0,0,0,0,0,0,0
7,1,549.88,153.31,57.596,115.19,4,1,0,0,0,0,0,0,0,0,0,0,0,0,0,0,0,0,0,0
7,2,615,162.5,43.99,87.98,4,1,0,0,0,0,0,0,0,0,0,0,0,0,0,0,0,0,0,0
8,1,553.91,153.49,58.083,116.17,4,1,0,0,0,0,0,0,0,0,0,0,0,0,0,0,0,0,0,0
8,2,620.27,162.76,44.377,88.753,4,1,0,0,0,0,0,0,0,0,0,0,0,0,0,0,0,0,0,0
9,1,557,154.4,58.536,117.07,4,1,0,0,0,0,0,0,0,0,0,0,0,0,0,0,0,0,0,0
9,2,624.53,163.74,44.731,89.462,4,1,0,0,0,0,0,0,0,0,0,0,0,0,0,0,0,0,0,0
10,1,557.14,153.83,58.86,117.72,4,1,0,0,0,0,0,0,0,0,0,0,0,0,0,0,0,0,0,0
10,2,625.54,163.22,44.959,89.919,4,1,0,0,0,0,0,0,0,0,0,0,0,0,0,0,0,0,0,0
11,1,557.27,153.06,59.183,118.37,4,1,1,2,-0.56658,1.2626,0.27936,0.55872,4,1,586.87,271.43,59.183,118.37,586.87,419.47,586.87,271.43,271.43,355.12
11,2,626.56,162.51,45.188,90.377,4,1,2,2,0.14065,1.1192,0.18656,0.37313,4,1,649.16,252.89,45.188,90.377,649.16,521.34,649.16,252.89,252.89,316.79
12,1,554.35,152.73,59.369,118.74,4,1,0,0,0,0,0,0,0,0,0,0,0,0,0,0,0,0,0,0
12,2,624.19,162.21,45.282,90.564,4,1,0,0,0,0,0,0,0,0,0,0,0,0,0,0,0,0,0,0
13,1,551.96,150.06,59.578,119.16,4,1,0,0,0,0,0,0,0,0,0,0,0,0,0,0,0,0,0,0
13,2,622.42,159.58,45.4,90.799,4,1,0,0,0,0,0,0,0,0,0,0,0,0,0,0,0,0,0,0
14,1,547.54,149.48,59.702,119.4,4,1,0,0,0,0,0,0,0,0,0,0,0,0,0,0,0,0,0,0
14,2,618.41,159.01,45.431,90.863,4,1,0,0,0,0,0,0,0,0,0,0,0,0,0,0,0,0,0,0
15,1,547.02,150.6,60.003,120.01,4,1,0,0,0,0,0,0,0,0,0,0,0,0,0,0,0,0,0,0
15,2,618.73,160.17,45.636,91.272,4,1,0,0,0,0,0,0,0,0,0,0,0,0,0,0,0,0,0,0
16,1,546.25,152.62,60.295,120.59,4,1,0,0,0,0,0,0,0,0,0,0,0,0,0,0,0,0,0,0
16,2,618.78,162.24,45.833,91.665,4,1,0,0,0,0,0,0,0,0,0,0,0,0,0,0,0,0,0,0
17,1,544.35,152.89,60.54,121.08,4,1,0,0,0,0,0,0,0,0,0,0,0,0,0,0,0,0,0,0
17,2,617.58,162.55,45.981,91.962,4,1,0,0,0,0,0,0,0,0,0,0,0,0,0,0,0,0,0,0
18,1,541.59,152.02,60.742,121.48,4,1,0,0,0,0,0,0,0,0,0,0,0,0,0,0,0,0,0,0
18,2,615.43,161.72,46.088,92.176,4,1,0,0,0,0,0,0,0,0,0,0,0,0,0,0,0,0,0,0
19,1,539.79,152.47,60.993,121.99,4,1,0,0,0,0,0,0,0,0,0,0,0,0,0,0,0,0,0,0
19,2,614.35,162.2,46.242,92.483,4,1,0,0,0,0,0,0,0,0,0,0,0,0,0,0,0,0,0,0
20,1,537.65,153.14,61.231,122.46,4,1,0,0,0,0,0,0,0,0,0,0,0,0,0,0,0,0,0,0
20,2,612.91,162.91,46.382,92.765,4,1,0,0,0,0,0,0,0,0,0,0,0,0,0,0,0,0,0,0
21,1,534.96,153,61.447,122.89,4,1,1,2,-1.8915,0.73831,0.23757,0.47515,4,1,565.68,275.89,61.447,122.89,565.68,391.88,565.68,275.89,275.89,362.79
21,2,610.84,162.8,46.5,92.999,4,1,2,2,-1.2515,0.58424,0.14177,0.28355,4,1,634.09,255.8,46.5,92.999,634.09,502.57,634.09,255.8,255.8,321.56
21,3,564.11,161.37,43.184,86.367,4,1,2,0,0,0,0,0,0,0,0,0,0,0,0,0,0,0,0,0
22,1,532.16,151.55,61.659,123.32,4,1,0,0,0,0,0,0,0,0,0,0,0,0,0,0,0,0,0,0
22,2,608.67,161.39,46.612,93.224,4,1,0,0,0,0,0,0,0,0,0,0,0,0,0,0,0,0,0,0
22,3,562.21,159.96,43.278,86.555,4,1,0,0,0,0,0,0,0,0,0,0,0,0,0,0,0,0,0,0
23,1,528.73,150.93,61.846,123.69,4,1,0,0,0,0,0,0,0,0,0,0,0,0,0,0,0,0,0,0
23,2,605.79,160.8,46.699,93.397,4,1,0,0,0,0,0,0,0,0,0,0,0,0,0,0,0,0,0,0
23,3,559.65,159.36,43.352,86.703,4,1,0,0,0,0,0,0,0,0,0,0,0,0,0,0,0,0,0,0
24,1,526.44,149.17,62.085,124.17,4,1,0,0,0,0,0,0,0,0,0,0,0,0,0,0,0,0,0,0
24,2,604.19,159.08,46.837,93.673,4,1,0,0,0,0,0,0,0,0,0,0,0,0,0,0,0,0,0,0
24,3,558.29,157.64,43.465,86.93,4,1,0,0,0,0,0,0,0,0,0,0,0,0,0,0,0,0,0,0
25,1,523.8,149.27,62.31,124.62,4,1,0,0,0,0,0,0,0,0,0,0,0,0,0,0,0,0,0,0
25,2,602.21,159.21,46.96,93.921,4,1,0,0,0,0,0,0,0,0,0,0,0,0,0,0,0,0,0,0
25,3,556.56,157.76,43.567,87.133,4,1,0,0,0,0,0,0,0,0,0,0,0,0,0,0,0,0,0,0
26,1,519.02,147.34,62.451,124.9,4,1,0,0,0,0,0,0,0,0,0,0,0,0,0,0,0,0,0,0
26,2,597.85,157.3,46.994,93.989,4,1,0,0,0,0,0,0,0,0,0,0,0,0,0,0,0,0,0,0
26,3,552.62,155.86,43.601,87.202,4,1,0,0,0,0,0,0,0,0,0,0,0,0,0,0,0,0,0,0
27,1,516,147.66,62.659,125.32,4,1,0,0,0,0,0,0,0,0,0,0,0,0,0,0,0,0,0,0
27,2,595.45,157.66,47.099,94.199,4,1,0,0,0,0,0,0,0,0,0,0,0,0,0,0,0,0,0,0
27,3,550.5,156.21,43.687,87.374,4,1,0,0,0,0,0,0,0,0,0,0,0,0,0,0,0,0,0,0
28,1,512.9,148.48,62.872,125.74,4,1,0,0,0,0,0,0,0,0,0,0,0,0,0,0,0,0,0,0
28,2,592.96,158.51,47.206,94.413,4,1,0,0,0,0,0,0,0,0,0,0,0,0,0,0,0,0,0,0
28,3,548.3,157.06,43.776,87.552,4,1,0,0,0,0,0,0,0,0,0,0,0,0,0,0,0,0,0,0
29,1,509.7,148.04,63.084,126.17,4,1,0,0,0,0,0,0,0,0,0,0,0,0,0,0,0,0,0,0
29,2,590.38,158.1,47.312,94.623,4,1,0,0,0,0,0,0,0,0,0,0,0,0,0,0,0,0,0,0
29,3,546.02,156.65,43.863,87.726,4,1,0,0,0,0,0,0,0,0,0,0,0,0,0,0,0,0,0,0
30,1,508.11,149.42,63.369,126.74,4,1,0,0,0,0,0,0,0,0,0,0,0,0,0,0,0,0,0,0
30,2,589.6,159.53,47.49,94.981,4,1,0,0,0,0,0,0,0,0,0,0,0,0,0,0,0,0,0,0
30,3,545.41,158.07,44.006,88.012,4,1,0,0,0,0,0,0,0,0,0,0,0,0,0,0,0,0,0,0
31,1,504.12,149.2,63.555,127.11,4,1,1,2,-3.0229,0.18069,0.20976,0.41952,4,1,535.9,276.31,63.555,127.11,535.9,356.14,535.9,276.31,276.31,366.19
31,2,586.15,159.34,47.565,95.13,4,1,2,2,-2.4634,0.0042365,0.10506,0.21012,4,1,609.94,254.47,47.565,95.13,609.94,475.4,609.94,254.47,254.47,321.73
31,3,542.31,157.87,44.07,88.14,4,1,2,0,-2.1807,-0.034121,0.087386,0.17477,4,1,564.34,246.01,44.07,88.14,564.34,439.69,564.34,246.01,246.01,308.34
32,1,500.51,148.71,63.756,127.51,4,1,0,0,0,0,0,0,0,0,0,0,0,0,0,0,0,0,0,0
32,2,583.13,158.88,47.655,95.309,4,1,0,0,0,0,0,0,0,0,0,0,0,0,0,0,0,0,0,0
32,3,539.6,157.42,44.144,88.289,4,1,0,0,0,0,0,0,0,0,0,0,0,0,0,0,0,0,0,0
33,1,498,147.79,64.003,128.01,4,1,0,0,0,0,0,0,0,0,0,0,0,0,0,0,0,0,0,0
33,2,581.34,158,47.792,95.584,4,1,0,0,0,0,0,0,0,0,0,0,0,0,0,0,0,0,0,0
33,3,538.04,156.53,44.255,88.509,4,1,0,0,0,0,0,0,0,0,0,0,0,0,0,0,0,0,0,0
34,1,495.13,148.3,64.244,128.49,4,1,0,0,0,0,0,0,0,0,0,0,0,0,0,0,0,0,0,0
34,2,579.17,158.54,47.92,95.839,4,1,0,0,0,0,0,0,0,0,0,0,0,0,0,0,0,0,0,0
34,3,536.13,157.07,44.358,88.717,4,1,0,0,0,0,0,0,0,0,0,0,0,0,0,0,0,0,0,0
35,1,492.89,147.29,64.507,129.01,4,1,0,0,0,0,0,0,0,0,0,0,0,0,0,0,0,0,0,0
35,2,577.7,157.58,48.072,96.144,4,1,0,0,0,0,0,0,0,0,0,0,0,0,0,0,0,0,0,0
35,3,534.87,156.11,44.479,88.959,4,1,0,0,0,0,0,0,0,0,0,0,0,0,0,0,0,0,0,0
36,1,490.37,146.59,64.762,129.52,4,1,0,0,0,0,0,0,0,0,0,0,0,0,0,0,0,0,0,0
36,2,575.93,156.92,48.214,96.428,4,1,0,0,0,0,0,0,0,0,0,0,0,0,0,0,0,0,0,0
36,3,533.33,155.44,44.593,89.185,4,1,0,0,0,0,0,0,0,0,0,0,0,0,0,0,0,0,0,0
37,1,486.9,146.79,64.983,129.97,4,1,0,0,0,0,0,0,0,0,0,0,0,0,0,0,0,0,0,0
37,2,573.1,157.15,48.317,96.634,4,1,0,0,0,0,0,0,0,0,0,0,0,0,0,0,0,0,0,0
37,3,530.79,155.67,44.676,89.353,4,1,0,0,0,0,0,0,0,0,0,0,0,0,0,0,0,0,0,0
38,1,483.66,146.69,65.222,130.44,4,1,0,0,0,0,0,0,0,0,0,0,0,0,0,0,0,0,0,0
38,2,570.55,157.09,48.436,96.871,4,1,0,0,0,0,0,0,0,0,0,0,0,0,0,0,0,0,0,0
38,3,528.51,155.6,44.772,89.544,4,1,0,0,0,0,0,0,0,0,0,0,0,0,0,0,0,0,0,0
39,1,480.79,146.92,65.471,130.94,4,1,0,0,0,0,0,0,0,0,0,0,0,0,0,0,0,0,0,0
39,2,568.41,157.36,48.567,97.133,4,1,0,0,0,0,0,0,0,0,0,0,0,0,0,0,0,0,0,0
39,3,526.62,155.87,44.877,89.753,4,1,0,0,0,0,0,0,0,0,0,0,0,0,0,0,0,0,0,0
40,1,479.21,147.14,65.77,131.54,4,1,0,0,0,0,0,0,0,0,0,0,0,0,0,0,0,0,0,0
40,2,567.71,157.62,48.753,97.505,4,1,0,0,0,0,0,0,0,0,0,0,0,0,0,0,0,0,0,0
40,3,526.08,156.13,45.021,90.043,4,1,0,0,0,0,0,0,0,0,0,0,0,0,0,0,0,0,0,0
41,1,478.75,148.6,66.114,132.23,4,1,1,2,-2.48,0.4247,0.25512,0.51025,4,1,511.81,280.82,66.114,132.23,511.81,324.81,511.81,280.82,280.82,374.32
41,2,568.27,159.14,48.989,97.978,4,1,2,2,-1.7921,0.2354,0.14038,0.28076,4,1,592.77,257.11,48.989,97.978,592.77,454.21,592.77,257.11,257.11,326.39
41,3,526.74,157.63,45.204,90.408,4,1,2,0,-1.5721,0.17441,0.11184,0.22369,4,1,549.34,248.04,45.204,90.408,549.34,421.49,549.34,248.04,248.04,311.97
42,1,477.15,148.74,66.416,132.83,4,1,0,0,0,0,0,0,0,0,0,0,0,0,0,0,0,0,0,0
42,2,567.57,159.33,49.177,98.354,4,1,0,0,0,0,0,0,0,0,0,0,0,0,0,0,0,0,0,0
42,3,526.21,157.82,45.349,90.699,4,1,0,0,0,0,0,0,0,0,0,0,0,0,0,0,0,0,0,0
43,1,474.71,148.9,66.692,133.38,4,1,0,0,0,0,0,0,0,0,0,0,0,0,0,0,0,0,0,0
43,2,565.94,159.53,49.333,98.665,4,1,0,0,0,0,0,0,0,0,0,0,0,0,0,0,0,0,0,0
43,3,524.8,158.02,45.471,90.943,4,1,0,0,0,0,0,0,0,0,0,0,0,0,0,0,0,0,0,0
44,1,471.98,148.27,66.957,133.91,4,1,0,0,0,0,0,0,0,0,0,0,0,0,0,0,0,0,0,0
44,2,563.99,158.95,49.475,98.95,4,1,0,0,0,0,0,0,0,0,0,0,0,0,0,0,0,0,0,0
44,3,523.08,157.43,45.582,91.164,4,1,0,0,0,0,0,0,0,0,0,0,0,0,0,0,0,0,0,0
45,1,468.39,147.84,67.193,134.39,4,1,0,0,0,0,0,0,0,0,0,0,0,0,0,0,0,0,0,0
45,2,561.09,158.55,49.582,99.164,4,1,0,0,0,0,0,0,0,0,0,0,0,0,0,0,0,0,0,0
45,3,520.47,157.03,45.666,91.333,4,1,0,0,0,0,0,0,0,0,0,0,0,0,0,0,0,0,0,0
46,1,466.1,148.24,67.478,134.96,4,1,0,0,0,0,0,0,0,0,0,0,0,0,0,0,0,0,0,0
46,2,559.64,159,49.745,99.489,4,1,0,0,0,0,0,0,0,0,0,0,0,0,0,0,0,0,0,0
46,3,519.24,157.47,45.792,91.583,4,1,0,0,0,0,0,0,0,0,0,0,0,0,0,0,0,0,0,0
47,1,463.79,148.84,67.77,135.54,4,1,0,0,0,0,0,0,0,0,0,0,0,0,0,0,0,0,0,0
47,2,558.2,159.65,49.912,99.824,4,1,0,0,0,0,0,0,0,0,0,0,0,0,0,0,0,0,0,0
47,3,518.01,158.12,45.921,91.842,4,1,0,0,0,0,0,0,0,0,0,0,0,0,0,0,0,0,0,0
48,1,461.26,149.02,68.05,136.1,4,1,0,0,0,0,0,0,0,0,0,0,0,0,0,0,0,0,0,0
48,2,556.49,159.86,50.067,100.13,4,1,0,0,0,0,0,0,0,0,0,0,0,0,0,0,0,0,0,0
48,3,516.54,158.33,46.039,92.078,4,1,0,0,0,0,0,0,0,0,0,0,0,0,0,0,0,0,0,0
49,1,457.65,148.67,68.299,136.6,4,1,0,0,0,0,0,0,0,0,0,0,0,0,0,0,0,0,0,0
49,2,553.59,159.56,50.18,100.36,4,1,0,0,0,0,0,0,0,0,0,0,0,0,0,0,0,0,0,0
49,3,513.94,158.02,46.127,92.253,4,1,0,0,0,0,0,0,0,0,0,0,0,0,0,0,0,0,0,0
50,1,455.17,148.16,68.587,137.17,4,1,0,0,0,0,0,0,0,0,0,0,0,0,0,0,0,0,0,0
50,2,551.96,159.09,50.34,100.68,4,1,0,0,0,0,0,0,0,0,0,0,0,0,0,0,0,0,0,0
50,3,512.54,157.56,46.248,92.497,4,1,0,0,0,0,0,0,0,0,0,0,0,0,0,0,0,0,0,0
51,1,452.93,148.36,68.889,137.78,4,1,1,2,-2.5914,0.53165,0.27326,0.54652,4,1,487.38,286.14,68.889,137.78,487.38,292.53,487.38,286.14,286.14,383.56
51,2,550.61,159.34,50.514,101.03,4,1,2,2,-1.8518,0.32186,0.14686,0.29372,4,1,575.87,260.36,50.514,101.03,575.87,432.99,575.87,260.36,260.36,331.8
51,3,511.41,157.79,46.38,92.76,4,1,2,2,-1.627,0.25064,0.11325,0.2265,4,1,534.6,250.55,46.38,92.76,534.6,403.41,534.6,250.55,250.55,316.14
51,4,642.34,146.41,73.696,147.39,4,1,3,0,0,0,0,0,0,0,0,0,0,0,0,0,0,0,0,0
52,1,449.62,148.51,69.154,138.31,4,1,0,0,0,0,0,0,0,0,0,0,0,0,0,0,0,0,0,0
52,2,548.07,159.53,50.642,101.28,4,1,0,0,0,0,0,0,0,0,0,0,0,0,0,0,0,0,0,0
52,3,509.15,157.98,46.477,92.954,4,1,0,0,0,0,0,0,0,0,0,0,0,0,0,0,0,0,0,0
52,4,640.03,146.57,73.913,147.83,4,1,0,0,0,0,0,0,0,0,0,0,0,0,0,0,0,0,0,0
53,1,445.26,147.96,69.391,138.78,4,1,0,0,0,0,0,0,0,0,0,0,0,0,0,0,0,0,0,0
53,2,544.37,159.02,50.73,101.46,4,1,0,0,0,0,0,0,0,0,0,0,0,0,0,0,0,0,0,0
53,3,505.79,157.47,46.544,93.089,4,1,0,0,0,0,0,0,0,0,0,0,0,0,0,0,0,0,0,0
53,4,636.35,146.04,74.039,148.08,4,1,0,0,0,0,0,0,0,0,0,0,0,0,0,0,0,0,0,0
54,1,442.27,148.21,69.675,139.35,4,1,0,0,0,0,0,0,0,0,0,0,0,0,0,0,0,0,0,0
54,2,542.2,159.31,50.875,101.75,4,1,0,0,0,0,0,0,0,0,0,0,0,0,0,0,0,0,0,0
54,3,503.89,157.76,46.653,93.307,4,1,0,0,0,0,0,0,0,0,0,0,0,0,0,0,0,0,0,0
54,4,634.45,146.28,74.29,148.58,4,1,0,0,0,0,0,0,0,0,0,0,0,0,0,0,0,0,0,0
55,1,439.3,147.56,69.963,139.93,4,1,0,0,0,0,0,0,0,0,0,0,0,0,0,0,0,0,0,0
55,2,540.05,158.71,51.022,102.04,4,1,0,0,0,0,0,0,0,0,0,0,0,0,0,0,0,0,0,0
55,3,502.02,157.15,46.764,93.528,4,1,0,0,0,0,0,0,0,0,0,0,0,0,0,0,0,0,0,0
55,4,632.57,145.63,74.546,149.09,4,1,0,0,0,0,0,0,0,0,0,0,0,0,0,0,0,0,0,0
56,1,436.37,147.31,70.251,140.5,4,1,0,0,0,0,0,0,0,0,0,0,0,0,0,0,0,0,0,0
56,2,537.95,158.5,51.171,102.34,4,1,0,0,0,0,0,0,0,0,0,0,0,0,0,0,0,0,0,0
56,3,500.19,156.94,46.874,93.748,4,1,0,0,0,0,0,0,0,0,0,0,0,0,0,0,0,0,0,0
56,4,630.73,145.38,74.804,149.61,4,1,0,0,0,0,0,0,0,0,0,0,0,0,0,0,0,0,0,0
57,1,433.04,146.99,70.536,141.07,4,1,0,0,0,0,0,0,0,0,0,0,0,0,0,0,0,0,0,0
57,2,535.42,158.23,51.308,102.62,4,1,0,0,0,0,0,0,0,0,0,0,0,0,0,0,0,0,0,0
57,3,497.95,156.66,46.976,93.953,4,1,0,0,0,0,0,0,0,0,0,0,0,0,0,0,0,0,0,0
57,4,628.38,145.07,75.035,150.07,4,1,0,0,0,0,0,0,0,0,0,0,0,0,0,0,0,0,0,0
58,1,430.07,146.9,70.833,141.67,4,1,0,0,0,0,0,0,0,0,0,0,0,0,0,0,0,0,0,0
58,2,533.29,158.18,51.46,102.92,4,1,0,0,0,0,0,0,0,0,0,0,0,0,0,0,0,0,0,0
58,3,496.1,156.61,47.089,94.177,4,1,0,0,0,0,0,0,0,0,0,0,0,0,0,0,0,0,0,0
58,4,626.5,144.98,75.299,150.6,4,1,0,0,0,0,0,0,0,0,0,0,0,0,0,0,0,0,0,0
59,1,427.25,146.68,71.134,142.27,4,1,0,0,0,0,0,0,0,0,0,0,0,0,0,0,0,0,0,0
59,2,531.32,158.01,51.618,103.24,4,1,0,0,0,0,0,0,0,0,0,0,0,0,0,0,0,0,0,0
59,3,494.42,156.44,47.204,94.408,4,1,0,0,0,0,0,0,0,0,0,0,0,0,0,0,0,0,0,0
59,4,624.78,144.76,75.576,151.15,4,1,0,0,0,0,0,0,0,0,0,0,0,0,0,0,0,0,0,0
60,1,421.67,146.44,71.36,142.72,4,1,0,0,0,0,0,0,0,0,0,0,0,0,0,0,0,0,0,0
60,2,526.32,157.8,51.667,103.33,4,1,0,0,0,0,0,0,0,0,0,0,0,0,0,0,0,0,0,0
60,3,489.83,156.23,47.24,94.481,4,1,0,0,0,0,0,0,0,0,0,0,0,0,0,0,0,0,0,0
60,4,619.51,144.55,75.608,151.22,4,1,0,0,0,0,0,0,0,0,0,0,0,0,0,0,0,0,0,0
61,1,416.69,145.28,71.617,143.23,4,1,1,2,-3.3009,0.25844,0.27961,0.55921,4,1,452.5,288.52,71.617,143.23,452.5,249.93,452.5,288.52,288.52,389.8
61,2,521.99,156.69,51.748,103.5,4,1,2,2,-2.5903,0.0059664,0.13146,0.26292,4,1,547.87,260.19,51.748,103.5,547.87,401.5,547.87,260.19,260.19,333.37
61,3,485.89,155.11,47.3,94.6,4,1,2,2,-2.3049,-0.065218,0.097616,0.19523,4,1,509.54,249.71,47.3,94.6,509.54,375.76,509.54,249.71,249.71,316.6
61,4,615.04,143.41,75.706,151.41,4,1,3,0,-2.3853,0.14181,0.21844,0.43688,4,1,652.9,294.83,75.706,151.41,652.9,438.77,652.9,294.83,294.83,401.89
62,1,413.3,145.13,71.917,143.83,4,1,0,0,0,0,0,0,0,0,0,0,0,0,0,0,0,0,0,0
62,2,519.43,156.58,51.891,103.78,4,1,0,0,0,0,0,0,0,0,0,0,0,0,0,0,0,0,0,0
62,3,483.64,155,47.404,94.807,4,1,0,0,0,0,0,0,0,0,0,0,0,0,0,0,0,0,0,0
62,4,612.6,143.27,75.944,151.89,4,1,0,0,0,0,0,0,0,0,0,0,0,0,0,0,0,0,0,0
63,1,410.16,144.35,72.229,144.46,4,1,0,0,0,0,0,0,0,0,0,0,0,0,0,0,0,0,0,0
63,2,517.15,155.85,52.046,104.09,4,1,0,0,0,0,0,0,0,0,0,0,0,0,0,0,0,0,0,0
63,3,481.66,154.27,47.516,95.033,4,1,0,0,0,0,0,0,0,0,0,0,0,0,0,0,0,0,0,0
63,4,610.46,142.49,76.208,152.42,4,1,0,0,0,0,0,0,0,0,0,0,0,0,0,0,0,0,0,0
64,1,406.73,143.73,72.539,145.08,4,1,0,0,0,0,0,0,0,0,0,0,0,0,0,0,0,0,0,0
64,2,514.54,155.28,52.194,104.39,4,1,0,0,0,0,0,0,0,0,0,0,0,0,0,0,0,0,0,0
64,3,479.38,153.69,47.623,95.247,4,1,0,0,0,0,0,0,0,0,0,0,0,0,0,0,0,0,0,0
64,4,607.95,141.87,76.453,152.91,4,1,0,0,0,0,0,0,0,0,0,0,0,0,0,0,0,0,0,0
65,1,403.63,143.32,72.854,145.71,4,1,0,0,0,0,0,0,0,0,0,0,0,0,0,0,0,0,0,0
65,2,512.31,154.92,52.35,104.7,4,1,0,0,0,0,0,0,0,0,0,0,0,0,0,0,0,0,0,0
65,3,477.46,153.33,47.736,95.471,4,1,0,0,0,0,0,0,0,0,0,0,0,0,0,0,0,0,0,0
65,4,605.84,141.47,76.723,153.45,4,1,0,0,0,0,0,0,0,0,0,0,0,0,0,0,0,0,0,0
66,1,399.6,143.48,73.157,146.31,4,1,0,0,0,0,0,0,0,0,0,0,0,0,0,0,0,0,0,0
66,2,509.07,155.13,52.479,104.96,4,1,0,0,0,0,0,0,0,0,0,0,0,0,0,0,0,0,0,0
66,3,474.57,153.53,47.828,95.656,4,1,0,0,0,0,0,0,0,0,0,0,0,0,0,0,0,0,0,0
66,4,602.56,141.64,76.921,153.84,4,1,0,0,0,0,0,0,0,0,0,0,0,0,0,0,0,0,0,0
67,1,396.27,144.51,73.478,146.96,4,1,0,0,0,0,0,0,0,0,0,0,0,0,0,0,0,0,0,0
67,2,506.59,156.2,52.633,105.27,4,1,0,0,0,0,0,0,0,0,0,0,0,0,0,0,0,0,0,0
67,3,472.42,154.6,47.938,95.877,4,1,0,0,0,0,0,0,0,0,0,0,0,0,0,0,0,0,0,0
67,4,600.15,142.67,77.181,154.36,4,1,0,0,0,0,0,0,0,0,0,0,0,0,0,0,0,0,0,0
68,1,395.1,144.72,73.853,147.71,4,1,0,0,0,0,0,0,0,0,0,0,0,0,0,0,0,0,0,0
68,2,506.49,156.47,52.872,105.74,4,1,0,0,0,0,0,0,0,0,0,0,0,0,0,0,0,0,0,0
68,3,472.56,154.87,48.11,96.219,4,1,0,0,0,0,0,0,0,0,0,0,0,0,0,0,0,0,0,0
68,4,600.46,142.86,77.636,155.27,4,1,0,0,0,0,0,0,0,0,0,0,0,0,0,0,0,0,0,0
69,1,392.61,145.05,74.198,148.4,4,1,0,0,0,0,0,0,0,0,0,0,0,0,0,0,0,0,0,0
69,2,504.94,156.86,53.062,106.12,4,1,0,0,0,0,0,0,0,0,0,0,0,0,0,0,0,0,0,0
69,3,471.32,155.25,48.244,96.489,4,1,0,0,0,0,0,0,0,0,0,0,0,0,0,0,0,0,0,0
69,4,599.09,143.19,77.976,155.95,4,1,0,0,0,0,0,0,0,0,0,0,0,0,0,0,0,0,0,0
70,1,389.7,145.1,74.54,149.08,4,1,0,0,0,0,0,0,0,0,0,0,0,0,0,0,0,0,0,0
70,2,502.95,156.96,53.239,106.48,4,1,0,0,0,0,0,0,0,0,0,0,0,0,0,0,0,0,0,0
70,3,469.65,155.34,48.37,96.741,4,1,0,0,0,0,0,0,0,0,0,0,0,0,0,0,0,0,0,0
70,4,597.19,143.24,78.286,156.57,4,1,0,0,0,0,0,0,0,0,0,0,0,0,0,0,0,0,0,0
71,1,385.25,145.12,74.855,149.71,4,1,1,2,-2.837,0.76042,0.32872,0.65744,4,1,422.68,294.84,74.855,149.71,422.68,210.95,422.68,294.84,294.84,400.7
71,2,499.27,157.04,53.364,106.73,4,1,2,2,-2.0299,0.48997,0.16767,0.33535,4,1,525.96,263.77,53.364,106.73,525.96,375.02,525.96,263.77,263.77,339.23
71,3,466.36,155.42,48.458,96.916,4,1,2,2,-1.7388,0.39028,0.12001,0.24002,4,1,490.59,252.33,48.458,96.916,490.59,353.53,490.59,252.33,252.33,320.86
71,4,593.34,143.28,78.466,156.93,3,1,3,0,-1.8502,0.68422,0.29007,0.58014,4,1,632.57,300.21,78.466,156.93,632.57,410.63,632.57,300.21,300.21,411.18
72,1,382.02,145.39,75.196,150.39,4,1,0,0,0,0,0,0,0,0,0,0,0,0,0,0,0,0,0,0
72,2,496.93,157.36,53.532,107.06,4,1,0,0,0,0,0,0,0,0,0,0,0,0,0,0,0,0,0,0
72,3,464.36,155.74,48.576,97.153,4,1,0,0,0,0,0,0,0,0,0,0,0,0,0,0,0,0,0,0
72,4,591,143.55,78.753,157.51,3,1,0,0,0,0,0,0,0,0,0,0,0,0,0,0,0,0,0,0
73,1,379.6,145.17,75.552,151.1,4,1,0,0,0,0,0,0,0,0,0,0,0,0,0,0,0,0,0,0
73,2,495.47,157.19,53.729,107.46,4,1,0,0,0,0,0,0,0,0,0,0,0,0,0,0,0,0,0,0
73,3,463.22,155.56,48.714,97.429,4,1,0,0,0,0,0,0,0,0,0,0,0,0,0,0,0,0,0,0
73,4,589.66,143.32,79.11,158.22,3,1,0,0,0,0,0,0,0,0,0,0,0,0,0,0,0,0,0,0
74,1,377.34,145.75,75.926,151.85,4,1,0,0,0,0,0,0,0,0,0,0,0,0,0,0,0,0,0,0
74,2,494.21,157.83,53.943,107.89,4,1,0,0,0,0,0,0,0,0,0,0,0,0,0,0,0,0,0,0
74,3,462.27,156.2,48.865,97.731,4,1,0,0,0,0,0,0,0,0,0,0,0,0,0,0,0,0,0,0
74,4,588.55,143.9,79.498,159,3,1,0,0,0,0,0,0,0,0,0,0,0,0,0,0,0,0,0,0
75,1,375.51,146.08,76.301,152.6,4,1,0,0,0,0,0,0,0,0,0,0,0,0,0,0,0,0,0,0
75,2,493.4,158.22,54.168,108.34,4,1,0,0,0,0,0,0,0,0,0,0,0,0,0,0,0,0,0,0
75,3,461.77,156.58,49.023,98.045,4,1,0,0,0,0,0,0,0,0,0,0,0,0,0,0,0,0,0,0
75,4,587.92,144.21,79.918,159.84,3,1,0,0,0,0,0,0,0,0,0,0,0,0,0,0,0,0,0,0
76,1,372.32,145.49,76.661,153.32,4,1,0,0,0,0,0,0,0,0,0,0,0,0,0,0,0,0,0,0
76,2,491.12,157.69,54.35,108.7,4,1,0,0,0,0,0,0,0,0,0,0,0,0,0,0,0,0,0,0
76,3,459.85,156.05,49.15,98.299,4,1,0,0,0,0,0,0,0,0,0,0,0,0,0,0,0,0,0,0
76,4,585.59,143.63,80.228,160.46,3,1,0,0,0,0,0,0,0,0,0,0,0,0,0,0,0,0,0,0
77,1,369.62,144.54,77.025,154.05,4,1,0,0,0,0,0,0,0,0,0,0,0,0,0,0,0,0,0,0
77,2,489.38,156.79,54.546,109.09,4,1,0,0,0,0,0,0,0,0,0,0,0,0,0,0,0,0,0,0
77,3,458.45,155.15,49.285,98.571,4,1,0,0,0,0,0,0,0,0,0,0,0,0,0,0,0,0,0,0
77,4,583.85,142.67,80.577,161.15,3,1,0,0,0,0,0,0,0,0,0,0,0,0,0,0,0,0,0,0
78,1,366.24,145.06,77.387,154.77,4,1,0,0,0,0,0,0,0,0,0,0,0,0,0,0,0,0,0,0
78,2,486.9,157.37,54.724,109.45,4,1,0,0,0,0,0,0,0,0,0,0,0,0,0,0,0,0,0,0
78,3,456.34,155.72,49.408,98.817,4,1,0,0,0,0,0,0,0,0,0,0,0,0,0,0,0,0,0,0
78,4,581.26,143.19,80.876,161.75,3,1,0,0,0,0,0,0,0,0,0,0,0,0,0,0,0,0,0,0
79,1,362.43,143.96,77.743,155.49,4,1,0,0,0,0,0,0,0,0,0,0,0,0,0,0,0,0,0,0
79,2,483.96,156.33,54.887,109.77,4,1,0,0,0,0,0,0,0,0,0,0,0,0,0,0,0,0,0,0
79,3,453.8,154.67,49.52,99.04,4,1,0,0,0,0,0,0,0,0,0,0,0,0,0,0,0,0,0,0
79,4,578.12,142.11,81.139,162.28,3,1,0,0,0,0,0,0,0,0,0,0,0,0,0,0,0,0,0,0
80,1,358.52,143.83,78.097,156.19,4,1,0,0,0,0,0,0,0,0,0,0,0,0,0,0,0,0,0,0
80,2,480.9,156.25,55.045,110.09,4,1,0,0,0,0,0,0,0,0,0,0,0,0,0,0,0,0,0,0
80,3,451.14,154.59,49.627,99.253,4,1,0,0,0,0,0,0,0,0,0,0,0,0,0,0,0,0,0,0
80,4,574.82,141.98,81.391,162.78,3,1,0,0,0,0,0,0,0,0,0,0,0,0,0,0,0,0,0,0
81,1,354.13,144.2,78.455,156.91,4,1,1,2,-2.871,0.52476,0.36272,0.72545,4,1,393.35,301.11,78.455,156.91,393.35,171.45,393.35,301.11,301.11,412.06
81,2,477.35,156.67,55.195,110.39,4,1,2,2,-2.0324,0.22909,0.18638,0.37276,4,1,504.95,267.06,55.195,110.39,504.95,348.84,504.95,267.06,267.06,345.12
81,3,448.01,155.01,49.728,99.455,4,1,2,2,-1.7035,0.10991,0.12917,0.25833,4,1,472.87,254.46,49.728,99.455,472.87,332.22,472.87,254.46,254.46,324.79
81,4,570.95,142.37,81.613,163.23,3,1,3,0,-2.0097,0.44432,0.32207,0.64414,3,1,611.76,305.6,81.613,163.23,611.76,448.53,774.99,305.6,387.21,387.21
82,1,350.82,143.31,78.836,157.67,4,1,0,0,0,0,0,0,0,0,0,0,0,0,0,0,0,0,0,0
82,2,474.97,155.85,55.385,110.77,4,1,0,0,0,0,0,0,0,0,0,0,0,0,0,0,0,0,0,0
82,3,446.02,154.18,49.858,99.716,4,1,0,0,0,0,0,0,0,0,0,0,0,0,0,0,0,0,0,0
82,4,568.4,141.49,81.935,163.87,3,1,0,0,0,0,0,0,0,0,0,0,0,0,0,0,0,0,0,0
83,1,346.29,143.73,79.207,158.41,4,1,0,0,0,0,0,0,0,0,0,0,0,0,0,0,0,0,0,0
83,2,471.3,156.32,55.538,111.08,4,1,0,0,0,0,0,0,0,0,0,0,0,0,0,0,0,0,0,0
83,3,442.76,154.65,49.961,99.922,4,1,0,0,0,0,0,0,0,0,0,0,0,0,0,0,0,0,0,0
83,4,564.36,141.92,82.159,164.32,3,1,0,0,0,0,0,0,0,0,0,0,0,0,0,0,0,0,0,0
84,1,342.88,144.47,79.591,159.18,4,1,0,0,0,0,0,0,0,0,0,0,0,0,0,0,0,0,0,0
84,2,468.81,157.13,55.728,111.46,4,1,0,0,0,0,0,0,0,0,0,0,0,0,0,0,0,0,0,0
84,3,440.67,155.45,50.089,100.18,4,1,0,0,0,0,0,0,0,0,0,0,0,0,0,0,0,0,0,0
84,4,561.64,142.67,82.476,164.95,3,1,0,0,0,0,0,0,0,0,0,0,0,0,0,0,0,0,0,0
85,1,338.48,144.31,79.979,159.96,4,1,0,0,0,0,0,0,0,0,0,0,0,0,0,0,0,0,0,0
85,2,465.29,157.03,55.895,111.79,4,1,0,0,0,0,0,0,0,0,0,0,0,0,0,0,0,0,0,0
85,3,437.58,155.34,50.202,100.4,4,1,0,0,0,0,0,0,0,0,0,0,0,0,0,0,0,0,0,0
85,4,557.75,142.53,82.725,165.45,3,1,0,0,0,0,0,0,0,0,0,0,0,0,0,0,0,0,0,0
86,1,334.96,144.79,80.375,160.75,4,1,0,0,0,0,0,0,0,0,0,0,0,0,0,0,0,0,0,0
86,2,462.7,157.57,56.088,112.18,4,1,0,0,0,0,0,0,0,0,0,0,0,0,0,0,0,0,0,0
86,3,435.39,155.88,50.333,100.67,4,1,0,0,0,0,0,0,0,0,0,0,0,0,0,0,0,0,0,0
86,4,554.88,143.02,83.045,166.09,3,1,0,0,0,0,0,0,0,0,0,0,0,0,0,0,0,0,0,0
87,1,331.21,144.14,80.774,161.55,4,1,0,0,0,0,0,0,0,0,0,0,0,0,0,0,0,0,0,0
87,2,459.89,156.98,56.278,112.56,4,1,0,0,0,0,0,0,0,0,0,0,0,0,0,0,0,0,0,0
87,3,432.99,155.29,50.461,100.92,4,1,0,0,0,0,0,0,0,0,0,0,0,0,0,0,0,0,0,0
87,4,551.74,142.38,83.353,166.71,3,1,0,0,0,0,0,0,0,0,0,0,0,0,0,0,0,0,0,0
88,1,327.19,143.73,81.177,162.35,4,1,0,0,0,0,0,0,0,0,0,0,0,0,0,0,0,0,0,0
88,2,456.79,156.63,56.462,112.92,4,1,0,0,0,0,0,0,0,0,0,0,0,0,0,0,0,0,0,0
88,3,430.31,154.93,50.584,101.17,4,1,0,0,0,0,0,0,0,0,0,0,0,0,0,0,0,0,0,0
88,4,548.26,141.97,83.643,167.29,3,1,0,0,0,0,0,0,0,0,0,0,0,0,0,0,0,0,0,0
89,1,324.6,143.61,81.585,163.17,4,1,0,0,0,0,0,0,0,0,0,0,0,0,0,0,0,0,0,0
89,2,455.2,156.58,56.689,113.38,4,1,0,0,0,0,0,0,0,0,0,0,0,0,0,0,0,0,0,0
89,3,429.13,154.87,50.736,101.47,4,1,0,0,0,0,0,0,0,0,0,0,0,0,0,0,0,0,0,0
89,4,546.45,141.85,84.047,168.09,3,1,0,0,0,0,0,0,0,0,0,0,0,0,0,0,0,0,0,0
90,1,321.5,145.58,81.999,164,4,1,0,0,0,0,0,0,0,0,0,0,0,0,0,0,0,0,0,0
90,2,453.08,158.62,56.905,113.81,4,1,0,0,0,0,0,0,0,0,0,0,0,0,0,0,0,0,0,0
90,3,427.41,156.91,50.881,101.76,4,1,0,0,0,0,0,0,0,0,0,0,0,0,0,0,0,0,0,0
90,4,544.01,143.83,84.418,168.84,3,1,0,0,0,0,0,0,0,0,0,0,0,0,0,0,0,0,0,0
91,1,318.33,146.32,82.415,164.83,4,1,1,2,-3.4065,0.99912,0.39833,0.79665,4,1,359.54,311.16,82.415,164.83,359.54,126.43,359.54,311.16,311.16,427.71
91,2,450.89,159.42,57.12,114.24,4,1,2,2,-2.5737,0.6514,0.19323,0.38645,4,1,479.45,273.67,57.12,114.24,479.45,317.89,479.45,273.67,273.67,354.45
91,3,425.64,157.71,51.025,102.05,4,1,2,2,-2.1934,0.52016,0.13003,0.26006,4,1,451.16,259.76,51.025,102.05,451.16,306.84,451.16,259.76,259.76,331.92
91,4,541.47,144.57,84.787,169.57,4,1,3,0,-2.8258,0.8446,0.31754,0.63508,3,1,583.87,314.14,84.787,169.57,583.87,414.29,753.44,314.14,398.93,398.93
92,1,315.19,146.47,82.838,165.68,4,1,0,0,0,0,0,0,0,0,0,0,0,0,0,0,0,0,0,0
92,2,448.74,159.64,57.341,114.68,4,1,0,0,0,0,0,0,0,0,0,0,0,0,0,0,0,0,0,0
92,3,423.91,157.92,51.173,102.35,4,1,0,0,0,0,0,0,0,0,0,0,0,0,0,0,0,0,0,0
92,4,538.95,144.71,85.164,170.33,4,1,0,0,0,0,0,0,0,0,0,0,0,0,0,0,0,0,0,0
93,1,311.71,147.5,83.264,166.53,4,1,0,0,0,0,0,0,0,0,0,0,0,0,0,0,0,0,0,0
93,2,446.26,160.74,57.554,115.11,4,1,0,0,0,0,0,0,0,0,0,0,0,0,0,0,0,0,0,0
93,3,421.85,159.01,51.316,102.63,4,1,0,0,0,0,0,0,0,0,0,0,0,0,0,0,0,0,0,0
93,4,536.03,145.75,85.521,171.04,4,1,0,0,0,0,0,0,0,0,0,0,0,0,0,0,0,0,0,0
94,1,307.27,146.08,83.702,167.4,4,1,0,0,0,0,0,0,0,0,0,0,0,0,0,0,0,0,0,0
94,2,442.77,159.38,57.748,115.5,4,1,0,0,0,0,0,0,0,0,0,0,0,0,0,0,0,0,0,0
94,3,418.81,157.65,51.445,102.89,4,1,0,0,0,0,0,0,0,0,0,0,0,0,0,0,0,0,0,0
94,4,531.99,144.34,85.813,171.63,4,1,0,0,0,0,0,0,0,0,0,0,0,0,0,0,0,0,0,0
95,1,303.75,144.62,84.141,168.28,4,1,0,0,0,0,0,0,0,0,0,0,0,0,0,0,0,0,0,0
95,2,440.26,157.99,57.967,115.93,4,1,0,0,0,0,0,0,0,0,0,0,0,0,0,0,0,0,0,0
95,3,416.74,156.26,51.592,103.18,4,1,0,0,0,0,0,0,0,0,0,0,0,0,0,0,0,0,0,0
95,4,529,142.89,86.178,172.36,4,1,0,0,0,0,0,0,0,0,0,0,0,0,0,0,0,0,0,0
96,1,299.82,144.3,84.585,169.17,4,1,0,0,0,0,0,0,0,0,0,0,0,0,0,0,0,0,0,0
96,2,437.33,157.74,58.177,116.35,4,1,0,0,0,0,0,0,0,0,0,0,0,0,0,0,0,0,0,0
96,3,414.24,156,51.732,103.46,4,1,0,0,0,0,0,0,0,0,0,0,0,0,0,0,0,0,0,0
96,4,525.51,142.58,86.514,173.03,4,1,0,0,0,0,0,0,0,0,0,0,0,0,0,0,0,0,0,0
97,1,296.3,143.32,85.034,170.07,4,1,0,0,0,0,0,0,0,0,0,0,0,0,0,0,0,0,0,0
97,2,434.84,156.83,58.402,116.8,4,1,0,0,0,0,0,0,0,0,0,0,0,0,0,0,0,0,0,0
97,3,412.19,155.08,51.882,103.76,4,1,0,0,0,0,0,0,0,0,0,0,0,0,0,0,0,0,0,0
97,4,522.49,141.6,86.89,173.78,4,1,0,0,0,0,0,0,0,0,0,0,0,0,0,0,0,0,0,0
98,1,292.18,142.98,85.49,170.98,4,1,0,0,0,0,0,0,0,0,0,0,0,0,0,0,0,0,0,0
98,2,431.73,156.57,58.614,117.23,4,1,0,0,0,0,0,0,0,0,0,0,0,0,0,0,0,0,0,0
98,3,409.53,154.82,52.023,104.05,4,1,0,0,0,0,0,0,0,0,0,0,0,0,0,0,0,0,0,0
98,4,518.77,141.28,87.223,174.45,4,1,0,0,0,0,0,0,0,0,0,0,0,0,0,0,0,0,0,0
99,1,288.59,143.14,85.953,171.91,4,1,0,0,0,0,0,0,0,0,0,0,0,0,0,0,0,0,0,0
99,2,429.2,156.79,58.845,117.69,4,1,0,0,0,0,0,0,0,0,0,0,0,0,0,0,0,0,0,0
99,3,407.43,155.04,52.179,104.36,4,1,0,0,0,0,0,0,0,0,0,0,0,0,0,0,0,0,0,0
99,4,515.65,141.44,87.606,175.21,4,1,0,0,0,0,0,0,0,0,0,0,0,0,0,0,0,0,0,0
100,1,284.94,143.72,86.421,172.84,4,1,0,0,0,0,0,0,0,0,0,0,0,0,0,0,0,0,0,0
100,2,426.6,157.44,59.078,118.16,4,1,0,0,0,0,0,0,0,0,0,0,0,0,0,0,0,0,0,0
100,3,405.28,155.68,52.335,104.67,4,1,0,0,0,0,0,0,0,0,0,0,0,0,0,0,0,0,0,0
100,4,512.45,142.03,87.989,175.98,4,1,0,0,0,0,0,0,0,0,0,0,0,0,0,0,0,0,0,0
101,1,280.46,143.65,86.903,173.81,4,1,1,2,-3.6023,0.46271,0.45114,0.90227,4,1,323.91,317.45,86.903,173.81,323.91,78.114,323.91,317.45,317.45,440.35
101,2,423.18,157.45,59.293,118.59,4,1,2,2,-2.7015,0.066163,0.21749,0.43498,4,1,452.82,276.04,59.293,118.59,452.82,285.12,452.82,276.04,276.04,359.89
101,3,402.31,155.68,52.479,104.96,4,1,2,2,-2.2968,-0.083264,0.14549,0.29099,4,1,428.55,260.64,52.479,104.96,428.55,280.12,428.55,260.64,260.64,334.86
101,4,508.33,141.98,88.318,176.64,4,1,3,2,-3.194,0.27435,0.35236,0.70472,4,1,552.48,318.61,88.318,176.64,552.48,302.68,552.48,318.61,318.61,443.51
101,5,643.25,148.91,63.617,127.23,4,1,4,0,0,0,0,0,0,0,0,0,0,0,0,0,0,0,0,0
102,1,276.94,143.55,87.379,174.76,4,1,0,0,0,0,0,0,0,0,0,0,0,0,0,0,0,0,0,0
102,2,420.73,157.43,59.533,119.07,4,1,0,0,0,0,0,0,0,0,0,0,0,0,0,0,0,0,0,0
102,3,400.31,155.65,52.64,105.28,4,1,0,0,0,0,0,0,0,0,0,0,0,0,0,0,0,0,0,0
102,4,505.24,141.88,88.717,177.43,4,1,0,0,0,0,0,0,0,0,0,0,0,0,0,0,0,0,0,0
102,5,641.7,148.87,63.793,127.59,4,1,0,0,0,0,0,0,0,0,0,0,0,0,0,0,0,0,0,0
103,1,273.34,143.41,87.86,175.72,4,1,0,0,0,0,0,0,0,0,0,0,0,0,0,0,0,0,0,0
103,2,418.22,157.37,59.773,119.55,4,1,0,0,0,0,0,0,0,0,0,0,0,0,0,0,0,0,0,0
103,3,398.25,155.59,52.801,105.6,4,1,0,0,0,0,0,0,0,0,0,0,0,0,0,0,0,0,0,0
103,4,502.06,141.75,89.115,178.23,4,1,0,0,0,0,0,0,0,0,0,0,0,0,0,0,0,0,0,0
103,5,640.06,148.78,63.964,127.93,4,1,0,0,0,0,0,0,0,0,0,0,0,0,0,0,0,0,0,0
104,1,267.97,143.07,88.384,176.77,4,1,0,0,0,0,0,0,0,0,0,0,0,0,0,0,0,0,0,0
104,2,413.96,157.11,59.986,119.97,4,1,0,0,0,0,0,0,0,0,0,0,0,0,0,0,0,0,0,0
104,3,394.46,155.32,52.947,105.89,4,1,0,0,0,0,0,0,0,0,0,0,0,0,0,0,0,0,0,0
104,4,496.98,141.44,89.413,178.83,4,1,0,0,0,0,0,0,0,0,0,0,0,0,0,0,0,0,0,0
104,5,636.15,148.51,64.007,128.01,4,1,0,0,0,0,0,0,0,0,0,0,0,0,0,0,0,0,0,0
105,1,262.11,142.98,88.92,177.84,4,1,0,0,0,0,0,0,0,0,0,0,0,0,0,0,0,0,0,0
105,2,409.22,157.1,60.19,120.38,4,1,0,0,0,0,0,0,0,0,0,0,0,0,0,0,0,0,0,0
105,3,390.2,155.31,53.086,106.17,4,1,0,0,0,0,0,0,0,0,0,0,0,0,0,0,0,0,0,0
105,4,491.35,141.38,89.68,179.36,4,1,0,0,0,0,0,0,0,0,0,0,0,0,0,0,0,0,0,0
105,5,631.6,148.5,64.009,128.02,4,1,0,0,0,0,0,0,0,0,0,0,0,0,0,0,0,0,0,0
106,1,257.51,143.94,89.45,178.9,4,1,0,0,0,0,0,0,0,0,0,0,0,0,0,0,0,0,0,0
106,2,405.78,158.14,60.428,120.86,4,1,0,0,0,0,0,0,0,0,0,0,0,0,0,0,0,0,0,0
106,3,387.21,156.35,53.248,106.5,4,1,0,0,0,0,0,0,0,0,0,0,0,0,0,0,0,0,0,0
106,4,487.12,142.37,90.043,180.09,4,1,0,0,0,0,0,0,0,0,0,0,0,0,0,0,0,0,0,0
106,5,628.77,149.53,64.12,128.24,4,1,0,0,0,0,0,0,0,0,0,0,0,0,0,0,0,0,0,0
107,1,253.47,143.35,89.969,179.94,4,1,0,0,0,0,0,0,0,0,0,0,0,0,0,0,0,0,0,0
107,2,402.89,157.63,60.674,121.35,4,1,0,0,0,0,0,0,0,0,0,0,0,0,0,0,0,0,0,0
107,3,384.78,155.83,53.415,106.83,4,1,0,0,0,0,0,0,0,0,0,0,0,0,0,0,0,0,0,0
107,4,483.45,141.78,90.439,180.88,4,1,0,0,0,0,0,0,0,0,0,0,0,0,0,0,0,0,0,0
107,5,626.67,148.99,64.269,128.54,4,1,0,0,0,0,0,0,0,0,0,0,0,0,0,0,0,0,0,0
108,1,249.18,143.94,90.504,181.01,4,1,0,0,0,0,0,0,0,0,0,0,0,0,0,0,0,0,0,0
108,2,399.78,158.31,60.923,121.85,4,1,0,0,0,0,0,0,0,0,0,0,0,0,0,0,0,0,0,0
108,3,382.13,156.5,53.585,107.17,4,1,0,0,0,0,0,0,0,0,0,0,0,0,0,0,0,0,0,0
108,4,479.54,142.39,90.83,181.66,4,1,0,0,0,0,0,0,0,0,0,0,0,0,0,0,0,0,0,0
108,5,624.29,149.65,64.407,128.81,4,1,0,0,0,0,0,0,0,0,0,0,0,0,0,0,0,0,0,0
109,1,244.62,143.8,91.057,182.11,4,1,0,0,0,0,0,0,0,0,0,0,0,0,0,0,0,0,0,0
109,2,396.43,158.25,61.174,122.35,4,1,0,0,0,0,0,0,0,0,0,0,0,0,0,0,0,0,0,0
109,3,379.25,156.43,53.757,107.51,4,1,0,0,0,0,0,0,0,0,0,0,0,0,0,0,0,0,0,0
109,4,475.34,142.27,91.216,182.43,4,1,0,0,0,0,0,0,0,0,0,0,0,0,0,0,0,0,0,0
109,5,621.61,149.58,64.531,129.06,4,1,0,0,0,0,0,0,0,0,0,0,0,0,0,0,0,0,0,0
110,1,241.31,144.37,91.579,183.16,4,1,0,0,0,0,0,0,0,0,0,0,0,0,0,0,0,0,0,0
110,2,394.3,158.9,61.443,122.89,4,1,0,0,0,0,0,0,0,0,0,0,0,0,0,0,0,0,0,0
110,3,377.57,157.08,53.939,107.88,4,1,0,0,0,0,0,0,0,0,0,0,0,0,0,0,0,0,0,0
110,4,472.42,142.84,91.672,183.34,4,1,0,0,0,0,0,0,0,0,0,0,0,0,0,0,0,0,0,0
110,5,620.5,150.2,64.745,129.49,4,1,0,0,0,0,0,0,0,0,0,0,0,0,0,0,0,0,0,0
111,1,237.16,144.41,92.135,184.27,4,1,1,2,-4.2303,1.1836,0.53018,1.0604,4,1,283.22,328.68,92.135,184.27,283.22,22.626,283.22,328.68,328.68,458.98
111,2,391.36,159.03,61.706,123.41,4,1,2,2,-3.2173,0.68673,0.24026,0.48052,4,1,422.21,282.44,61.706,123.41,422.21,247.68,422.21,282.44,282.44,369.71
111,3,375.11,157.2,54.12,108.24,4,1,2,2,-2.7928,0.52751,0.16369,0.32737,4,1,402.17,265.44,54.12,108.24,402.17,249.09,402.17,265.44,265.44,341.98
111,4,468.63,142.9,92.092,184.18,4,1,3,2,-3.9615,0.88238,0.3705,0.74101,4,1,514.68,327.08,92.092,184.18,514.68,254.2,514.68,327.08,327.08,457.32
111,5,618.37,150.31,64.904,129.81,4,1,4,0,-2.6301,0.42462,0.11776,0.23553,4,1,650.82,280.12,64.904,129.81,650.82,467.25,650.82,280.12,280.12,371.9
112,1,232.32,144.29,92.715,185.43,4,1,0,0,0,0,0,0,0,0,0,0,0,0,0,0,0,0,0,0
112,2,387.78,159,61.961,123.92,4,1,0,0,0,0,0,0,0,0,0,0,0,0,0,0,0,0,0,0
112,3,371.99,157.17,54.296,108.59,4,1,0,0,0,0,0,0,0,0,0,0,0,0,0,0,0,0,0,0
112,4,464.13,142.8,92.477,184.95,4,1,0,0,0,0,0,0,0,0,0,0,0,0,0,0,0,0,0,0
112,5,615.4,150.26,65.013,130.03,4,1,0,0,0,0,0,0,0,0,0,0,0,0,0,0,0,0,0,0
113,1,229.12,144.64,93.248,186.5,4,1,0,0,0,0,0,0,0,0,0,0,0,0,0,0,0,0,0,0
113,2,385.78,159.44,62.238,124.48,4,1,0,0,0,0,0,0,0,0,0,0,0,0,0,0,0,0,0,0
113,3,370.46,157.6,54.485,108.97,4,1,0,0,0,0,0,0,0,0,0,0,0,0,0,0,0,0,0,0
113,4,461.28,143.15,92.949,185.9,4,1,0,0,0,0,0,0,0,0,0,0,0,0,0,0,0,0,0,0
113,5,614.47,150.67,65.24,130.48,4,1,0,0,0,0,0,0,0,0,0,0,0,0,0,0,0,0,0,0
114,1,225.98,145.44,93.786,187.57,4,1,0,0,0,0,0,0,0,0,0,0,0,0,0,0,0,0,0,0
114,2,383.86,160.32,62.521,125.04,4,1,0,0,0,0,0,0,0,0,0,0,0,0,0,0,0,0,0,0
114,3,369.01,158.47,54.678,109.36,4,1,0,0,0,0,0,0,0,0,0,0,0,0,0,0,0,0,0,0
114,4,458.48,143.96,93.432,186.86,4,1,0,0,0,0,0,0,0,0,0,0,0,0,0,0,0,0,0,0
114,5,613.64,151.52,65.476,130.95,4,1,0,0,0,0,0,0,0,0,0,0,0,0,0,0,0,0,0,0
115,1,223.87,146.26,94.297,188.59,4,1,0,0,0,0,0,0,0,0,0,0,0,0,0,0,0,0,0,0
115,2,382.93,161.23,62.82,125.64,4,1,0,0,0,0,0,0,0,0,0,0,0,0,0,0,0,0,0,0
115,3,368.54,159.37,54.881,109.76,4,1,0,0,0,0,0,0,0,0,0,0,0,0,0,0,0,0,0,0
115,4,456.7,144.76,93.973,187.95,4,1,0,0,0,0,0,0,0,0,0,0,0,0,0,0,0,0,0,0
115,5,614.09,152.38,65.79,131.58,4,1,0,0,0,0,0,0,0,0,0,0,0,0,0,0,0,0,0,0
116,1,220.95,145.54,94.842,189.68,4,1,0,0,0,0,0,0,0,0,0,0,0,0,0,0,0,0,0,0
116,2,381.22,160.59,63.113,126.23,4,1,0,0,0,0,0,0,0,0,0,0,0,0,0,0,0,0,0,0
116,3,367.31,158.72,55.083,110.17,4,1,0,0,0,0,0,0,0,0,0,0,0,0,0,0,0,0,0,0
116,4,454.08,144.03,94.478,188.96,4,1,0,0,0,0,0,0,0,0,0,0,0,0,0,0,0,0,0,0
116,5,613.56,151.7,66.05,132.1,4,1,0,0,0,0,0,0,0,0,0,0,0,0,0,0,0,0,0,0
117,1,216.77,145.59,95.433,190.87,4,1,0,0,0,0,0,0,0,0,0,0,0,0,0,0,0,0,0,0
117,2,378.34,160.73,63.392,126.78,4,1,0,0,0,0,0,0,0,0,0,0,0,0,0,0,0,0,0,0
117,3,364.9,158.86,55.277,110.55,4,1,0,0,0,0,0,0,0,0,0,0,0,0,0,0,0,0,0,0
117,4,450.2,144.11,94.924,189.85,4,1,0,0,0,0,0,0,0,0,0,0,0,0,0,0,0,0,0,0
117,5,611.51,151.83,66.222,132.44,4,1,0,0,0,0,0,0,0,0,0,0,0,0,0,0,0,0,0,0
118,1,212.86,144.91,96.022,192.04,4,1,0,0,0,0,0,0,0,0,0,0,0,0,0,0,0,0,0,0
118,2,375.71,160.14,63.677,127.35,4,1,0,0,0,0,0,0,0,0,0,0,0,0,0,0,0,0,0,0
118,3,362.76,158.26,55.474,110.95,4,1,0,0,0,0,0,0,0,0,0,0,0,0,0,0,0,0,0,0
118,4,446.56,143.43,95.386,190.77,4,1,0,0,0,0,0,0,0,0,0,0,0,0,0,0,0,0,0,0
118,5,609.79,151.21,66.414,132.83,4,1,0,0,0,0,0,0,0,0,0,0,0,0,0,0,0,0,0,0
119,1,209.28,145.13,96.595,193.19,4,1,0,0,0,0,0,0,0,0,0,0,0,0,0,0,0,0,0,0
119,2,373.39,160.46,63.962,127.92,4,1,0,0,0,0,0,0,0,0,0,0,0,0,0,0,0,0,0,0
119,3,360.92,158.57,55.671,111.34,4,1,0,0,0,0,0,0,0,0,0,0,0,0,0,0,0,0,0,0
119,4,443.22,143.66,95.859,191.72,4,1,0,0,0,0,0,0,0,0,0,0,0,0,0,0,0,0,0,0
119,5,608.45,151.49,66.626,133.25,4,1,0,0,0,0,0,0,0,0,0,0,0,0,0,0,0,0,0,0
120,1,205.88,146.81,97.172,194.34,4,1,0,0,0,0,0,0,0,0,0,0,0,0,0,0,0,0,0,0
120,2,371.27,162.23,64.255,128.51,4,1,0,0,0,0,0,0,0,0,0,0,0,0,0,0,0,0,0,0
120,3,359.28,160.33,55.874,111.75,4,1,0,0,0,0,0,0,0,0,0,0,0,0,0,0,0,0,0,0
120,4,440.05,145.35,96.35,192.7,4,1,0,0,0,0,0,0,0,0,0,0,0,0,0,0,0,0,0,0
120,5,607.38,153.23,66.857,133.71,4,1,0,0,0,0,0,0,0,0,0,0,0,0,0,0,0,0,0,0
121,1,202.71,146.95,97.74,195.48,4,1,1,2,-3.0519,1.3251,0.56066,1.1213,4,1,251.58,342.43,97.74,195.48,251.58,-24.867,251.58,342.43,342.43,480.66
121,2,369.36,162.46,64.548,129.1,3,1,2,2,-1.9421,0.86697,0.28756,0.57513,4,1,401.63,291.55,64.548,129.1,401.63,219.06,401.63,291.55,291.55,382.84
121,4,437.07,145.49,96.849,193.7,3,1,3,2,-2.8044,1.1767,0.48469,0.96938,4,1,485.5,339.19,96.849,193.7,485.5,211.57,485.5,339.19,339.19,476.15
121,5,606.55,153.43,67.102,134.2,4,1,4,0,-0.91699,0.71978,0.22975,0.45951,4,1,640.1,287.63,67.102,134.2,640.1,450.31,640.1,287.63,287.63,382.53
122,1,198.74,145.93,98.345,196.69,4,1,0,0,0,0,0,0,0,0,0,0,0,0,0,0,0,0,0,0
122,2,366.7,161.53,64.835,129.67,3,1,0,0,0,0,0,0,0,0,0,0,0,0,0,0,0,0,0,0
122,4,433.29,144.48,97.313,194.63,3,1,0,0,0,0,0,0,0,0,0,0,0,0,0,0,0,0,0,0
122,5,604.77,152.47,67.292,134.58,4,1,0,0,0,0,0,0,0,0,0,0,0,0,0,0,0,0,0,0
123,1,194.67,146.7,98.963,197.93,4,1,0,0,0,0,0,0,0,0,0,0,0,0,0,0,0,0,0,0
123,2,363.96,162.39,65.125,130.25,3,1,0,0,0,0,0,0,0,0,0,0,0,0,0,0,0,0,0,0
123,4,429.41,145.26,97.78,195.56,3,1,0,0,0,0,0,0,0,0,0,0,0,0,0,0,0,0,0,0
123,5,602.91,153.31,67.479,134.96,4,1,0,0,0,0,0,0,0,0,0,0,0,0,0,0,0,0,0,0
124,1,189.35,147.65,99.648,199.3,4,1,0,0,0,0,0,0,0,0,0,0,0,0,0,0,0,0,0,0
124,2,360.1,163.45,65.411,130.82,3,1,0,0,0,0,0,0,0,0,0,0,0,0,0,0,0,0,0,0
124,4,424.35,146.25,98.204,196.41,3,1,0,0,0,0,0,0,0,0,0,0,0,0,0,0,0,0,0,0
124,5,599.64,154.36,67.586,135.17,4,1,0,0,0,0,0,0,0,0,0,0,0,0,0,0,0,0,0,0
125,1,185.49,148.9,100.27,200.55,4,1,0,0,0,0,0,0,0,0,0,0,0,0,0,0,0,0,0,0
125,2,357.6,164.8,65.71,131.42,3,1,0,0,0,0,0,0,0,0,0,0,0,0,0,0,0,0,0,0
125,4,420.66,147.51,98.694,197.39,3,1,0,0,0,0,0,0,0,0,0,0,0,0,0,0,0,0,0,0
125,5,598.08,155.67,67.796,135.59,4,1,0,0,0,0,0,0,0,0,0,0,0,0,0,0,0,0,0,0
126,1,181.35,148.28,100.93,201.85,4,1,0,0,0,0,0,0,0,0,0,0,0,0,0,0,0,0,0,0
126,2,354.86,164.28,66.015,132.03,3,1,0,0,0,0,0,0,0,0,0,0,0,0,0,0,0,0,0,0
126,4,416.71,146.91,99.183,198.37,3,1,0,0,0,0,0,0,0,0,0,0,0,0,0,0,0,0,0,0
126,5,596.25,155.13,67.995,135.99,4,1,0,0,0,0,0,0,0,0,0,0,0,0,0,0,0,0,0,0
127,1,177.59,147.59,101.56,203.11,4,1,0,0,0,0,0,0,0,0,0,0,0,0,0,0,0,0,0,0
127,2,352.47,163.69,66.316,132.63,3,1,0,0,0,0,0,0,0,0,0,0,0,0,0,0,0,0,0,0
127,4,413.08,146.23,99.68,199.36,3,1,0,0,0,0,0,0,0,0,0,0,0,0,0,0,0,0,0,0
127,5,594.84,154.5,68.214,136.43,4,1,0,0,0,0,0,0,0,0,0,0,0,0,0,0,0,0,0,0
128,1,172.89,148.13,102.25,204.5,4,1,0,0,0,0,0,0,0,0,0,0,0,0,0,0,0,0,0,0
128,2,349.25,164.34,66.622,133.24,3,1,0,0,0,0,0,0,0,0,0,0,0,0,0,0,0,0,0,0
128,4,408.59,146.8,100.16,200.31,3,1,0,0,0,0,0,0,0,0,0,0,0,0,0,0,0,0,0,0
128,5,592.42,155.13,68.38,136.76,4,1,0,0,0,0,0,0,0,0,0,0,0,0,0,0,0,0,0,0
129,1,167.88,148.22,102.97,205.94,4,1,0,0,0,0,0,0,0,0,0,0,0,0,0,0,0,0,0,0
129,2,345.77,164.54,66.927,133.85,3,1,0,0,0,0,0,0,0,0,0,0,0,0,0,0,0,0,0,0
129,4,403.81,146.92,100.63,201.25,3,1,0,0,0,0,0,0,0,0,0,0,0,0,0,0,0,0,0,0
129,5,589.67,155.31,68.528,137.06,4,1,0,0,0,0,0,0,0,0,0,0,0,0,0,0,0,0,0,0
130,1,162.13,147.72,103.73,207.46,4,1,0,0,0,0,0,0,0,0,0,0,0,0,0,0,0,0,0,0
130,2,341.64,164.16,67.23,134.46,3,1,0,0,0,0,0,0,0,0,0,0,0,0,0,0,0,0,0,0
130,4,398.34,146.46,101.07,202.15,3,1,0,0,0,0,0,0,0,0,0,0,0,0,0,0,0,0,0,0
130,5,586.12,154.92,68.628,137.26,4,1,0,0,0,0,0,0,0,0,0,0,0,0,0,0,0,0,0,0
131,1,157.35,147.45,104.46,208.92,4,1,1,2,-4.2021,1.4779,0.67621,1.3524,4,1,209.58,356.37,104.46,208.92,209.58,-85.884,209.58,356.37,356.37,504.1
131,2,338.42,164,67.547,135.09,3,1,2,2,-2.9392,0.83451,0.3016,0.60321,3,1,372.19,299.1,67.547,135.09,372.19,237.1,507.29,299.1,366.64,366.64
131,4,393.78,146.21,101.57,203.14,5,1,3,2,-4.0994,1.0982,0.47499,0.94997,3,1,444.57,349.35,101.57,203.14,444.57,241.42,647.71,349.35,450.92,450.92
131,5,583.73,154.73,68.803,137.61,4,1,4,0,-2.1879,0.55018,0.17167,0.34334,4,1,618.13,292.34,68.803,137.61,618.13,423.53,618.13,292.34,292.34,389.64
132,1,152.04,148.96,105.23,210.45,4,1,0,0,0,0,0,0,0,0,0,0,0,0,0,0,0,0,0,0
132,2,334.75,165.63,67.863,135.73,3,1,0,0,0,0,0,0,0,0,0,0,0,0,0,0,0,0,0,0
132,4,388.74,147.76,102.05,204.11,5,1,0,0,0,0,0,0,0,0,0,0,0,0,0,0,0,0,0,0
132,5,580.79,156.34,68.945,137.89,4,1,0,0,0,0,0,0,0,0,0,0,0,0,0,0,0,0,0,0
133,1,147.08,149.67,105.98,211.96,4,1,0,0,0,0,0,0,0,0,0,0,0,0,0,0,0,0,0,0
133,2,331.41,166.46,68.181,136.36,3,1,0,0,0,0,0,0,0,0,0,0,0,0,0,0,0,0,0,0
133,4,384.01,148.5,102.55,205.11,5,1,0,0,0,0,0,0,0,0,0,0,0,0,0,0,0,0,0,0
133,5,578.26,157.15,69.111,138.22,4,1,0,0,0,0,0,0,0,0,0,0,0,0,0,0,0,0,0,0
134,1,142.36,147.82,106.73,213.46,4,1,0,0,0,0,0,0,0,0,0,0,0,0,0,0,0,0,0,0
134,2,328.3,164.73,68.503,137.01,3,1,0,0,0,0,0,0,0,0,0,0,0,0,0,0,0,0,0,0
134,4,379.49,146.67,103.07,206.13,5,1,0,0,0,0,0,0,0,0,0,0,0,0,0,0,0,0,0,0
134,5,576.02,155.39,69.297,138.59,4,1,0,0,0,0,0,0,0,0,0,0,0,0,0,0,0,0,0,0
135,1,138.46,147.73,107.43,214.86,4,1,0,0,0,0,0,0,0,0,0,0,0,0,0,0,0,0,0,0
135,2,325.92,164.75,68.825,137.65,3,1,0,0,0,0,0,0,0,0,0,0,0,0,0,0,0,0,0,0
135,4,375.67,146.61,103.6,207.2,5,1,0,0,0,0,0,0,0,0,0,0,0,0,0,0,0,0,0,0
135,5,574.67,155.38,69.533,139.07,4,1,0,0,0,0,0,0,0,0,0,0,0,0,0,0,0,0,0,0
136,1,133.67,149.39,108.21,216.42,4,1,0,0,0,0,0,0,0,0,0,0,0,0,0,0,0,0,0,0
136,2,322.81,166.53,69.158,138.32,3,1,0,0,0,0,0,0,0,0,0,0,0,0,0,0,0,0,0,0
136,4,371.1,148.29,104.13,208.26,5,1,0,0,0,0,0,0,0,0,0,0,0,0,0,0,0,0,0,0
136,5,572.46,157.13,69.729,139.46,4,1,0,0,0,0,0,0,0,0,0,0,0,0,0,0,0,0,0,0
137,1,130.78,149.99,108.87,217.73,4,1,0,0,0,0,0,0,0,0,0,0,0,0,0,0,0,0,0,0
137,2,321.34,167.24,69.487,138.97,3,1,0,0,0,0,0,0,0,0,0,0,0,0,0,0,0,0,0,0
137,4,368.15,148.9,104.7,209.4,5,1,0,0,0,0,0,0,0,0,0,0,0,0,0,0,0,0,0,0
137,5,572.24,157.79,70.037,140.07,4,1,0,0,0,0,0,0,0,0,0,0,0,0,0,0,0,0,0,0
138,1,126.66,148.78,109.6,219.2,4,1,0,0,0,0,0,0,0,0,0,0,0,0,0,0,0,0,0,0
138,2,318.81,166.14,69.814,139.63,3,1,0,0,0,0,0,0,0,0,0,0,0,0,0,0,0,0,0,0
138,4,364.1,147.71,105.24,210.48,5,1,0,0,0,0,0,0,0,0,0,0,0,0,0,0,0,0,0,0
138,5,570.71,156.67,70.268,140.54,4,1,0,0,0,0,0,0,0,0,0,0,0,0,0,0,0,0,0,0
139,1,122.66,147.3,110.35,220.69,4,1,0,0,0,0,0,0,0,0,0,0,0,0,0,0,0,0,0,0
139,2,316.42,164.78,70.149,140.3,3,1,0,0,0,0,0,0,0,0,0,0,0,0,0,0,0,0,0,0
139,4,360.16,146.25,105.8,211.59,5,1,0,0,0,0,0,0,0,0,0,0,0,0,0,0,0,0,0,0
139,5,569.38,155.27,70.518,141.04,4,1,0,0,0,0,0,0,0,0,0,0,0,0,0,0,0,0,0,0
140,1,119.24,145.46,111.05,222.1,4,1,0,0,0,0,0,0,0,0,0,0,0,0,0,0,0,0,0,0
140,2,314.52,163.04,70.479,140.96,3,1,0,0,0,0,0,0,0,0,0,0,0,0,0,0,0,0,0,0
140,4,356.69,144.42,106.36,212.71,5,1,0,0,0,0,0,0,0,0,0,0,0,0,0,0,0,0,0,0
140,5,568.62,153.49,70.799,141.6,4,1,0,0,0,0,0,0,0,0,0,0,0,0,0,0,0,0,0,0
141,1,114.65,143.5,111.84,223.68,4,1,1,2,-3.6851,0.98837,0.72885,1.4577,4,1,170.57,367.18,111.84,223.68,170.57,-145.76,170.57,367.18,367.18,525.35
141,2,311.64,161.21,70.814,141.63,3,1,2,2,-2.3109,0.30135,0.32829,0.65658,3,1,347.05,302.84,70.814,141.63,347.05,205.42,488.68,302.84,373.65,373.65
141,4,352.21,142.49,106.9,213.8,4,1,3,2,-3.6945,0.63369,0.54175,1.0835,5,1,405.66,356.29,106.9,213.8,405.66,191.86,191.86,356.29,249.39,463.19
141,5,566.68,151.63,71.015,142.03,4,1,4,2,-1.3346,0.085402,0.23675,0.47349,4,1,602.19,293.66,71.015,142.03,602.19,401.33,602.19,293.66,293.66,394.09
141,6,33.353,171.88,165.92,331.83,1,1,5,0,0,0,0,0,0,0,0,0,0,0,0,0,0,0,0,0
142,1,110.62,142.09,112.6,225.2,4,1,0,0,0,0,0,0,0,0,0,0,0,0,0,0,0,0,0,0
142,2,309.26,159.91,71.148,142.3,3,1,0,0,0,0,0,0,0,0,0,0,0,0,0,0,0,0,0,0
142,4,348.21,141.1,107.46,214.92,4,1,0,0,0,0,0,0,0,0,0,0,0,0,0,0,0,0,0,0
142,5,565.34,150.3,71.266,142.53,4,1,0,0,0,0,0,0,0,0,0,0,0,0,0,0,0,0,0,0
142,6,44.973,170.48,164.42,328.83,1,1,0,0,0,0,0,0,0,0,0,0,0,0,0,0,0,0,0,0
143,1,105.48,140.81,113.45,226.9,4,1,0,0,0,0,0,0,0,0,0,0,0,0,0,0,0,0,0,0
143,2,305.97,158.77,71.49,142.98,3,1,0,0,0,0,0,0,0,0,0,0,0,0,0,0,0,0,0,0
143,4,343.27,139.86,108.01,216.01,4,1,0,0,0,0,0,0,0,0,0,0,0,0,0,0,0,0,0,0
143,5,562.93,149.13,71.46,142.92,4,1,0,0,0,0,0,0,0,0,0,0,0,0,0,0,0,0,0,0
143,6,55.241,169.24,163.09,326.17,1,1,0,0,0,0,0,0,0,0,0,0,0,0,0,0,0,0,0,0
144,1,99.353,138.88,114.39,228.77,4,1,0,0,0,0,0,0,0,0,0,0,0,0,0,0,0,0,0,0
144,2,301.89,156.98,71.837,143.67,3,1,0,0,0,0,0,0,0,0,0,0,0,0,0,0,0,0,0,0
144,4,337.51,137.97,108.54,217.09,4,1,0,0,0,0,0,0,0,0,0,0,0,0,0,0,0,0,0,0
144,5,559.56,147.32,71.598,143.2,4,1,0,0,0,0,0,0,0,0,0,0,0,0,0,0,0,0,0,0
144,6,64.377,167.37,161.87,323.75,1,1,0,0,0,0,0,0,0,0,0,0,0,0,0,0,0,0,0,0
145,1,92.69,138.06,115.38,230.76,4,1,0,0,0,0,0,0,0,0,0,0,0,0,0,0,0,0,0,0
145,2,297.41,156.32,72.196,144.39,3,1,0,0,0,0,0,0,0,0,0,0,0,0,0,0,0,0,0,0
145,4,331.35,137.21,109.09,218.19,4,1,0,0,0,0,0,0,0,0,0,0,0,0,0,0,0,0,0,0
145,5,555.77,146.64,71.72,143.44,4,1,0,0,0,0,0,0,0,0,0,0,0,0,0,0,0,0,0,0
145,6,72.911,166.62,160.73,321.46,1,1,0,0,0,0,0,0,0,0,0,0,0,0,0,0,0,0,0,0
146,1,86.491,136.56,116.35,232.71,4,1,0,0,0,0,0,0,0,0,0,0,0,0,0,0,0,0,0,0
146,2,293.36,154.97,72.555,145.11,3,1,0,0,0,0,0,0,0,0,0,0,0,0,0,0,0,0,0,0
146,4,325.58,135.77,109.65,219.31,4,1,0,0,0,0,0,0,0,0,0,0,0,0,0,0,0,0,0,0
146,5,552.49,145.27,71.872,143.74,4,1,0,0,0,0,0,0,0,0,0,0,0,0,0,0,0,0,0,0
146,6,81.869,165.18,159.52,319.05,1,1,0,0,0,0,0,0,0,0,0,0,0,0,0,0,0,0,0,0
147,1,82.436,137.46,117.16,234.32,4,1,0,0,0,0,0,0,0,0,0,0,0,0,0,0,0,0,0,0
147,2,291.08,156,72.9,145.8,3,1,0,0,0,0,0,0,0,0,0,0,0,0,0,0,0,0,0,0
147,4,321.54,136.69,110.24,220.48,4,1,0,0,0,0,0,0,0,0,0,0,0,0,0,0,0,0,0,0
147,5,551.29,146.26,72.144,144.29,4,1,0,0,0,0,0,0,0,0,0,0,0,0,0,0,0,0,0,0
147,6,92.836,166.11,158.11,316.23,1,1,0,0,0,0,0,0,0,0,0,0,0,0,0,0,0,0,0,0
148,1,78.228,136.75,117.98,235.97,4,1,0,0,0,0,0,0,0,0,0,0,0,0,0,0,0,0,0,0
148,2,288.7,155.42,73.248,146.5,3,1,0,0,0,0,0,0,0,0,0,0,0,0,0,0,0,0,0,0
148,4,317.37,136.01,110.82,221.64,4,1,0,0,0,0,0,0,0,0,0,0,0,0,0,0,0,0,0,0
148,5,549.97,145.64,72.411,144.82,4,1,0,0,0,0,0,0,0,0,0,0,0,0,0,0,0,0,0,0
148,6,103.51,165.44,156.74,313.49,1,1,0,0,0,0,0,0,0,0,0,0,0,0,0,0,0,0,0,0
149,1,72.464,137.39,118.95,237.89,4,1,0,0,0,0,0,0,0,0,0,0,0,0,0,0,0,0,0,0
149,2,285.1,156.21,73.61,147.22,3,1,0,0,0,0,0,0,0,0,0,0,0,0,0,0,0,0,0,0
149,4,311.96,136.7,111.4,222.81,4,1,0,0,0,0,0,0,0,0,0,0,0,0,0,0,0,0,0,0
149,5,547.22,146.41,72.6,145.2,4,1,0,0,0,0,0,0,0,0,0,0,0,0,0,0,0,0,0,0
149,6,112.6,166.14,155.53,311.06,1,1,0,0,0,0,0,0,0,0,0,0,0,0,0,0,0,0,0,0
150,1,68.236,137.8,119.79,239.57,4,1,0,0,0,0,0,0,0,0,0,0,0,0,0,0,0,0,0,0
150,2,282.76,156.75,73.96,147.92,3,1,0,0,0,0,0,0,0,0,0,0,0,0,0,0,0,0,0,0
150,4,307.77,137.14,112,223.99,4,1,0,0,0,0,0,0,0,0,0,0,0,0,0,0,0,0,0,0
150,5,545.94,146.91,72.875,145.75,4,1,0,0,0,0,0,0,0,0,0,0,0,0,0,0,0,0,0,0
150,6,123.01,166.58,154.2,308.41,1,1,0,0,0,0,0,0,0,0,0,0,0,0,0,0,0,0,0,0
151,1,61.501,138.36,120.86,241.73,4,1,1,2,-4.907,1.4258,0.90984,1.8197,4,1,121.93,380.09,120.86,241.73,121.93,-219.92,121.93,380.09,380.09,551.02
151,2,278.47,157.48,74.341,148.68,3,1,2,2,-3.1687,0.4557,0.35387,0.70775,3,1,315.64,306.16,74.341,148.68,315.64,166.96,464.32,306.16,380.5,380.5
151,4,301.64,137.76,112.6,225.19,5,1,3,2,-4.8131,0.79059,0.57122,1.1424,4,1,357.94,362.96,112.6,225.19,357.94,39.464,357.94,362.96,362.96,522.19
151,5,542.43,147.62,73.032,146.06,4,1,4,2,-2.3572,0.12128,0.20098,0.40196,4,1,578.94,293.68,73.032,146.06,578.94,372.38,578.94,293.68,293.68,396.96
151,6,131.07,167.23,153.09,306.18,1,1,5,0,9.0212,-2.8785,-1.268,-2.5359,1,1,207.61,473.42,153.09,306.18,207.61,513.8,513.8,473.42,626.51,320.33
152,1,58.151,139.14,121.63,243.27,4,1,0,0,0,0,0,0,0,0,0,0,0,0,0,0,0,0,0,0
152,2,276.87,158.38,74.682,149.36,3,1,0,0,0,0,0,0,0,0,0,0,0,0,0,0,0,0,0,0
152,4,298.13,138.56,113.19,226.38,5,1,0,0,0,0,0,0,0,0,0,0,0,0,0,0,0,0,0,0
152,5,541.98,148.47,73.357,146.71,4,1,0,0,0,0,0,0,0,0,0,0,0,0,0,0,0,0,0,0
152,6,142.03,168.04,151.74,303.48,1,1,0,0,0,0,0,0,0,0,0,0,0,0,0,0,0,0,0,0
153,1,54.799,139.06,122.42,244.83,4,1,0,0,0,0,0,0,0,0,0,0,0,0,0,0,0,0,0,0
153,2,275.3,158.42,75.03,150.06,3,1,0,0,0,0,0,0,0,0,0,0,0,0,0,0,0,0,0,0
153,4,294.62,138.5,113.79,227.59,5,1,0,0,0,0,0,0,0,0,0,0,0,0,0,0,0,0,0,0
153,5,541.58,148.47,73.692,147.38,4,1,0,0,0,0,0,0,0,0,0,0,0,0,0,0,0,0,0,0
153,6,152.84,167.99,150.43,300.86,1,1,0,0,0,0,0,0,0,0,0,0,0,0,0,0,0,0,0,0
154,1,50.758,139,123.26,246.52,4,1,0,0,0,0,0,0,0,0,0,0,0,0,0,0,0,0,0,0
154,2,273.2,158.49,75.378,150.76,3,1,0,0,0,0,0,0,0,0,0,0,0,0,0,0,0,0,0,0
154,4,290.55,138.46,114.39,228.78,5,1,0,0,0,0,0,0,0,0,0,0,0,0,0,0,0,0,0,0
154,5,540.54,148.49,73.989,147.98,4,1,0,0,0,0,0,0,0,0,0,0,0,0,0,0,0,0,0,0
154,6,162.92,167.96,149.18,298.37,1,1,0,0,0,0,0,0,0,0,0,0,0,0,0,0,0,0,0,0
155,1,45.625,139.13,124.21,248.42,4,1,0,0,0,0,0,0,0,0,0,0,0,0,0,0,0,0,0,0
155,2,270.28,158.77,75.742,151.48,3,1,0,0,0,0,0,0,0,0,0,0,0,0,0,0,0,0,0,0
155,4,285.66,138.64,114.99,229.99,5,1,0,0,0,0,0,0,0,0,0,0,0,0,0,0,0,0,0,0
155,5,538.59,148.74,74.239,148.48,4,1,0,0,0,0,0,0,0,0,0,0,0,0,0,0,0,0,0,0
155,6,171.99,168.17,148.02,296.05,1,1,0,0,0,0,0,0,0,0,0,0,0,0,0,0,0,0,0,0
156,1,39.89,140,125.23,250.47,4,1,0,0,0,0,0,0,0,0,0,0,0,0,0,0,0,0,0,0
156,2,266.95,159.8,76.118,152.24,3,1,0,0,0,0,0,0,0,0,0,0,0,0,0,0,0,0,0,0
156,4,280.33,139.56,115.61,231.23,5,1,0,0,0,0,0,0,0,0,0,0,0,0,0,0,0,0,0,0
156,5,536.17,149.74,74.469,148.94,4,1,0,0,0,0,0,0,0,0,0,0,0,0,0,0,0,0,0,0
156,6,180.49,169.11,146.92,293.83,1,1,0,0,0,0,0,0,0,0,0,0,0,0,0,0,0,0,0,0
157,1,35.597,141.05,126.12,252.25,4,1,0,0,0,0,0,0,0,0,0,0,0,0,0,0,0,0,0,0
157,2,264.76,160.99,76.478,152.96,3,1,0,0,0,0,0,0,0,0,0,0,0,0,0,0,0,0,0,0
157,4,276.1,140.64,116.23,232.45,5,1,0,0,0,0,0,0,0,0,0,0,0,0,0,0,0,0,0,0
157,5,535.04,150.89,74.775,149.55,4,1,0,0,0,0,0,0,0,0,0,0,0,0,0,0,0,0,0,0
157,6,190.09,170.22,145.76,291.52,1,1,0,0,0,0,0,0,0,0,0,0,0,0,0,0,0,0,0,0
158,1,31.896,141.84,126.95,253.9,4,1,0,0,0,0,0,0,0,0,0,0,0,0,0,0,0,0,0,0
158,2,263.03,161.91,76.825,153.65,3,1,0,0,0,0,0,0,0,0,0,0,0,0,0,0,0,0,0,0
158,4,272.31,141.46,116.82,233.65,5,1,0,0,0,0,0,0,0,0,0,0,0,0,0,0,0,0,0,0
158,5,534.41,151.76,75.107,150.21,4,1,0,0,0,0,0,0,0,0,0,0,0,0,0,0,0,0,0,0
158,6,200.04,171.06,144.59,289.18,1,1,0,0,0,0,0,0,0,0,0,0,0,0,0,0,0,0,0,0
159,1,27.125,141.63,127.89,255.78,4,1,0,0,0,0,0,0,0,0,0,0,0,0,0,0,0,0,0,0
159,2,260.53,161.84,77.186,154.37,3,1,0,0,0,0,0,0,0,0,0,0,0,0,0,0,0,0,0,0
159,4,267.71,141.28,117.43,234.87,5,1,0,0,0,0,0,0,0,0,0,0,0,0,0,0,0,0,0,0
159,5,532.9,151.66,75.392,150.78,4,1,0,0,0,0,0,0,0,0,0,0,0,0,0,0,0,0,0,0
159,6,209.06,170.91,143.49,286.98,1,1,0,0,0,0,0,0,0,0,0,0,0,0,0,0,0,0,0,0
160,1,21.7,141.74,128.9,257.81,4,1,0,0,0,0,0,0,0,0,0,0,0,0,0,0,0,0,0,0
160,2,257.57,162.11,77.558,155.12,3,1,0,0,0,0,0,0,0,0,0,0,0,0,0,0,0,0,0,0
160,4,262.64,141.44,118.06,236.11,5,1,0,0,0,0,0,0,0,0,0,0,0,0,0,0,0,0,0,0
160,5,530.88,151.89,75.653,151.31,4,1,0,0,0,0,0,0,0,0,0,0,0,0,0,0,0,0,0,0
160,6,217.51,171.1,142.43,284.86,1,1,0,0,0,0,0,0,0,0,0,0,0,0,0,0,0,0,0,0
161,1,15.89,141.55,129.96,259.93,4,1,1,2,-4.2386,2.2309,0.92517,1.8503,4,1,80.872,401.48,129.96,259.93,80.872,-286.72,80.872,401.48,401.48,585.28
161,4,257.3,141.31,118.69,237.37,4,1,2,2,-4.2391,1.6381,0.60985,1.2197,5,1,316.65,378.68,118.69,237.37,316.65,79.275,79.275,378.68,260,497.37
161,5,528.59,151.83,75.902,151.8,4,1,3,0,-1.358,1.0503,0.28216,0.56432,4,1,566.54,303.63,75.902,151.8,566.54,351.86,566.54,303.63,303.63,410.98
161,6,225.61,171.01,141.39,282.78,8,1,4,0,8.6963,-1.849,-1.1458,-2.2916,1,1,296.31,453.79,141.39,282.78,296.31,579.09,579.09,453.79,595.18,312.4
162,1,11.652,139.51,130.86,261.73,4,1,0,0,0,0,0,0,0,0,0,0,0,0,0,0,0,0,0,0
162,4,253.13,139.3,119.29,238.59,4,1,0,0,0,0,0,0,0,0,0,0,0,0,0,0,0,0,0,0
162,5,527.63,149.89,76.227,152.45,4,1,0,0,0,0,0,0,0,0,0,0,0,0,0,0,0,0,0,0
162,6,234.83,169.03,140.33,280.67,8,1,0,0,0,0,0,0,0,0,0,0,0,0,0,0,0,0,0,0
163,1,6.7267,137.61,131.85,263.69,4,1,0,0,0,0,0,0,0,0,0,0,0,0,0,0,0,0,0,0
163,4,248.48,137.45,119.92,239.85,4,1,0,0,0,0,0,0,0,0,0,0,0,0,0,0,0,0,0,0
163,5,526.18,148.1,76.534,153.07,4,1,0,0,0,0,0,0,0,0,0,0,0,0,0,0,0,0,0,0
163,6,243.47,167.21,139.32,278.64,8,1,0,0,0,0,0,0,0,0,0,0,0,0,0,0,0,0,0,0
164,1,-0.066944,136.03,133.03,266.07,4,1,0,0,0,0,0,0,0,0,0,0,0,0,0,0,0,0,0,0
164,4,242.48,135.94,120.58,241.16,4,1,0,0,0,0,0,0,0,0,0,0,0,0,0,0,0,0,0,0
164,5,523.25,146.67,76.756,153.51,4,1,0,0,0,0,0,0,0,0,0,0,0,0,0,0,0,0,0,0
164,6,250.72,165.74,138.35,276.69,8,1,0,0,0,0,0,0,0,0,0,0,0,0,0,0,0,0,0,0
165,1,-7.7082,134.87,134.32,268.65,4,1,0,0,0,0,0,0,0,0,0,0,0,0,0,0,0,0,0,0
165,4,235.9,134.86,121.26,242.51,4,1,0,0,0,0,0,0,0,0,0,0,0,0,0,0,0,0,0,0
165,5,519.71,145.68,76.946,153.89,4,1,0,0,0,0,0,0,0,0,0,0,0,0,0,0,0,0,0,0
165,6,257.34,164.71,137.39,274.77,8,1,0,0,0,0,0,0,0,0,0,0,0,0,0,0,0,0,0,0
166,1,-13.988,134.16,135.47,270.94,4,1,0,0,0,0,0,0,0,0,0,0,0,0,0,0,0,0,0,0
166,4,230.34,134.21,121.91,243.82,4,1,0,0,0,0,0,0,0,0,0,0,0,0,0,0,0,0,0,0
166,5,517.33,145.11,77.205,154.41,4,1,0,0,0,0,0,0,0,0,0,0,0,0,0,0,0,0,0,0
166,6,264.91,164.11,136.42,272.84,8,1,0,0,0,0,0,0,0,0,0,0,0,0,0,0,0,0,0,0
167,1,-19.536,133.84,136.55,273.09,4,1,0,0,0,0,0,0,0,0,0,0,0,0,0,0,0,0,0,0
167,4,225.31,133.95,122.55,245.11,4,1,0,0,0,0,0,0,0,0,0,0,0,0,0,0,0,0,0,0
167,5,515.57,144.92,77.501,155,4,1,0,0,0,0,0,0,0,0,0,0,0,0,0,0,0,0,0,0
167,6,272.96,163.89,135.46,270.93,8,1,0,0,0,0,0,0,0,0,0,0,0,0,0,0,0,0,0,0
168,1,-26.751,132.71,137.82,275.64,4,1,0,0,0,0,0,0,0,0,0,0,0,0,0,0,0,0,0,0
168,4,219.14,132.89,123.24,246.49,4,1,0,0,0,0,0,0,0,0,0,0,0,0,0,0,0,0,0,0
168,5,512.61,143.95,77.737,155.47,4,1,0,0,0,0,0,0,0,0,0,0,0,0,0,0,0,0,0,0
168,6,279.84,162.89,134.53,269.06,8,1,0,0,0,0,0,0,0,0,0,0,0,0,0,0,0,0,0,0
169,1,-36.194,130.68,139.36,278.73,4,1,0,0,0,0,0,0,0,0,0,0,0,0,0,0,0,0,0,0
169,4,211.45,130.97,123.99,247.98,4,1,0,0,0,0,0,0,0,0,0,0,0,0,0,0,0,0,0,0
169,5,508.06,142.13,77.884,155.77,4,1,0,0,0,0,0,0,0,0,0,0,0,0,0,0,0,0,0,0
169,6,285.23,161.02,133.6,267.2,8,1,0,0,0,0,0,0,0,0,0,0,0,0,0,0,0,0,0,0
170,1,-41.864,129.87,140.47,280.93,4,1,0,0,0,0,0,0,0,0,0,0,0,0,0,0,0,0,0,0
170,4,206.42,130.23,124.63,249.27,4,1,0,0,0,0,0,0,0,0,0,0,0,0,0,0,0,0,0,0
170,5,506.38,141.46,78.188,156.38,4,1,0,0,0,0,0,0,0,0,0,0,0,0,0,0,0,0,0,0
170,6,293.11,160.33,132.67,265.34,8,1,0,0,0,0,0,0,0,0,0,0,0,0,0,0,0,0,0,0
171,4,202.18,130.37,125.25,250.5,5,1,1,0,-5.505,0.35452,0.66816,1.3363,4,1,264.8,380.87,125.25,250.5,264.8,-89.46,264.8,380.87,380.87,558
171,5,505.56,141.66,78.544,157.09,4,1,2,0,-2.5205,-0.40621,0.24693,0.49387,4,1,544.83,298.75,78.544,157.09,544.83,322.67,544.83,298.75,298.75,409.83
171,6,301.69,160.51,131.77,263.54,8,1,3,0,6.7814,-2.8361,-0.95082,-1.9016,8,1,367.58,424.04,131.77,263.54,367.58,740.27,367.58,424.04,424.04,237.69
172,4,199.46,131.02,125.79,251.58,5,1,0,0,0,0,0,0,0,0,0,0,0,0,0,0,0,0,0,0
172,5,506.33,142.35,78.987,157.97,4,1,0,0,0,0,0,0,0,0,0,0,0,0,0,0,0,0,0,0
172,6,311.63,161.19,130.9,261.8,8,1,0,0,0,0,0,0,0,0,0,0,0,0,0,0,0,0,0,0
173,4,195.49,130.78,126.38,252.76,5,1,0,0,0,0,0,0,0,0,0,0,0,0,0,0,0,0,0,0
173,5,505.81,142.16,79.363,158.73,4,1,0,0,0,0,0,0,0,0,0,0,0,0,0,0,0,0,0,0
173,6,320.34,160.99,130.05,260.1,8,1,0,0,0,0,0,0,0,0,0,0,0,0,0,0,0,0,0,0
174,4,189.98,131.16,127.04,254.08,5,1,0,0,0,0,0,0,0,0,0,0,0,0,0,0,0,0,0,0
174,5,503.7,142.62,79.654,159.31,4,1,0,0,0,0,0,0,0,0,0,0,0,0,0,0,0,0,0,0
174,6,327.55,161.42,129.2,258.39,8,1,0,0,0,0,0,0,0,0,0,0,0,0,0,0,0,0,0,0
175,4,182.28,130.84,127.83,255.66,5,1,0,0,0,0,0,0,0,0,0,0,0,0,0,0,0,0,0,0
175,5,499.4,142.41,79.836,159.67,4,1,0,0,0,0,0,0,0,0,0,0,0,0,0,0,0,0,0,0
175,6,332.72,161.18,128.33,256.65,8,1,0,0,0,0,0,0,0,0,0,0,0,0,0,0,0,0,0,0
176,4,177.1,130.01,128.48,256.95,5,1,0,0,0,0,0,0,0,0,0,0,0,0,0,0,0,0,0,0
176,5,497.69,141.65,80.154,160.31,4,1,0,0,0,0,0,0,0,0,0,0,0,0,0,0,0,0,0,0
176,6,340.16,160.4,127.5,255,8,1,0,0,0,0,0,0,0,0,0,0,0,0,0,0,0,0,0,0
177,4,172.03,129.26,129.13,258.26,5,1,0,0,0,0,0,0,0,0,0,0,0,0,0,0,0,0,0,0
177,5,496.15,140.96,80.491,160.98,4,1,0,0,0,0,0,0,0,0,0,0,0,0,0,0,0,0,0,0
177,6,347.69,159.71,126.71,253.42,8,1,0,0,0,0,0,0,0,0,0,0,0,0,0,0,0,0,0,0
178,4,166.56,130.69,129.8,259.59,5,1,0,0,0,0,0,0,0,0,0,0,0,0,0,0,0,0,0,0
178,5,494.22,142.47,80.803,161.61,4,1,0,0,0,0,0,0,0,0,0,0,0,0,0,0,0,0,0,0
178,6,354.8,161.19,125.91,251.83,8,1,0,0,0,0,0,0,0,0,0,0,0,0,0,0,0,0,0,0
179,4,162.02,130.99,130.41,260.82,5,1,0,0,0,0,0,0,0,0,0,0,0,0,0,0,0,0,0,0
179,5,493.25,142.83,81.171,162.34,4,1,0,0,0,0,0,0,0,0,0,0,0,0,0,0,0,0,0,0
179,6,362.74,161.55,125.17,250.33,8,1,0,0,0,0,0,0,0,0,0,0,0,0,0,0,0,0,0,0
180,4,153.46,129.83,131.28,262.56,5,1,0,0,0,0,0,0,0,0,0,0,0,0,0,0,0,0,0,0
180,5,488.34,141.8,81.337,162.67,4,1,0,0,0,0,0,0,0,0,0,0,0,0,0,0,0,0,0,0
180,6,367.01,160.48,124.31,248.62,8,1,0,0,0,0,0,0,0,0,0,0,0,0,0,0,0,0,0,0
181,3,216.49,150.8,72.072,144.14,5,1,1,2,0,0,0,0,0,0,0,0,0,0,0,0,0,0,0,0
181,4,145.47,130.15,132.13,264.25,4,1,2,2,-5.5444,1.2898,0.69508,1.3902,5,1,211.53,394.4,132.13,264.25,211.53,-52.72,-52.72,394.4,262.27,526.52
181,5,484.09,142.23,81.54,163.08,4,1,3,0,-2.2302,0.55785,0.28856,0.57712,4,1,524.86,305.31,81.54,163.08,524.86,294.23,524.86,305.31,305.31,420.62
181,6,371.79,160.88,123.47,246.94,8,1,4,0,6.3651,-1.6783,-0.81944,-1.6389,8,1,433.53,407.82,123.47,246.94,433.53,782.76,433.53,407.82,407.82,233.21
182,3,212.88,150.96,72.426,144.85,5,1,0,0,0,0,0,0,0,0,0,0,0,0,0,0,0,0,0,0
182,4,138.18,130.19,132.93,265.86,4,1,0,0,0,0,0,0,0,0,0,0,0,0,0,0,0,0,0,0
182,5,480.58,142.37,81.784,163.57,4,1,0,0,0,0,0,0,0,0,0,0,0,0,0,0,0,0,0,0
182,6,377.2,161,122.66,245.33,8,1,0,0,0,0,0,0,0,0,0,0,0,0,0,0,0,0,0,0
183,3,211.28,151.21,72.714,145.43,5,1,0,0,0,0,0,0,0,0,0,0,0,0,0,0,0,0,0,0
183,4,133.01,130.33,133.58,267.15,4,1,0,0,0,0,0,0,0,0,0,0,0,0,0,0,0,0,0,0
183,5,479.09,142.59,82.124,164.25,4,1,0,0,0,0,0,0,0,0,0,0,0,0,0,0,0,0,0,0
183,6,384.43,161.2,121.93,243.86,8,1,0,0,0,0,0,0,0,0,0,0,0,0,0,0,0,0,0,0
184,3,207.63,149.67,73.069,146.14,5,1,0,0,0,0,0,0,0,0,0,0,0,0,0,0,0,0,0,0
184,4,125.58,128.66,134.4,268.8,4,1,0,0,0,0,0,0,0,0,0,0,0,0,0,0,0,0,0,0
184,5,475.53,141.02,82.368,164.74,4,1,0,0,0,0,0,0,0,0,0,0,0,0,0,0,0,0,0,0
184,6,389.68,159.61,121.13,242.26,8,1,0,0,0,0,0,0,0,0,0,0,0,0,0,0,0,0,0,0
185,3,204.36,149.32,73.416,146.83,5,1,0,0,0,0,0,0,0,0,0,0,0,0,0,0,0,0,0,0
185,4,118.49,128.18,135.2,270.4,4,1,0,0,0,0,0,0,0,0,0,0,0,0,0,0,0,0,0,0
185,5,472.36,140.64,82.635,165.27,4,1,0,0,0,0,0,0,0,0,0,0,0,0,0,0,0,0,0,0
185,6,395.21,159.21,120.35,240.7,8,1,0,0,0,0,0,0,0,0,0,0,0,0,0,0,0,0,0,0
186,3,200.02,148.76,73.806,147.61,5,1,0,0,0,0,0,0,0,0,0,0,0,0,0,0,0,0,0,0
186,4,110.17,127.48,136.12,272.24,4,1,0,0,0,0,0,0,0,0,0,0,0,0,0,0,0,0,0,0
186,5,468.17,140.07,82.862,165.72,4,1,0,0,0,0,0,0,0,0,0,0,0,0,0,0,0,0,0,0
186,6,399.7,158.61,119.54,239.09,8,1,0,0,0,0,0,0,0,0,0,0,0,0,0,0,0,0,0,0
187,3,197.35,148.12,74.141,148.28,5,1,0,0,0,0,0,0,0,0,0,0,0,0,0,0,0,0,0,0
187,4,103.61,126.71,136.89,273.78,4,1,0,0,0,0,0,0,0,0,0,0,0,0,0,0,0,0,0,0
187,5,465.62,139.39,83.167,166.33,4,1,0,0,0,0,0,0,0,0,0,0,0,0,0,0,0,0,0,0
187,6,405.7,157.93,118.81,237.63,8,1,0,0,0,0,0,0,0,0,0,0,0,0,0,0,0,0,0,0
188,3,194.73,148.37,74.473,148.95,5,1,0,0,0,0,0,0,0,0,0,0,0,0,0,0,0,0,0,0
188,4,97.054,126.84,137.66,275.33,4,1,0,0,0,0,0,0,0,0,0,0,0,0,0,0,0,0,0,0
188,5,463.1,139.61,83.474,166.95,4,1,0,0,0,0,0,0,0,0,0,0,0,0,0,0,0,0,0,0
188,6,411.68,158.14,118.09,236.19,8,1,0,0,0,0,0,0,0,0,0,0,0,0,0,0,0,0,0,0
189,3,190.56,148.19,74.863,149.73,5,1,0,0,0,0,0,0,0,0,0,0,0,0,0,0,0,0,0,0
189,4,88.696,126.51,138.6,277.2,4,1,0,0,0,0,0,0,0,0,0,0,0,0,0,0,0,0,0,0
189,5,459.08,139.41,83.715,167.43,4,1,0,0,0,0,0,0,0,0,0,0,0,0,0,0,0,0,0,0
189,6,416.14,157.91,117.3,234.61,8,1,0,0,0,0,0,0,0,0,0,0,0,0,0,0,0,0,0,0
190,3,185.32,148.39,75.299,150.6,5,1,0,0,0,0,0,0,0,0,0,0,0,0,0,0,0,0,0,0
190,4,79.049,126.54,139.68,279.35,4,1,0,0,0,0,0,0,0,0,0,0,0,0,0,0,0,0,0,0
190,5,454.05,139.6,83.918,167.84,4,1,0,0,0,0,0,0,0,0,0,0,0,0,0,0,0,0,0,0
190,6,419.55,158.07,116.47,232.94,8,1,0,0,0,0,0,0,0,0,0,0,0,0,0,0,0,0,0,0
191,2,147.39,150.59,90.681,181.36,4,1,1,2,0,0,0,0,0,0,0,0,0,0,0,0,0,0,0,0
191,3,182.3,147.99,75.653,151.31,4,1,1,2,-3.2975,0.37459,0.36125,0.7225,5,1,220.12,299.29,75.653,151.31,220.12,68.817,68.817,299.29,223.64,374.94
191,4,71.813,126,140.52,281.05,4,1,2,2,-7.0315,1.2164,0.84971,1.6994,4,1,142.08,407.05,140.52,281.05,142.08,-255.39,142.08,407.05,407.05,605.78
191,5,451.16,139.16,84.217,168.43,4,1,3,0,-3.2158,0.16034,0.26674,0.53349,4,1,493.27,307.59,84.217,168.43,493.27,255.07,493.27,307.59,307.59,426.7
191,6,424.98,157.62,115.75,231.5,8,1,4,0,4.8482,-1.933,-0.77016,-1.5403,8,1,482.85,389.11,115.75,231.5,482.85,810.23,482.85,389.11,389.11,225.42
192,2,143.3,150.8,91.17,182.34,4,1,0,0,0,0,0,0,0,0,0,0,0,0,0,0,0,0,0,0
192,3,179.25,148.18,76.013,152.03,4,1,0,0,0,0,0,0,0,0,0,0,0,0,0,0,0,0,0,0
192,4,64.474,126.06,141.39,282.78,4,1,0,0,0,0,0,0,0,0,0,0,0,0,0,0,0,0,0,0
192,5,448.26,139.33,84.521,169.04,4,1,0,0,0,0,0,0,0,0,0,0,0,0,0,0,0,0,0,0
192,6,430.34,157.77,115.04,230.08,8,1,0,0,0,0,0,0,0,0,0,0,0,0,0,0,0,0,0,0
193,2,137.34,150.91,91.771,183.54,4,1,0,0,0,0,0,0,0,0,0,0,0,0,0,0,0,0,0,0
193,3,174.44,148.28,76.452,152.9,4,1,0,0,0,0,0,0,0,0,0,0,0,0,0,0,0,0,0,0
193,4,55.013,125.98,142.49,284.98,4,1,0,0,0,0,0,0,0,0,0,0,0,0,0,0,0,0,0,0
193,5,443.71,139.4,84.765,169.53,4,1,0,0,0,0,0,0,0,0,0,0,0,0,0,0,0,0,0,0
193,6,434.01,157.83,114.25,228.5,8,1,0,0,0,0,0,0,0,0,0,0,0,0,0,0,0,0,0,0
194,2,132.2,149.91,92.323,184.65,4,1,0,0,0,0,0,0,0,0,0,0,0,0,0,0,0,0,0,0
194,3,170.43,147.26,76.854,153.71,4,1,0,0,0,0,0,0,0,0,0,0,0,0,0,0,0,0,0,0
194,4,46.388,124.81,143.5,286.99,4,1,0,0,0,0,0,0,0,0,0,0,0,0,0,0,0,0,0,0
194,5,439.91,138.36,85.034,170.07,4,1,0,0,0,0,0,0,0,0,0,0,0,0,0,0,0,0,0,0
194,6,438.35,156.77,113.5,226.99,8,1,0,0,0,0,0,0,0,0,0,0,0,0,0,0,0,0,0,0
195,2,127.71,149.16,92.846,185.69,4,1,0,0,0,0,0,0,0,0,0,0,0,0,0,0,0,0,0,0
195,3,167.07,146.5,77.235,154.47,4,1,0,0,0,0,0,0,0,0,0,0,0,0,0,0,0,0,0,0
195,4,38.424,123.89,144.44,288.89,4,1,0,0,0,0,0,0,0,0,0,0,0,0,0,0,0,0,0,0
195,5,436.73,137.57,85.335,170.67,4,1,0,0,0,0,0,0,0,0,0,0,0,0,0,0,0,0,0,0
195,6,443.26,155.96,112.79,225.58,8,1,0,0,0,0,0,0,0,0,0,0,0,0,0,0,0,0,0,0
196,2,124.25,149.89,93.312,186.62,4,1,0,0,0,0,0,0,0,0,0,0,0,0,0,0,0,0,0,0
196,3,164.72,147.22,77.577,155.15,4,1,0,0,0,0,0,0,0,0,0,0,0,0,0,0,0,0,0,0
196,4,31.564,124.48,145.27,290.55,4,1,0,0,0,0,0,0,0,0,0,0,0,0,0,0,0,0,0,0
196,5,434.49,138.26,85.679,171.36,4,1,0,0,0,0,0,0,0,0,0,0,0,0,0,0,0,0,0,0
196,6,449.06,156.65,112.15,224.3,8,1,0,0,0,0,0,0,0,0,0,0,0,0,0,0,0,0,0,0
197,2,119.61,149.85,93.855,187.71,4,1,0,0,0,0,0,0,0,0,0,0,0,0,0,0,0,0,0,0
197,3,161.26,147.17,77.972,155.94,4,1,0,0,0,0,0,0,0,0,0,0,0,0,0,0,0,0,0,0
197,4,23.306,124.27,146.26,292.53,4,1,0,0,0,0,0,0,0,0,0,0,0,0,0,0,0,0,0,0
197,5,431.23,138.18,85.988,171.98,4,1,0,0,0,0,0,0,0,0,0,0,0,0,0,0,0,0,0,0
197,6,453.79,156.56,111.46,222.93,8,1,0,0,0,0,0,0,0,0,0,0,0,0,0,0,0,0,0,0
198,2,115.04,149.3,94.394,188.79,4,1,0,0,0,0,0,0,0,0,0,0,0,0,0,0,0,0,0,0
198,3,157.9,146.61,78.361,156.72,4,1,0,0,0,0,0,0,0,0,0,0,0,0,0,0,0,0,0,0
198,4,15.071,123.55,147.25,294.5,4,1,0,0,0,0,0,0,0,0,0,0,0,0,0,0,0,0,0,0
198,5,428.05,137.58,86.299,172.6,4,1,0,0,0,0,0,0,0,0,0,0,0,0,0,0,0,0,0,0
198,6,458.54,155.96,110.78,221.56,8,1,0,0,0,0,0,0,0,0,0,0,0,0,0,0,0,0,0,0
199,2,110.06,148.23,94.957,189.91,4,1,0,0,0,0,0,0,0,0,0,0,0,0,0,0,0,0,0,0
199,3,154.17,145.52,78.766,157.53,4,1,0,0,0,0,0,0,0,0,0,0,0,0,0,0,0,0,0,0
199,4,6.289,122.3,148.3,296.59,4,1,0,0,0,0,0,0,0,0,0,0,0,0,0,0,0,0,0,0
199,5,424.52,136.47,86.595,173.19,4,1,0,0,0,0,0,0,0,0,0,0,0,0,0,0,0,0,0,0
199,6,462.88,154.83,110.08,220.16,8,1,0,0,0,0,0,0,0,0,0,0,0,0,0,0,0,0,0,0
200,2,105.16,149.71,95.521,191.04,4,1,0,0,0,0,0,0,0,0,0,0,0,0,0,0,0,0,0,0
200,3,150.53,146.98,79.17,158.34,4,1,0,0,0,0,0,0,0,0,0,0,0,0,0,0,0,0,0,0
200,4,-2.4778,123.59,149.34,298.69,4,1,0,0,0,0,0,0,0,0,0,0,0,0,0,0,0,0,0,0
200,5,421.09,137.9,86.898,173.8,4,1,0,0,0,0,0,0,0,0,0,0,0,0,0,0,0,0,0,0
200,6,467.26,156.25,109.39,218.77,8,1,0,0,0,0,0,0,0,0,0,0,0,0,0,0,0,0,0,0
201,2,102.64,149.9,95.934,191.87,4,1,1,2,-4.2472,0.91232,0.53021,1.0604,4,1,150.6,341.77,95.934,191.87,150.6,-120.74,150.6,341.77,341.77,477.44
201,3,149.17,147.16,79.472,158.94,4,1,1,2,-3.1432,0.6075,0.38476,0.76952,4,1,188.9,306.11,79.472,158.94,188.9,-35.877,188.9,306.11,306.11,418.5
201,5,419.69,138.04,87.28,174.56,4,1,3,0,-3.0081,0.42353,0.30768,0.61536,4,1,463.33,312.6,87.28,174.56,463.33,216.47,463.33,312.6,312.6,436.03
201,6,473.74,156.41,108.85,217.71,8,1,4,0,4.4841,-1.5763,-0.68789,-1.3758,8,1,528.17,374.12,108.85,217.71,528.17,836.05,528.17,374.12,374.12,220.17
202,2,96.776,149.09,96.572,193.14,4,1,0,0,0,0,0,0,0,0,0,0,0,0,0,0,0,0,0,0
202,3,144.68,146.34,79.926,159.85,4,1,0,0,0,0,0,0,0,0,0,0,0,0,0,0,0,0,0,0
202,5,415.51,137.19,87.566,175.13,4,1,0,0,0,0,0,0,0,0,0,0,0,0,0,0,0,0,0,0
202,6,477.24,155.54,108.13,216.26,8,1,0,0,0,0,0,0,0,0,0,0,0,0,0,0,0,0,0,0
203,2,91.34,149.68,97.191,194.38,4,1,0,0,0,0,0,0,0,0,0,0,0,0,0,0,0,0,0,0
203,3,140.63,146.91,80.365,160.73,4,1,0,0,0,0,0,0,0,0,0,0,0,0,0,0,0,0,0,0
203,5,411.73,137.73,87.874,175.75,4,1,0,0,0,0,0,0,0,0,0,0,0,0,0,0,0,0,0,0
203,6,481.11,156.08,107.44,214.89,8,1,0,0,0,0,0,0,0,0,0,0,0,0,0,0,0,0,0,0
204,2,86.904,148.89,97.744,195.49,4,1,0,0,0,0,0,0,0,0,0,0,0,0,0,0,0,0,0,0
204,3,137.54,146.11,80.759,161.52,4,1,0,0,0,0,0,0,0,0,0,0,0,0,0,0,0,0,0,0
204,5,408.8,136.9,88.212,176.42,4,1,0,0,0,0,0,0,0,0,0,0,0,0,0,0,0,0,0,0
204,6,485.84,155.24,106.83,213.65,8,1,0,0,0,0,0,0,0,0,0,0,0,0,0,0,0,0,0,0
205,2,81.939,148.41,98.338,196.68,4,1,0,0,0,0,0,0,0,0,0,0,0,0,0,0,0,0,0,0
205,3,133.99,145.61,81.18,162.36,4,1,0,0,0,0,0,0,0,0,0,0,0,0,0,0,0,0,0,0
205,5,405.46,136.37,88.539,177.08,4,1,0,0,0,0,0,0,0,0,0,0,0,0,0,0,0,0,0,0
205,6,490.08,154.71,106.19,212.37,8,1,0,0,0,0,0,0,0,0,0,0,0,0,0,0,0,0,0,0
206,2,77.164,147.88,98.915,197.83,4,1,0,0,0,0,0,0,0,0,0,0,0,0,0,0,0,0,0,0
206,3,130.63,145.07,81.587,163.17,4,1,0,0,0,0,0,0,0,0,0,0,0,0,0,0,0,0,0,0
206,5,402.27,135.79,88.867,177.73,4,1,0,0,0,0,0,0,0,0,0,0,0,0,0,0,0,0,0,0
206,6,494.44,154.13,105.56,211.11,8,1,0,0,0,0,0,0,0,0,0,0,0,0,0,0,0,0,0,0
207,2,72.413,148.33,99.493,198.99,4,1,0,0,0,0,0,0,0,0,0,0,0,0,0,0,0,0,0,0
207,3,127.33,145.5,81.992,163.98,4,1,0,0,0,0,0,0,0,0,0,0,0,0,0,0,0,0,0,0
207,5,399.12,136.2,89.196,178.39,4,1,0,0,0,0,0,0,0,0,0,0,0,0,0,0,0,0,0,0
207,6,498.79,154.53,104.93,209.87,8,1,0,0,0,0,0,0,0,0,0,0,0,0,0,0,0,0,0,0
208,2,69.505,148.17,99.94,199.88,4,1,0,0,0,0,0,0,0,0,0,0,0,0,0,0,0,0,0,0
208,3,125.76,145.33,82.312,164.62,4,1,0,0,0,0,0,0,0,0,0,0,0,0,0,0,0,0,0,0
208,5,397.46,135.98,89.579,179.16,4,1,0,0,0,0,0,0,0,0,0,0,0,0,0,0,0,0,0,0
208,6,504.76,154.33,104.45,208.9,8,1,0,0,0,0,0,0,0,0,0,0,0,0,0,0,0,0,0,0
209,2,65.768,148.02,100.45,200.9,4,1,0,0,0,0,0,0,0,0,0,0,0,0,0,0,0,0,0,0
209,3,123.44,145.16,82.673,165.35,4,1,0,0,0,0,0,0,0,0,0,0,0,0,0,0,0,0,0,0
209,5,395.16,135.78,89.944,179.89,4,1,0,0,0,0,0,0,0,0,0,0,0,0,0,0,0,0,0,0
209,6,510,154.14,103.93,207.85,8,1,0,0,0,0,0,0,0,0,0,0,0,0,0,0,0,0,0,0
210,2,60.028,147.65,101.12,202.24,4,1,0,0,0,0,0,0,0,0,0,0,0,0,0,0,0,0,0,0
210,3,119.32,144.77,83.14,166.28,4,1,0,0,0,0,0,0,0,0,0,0,0,0,0,0,0,0,0,0
210,5,391.32,135.36,90.273,180.55,4,1,0,0,0,0,0,0,0,0,0,0,0,0,0,0,0,0,0,0
210,6,513.5,153.72,103.29,206.57,8,1,0,0,0,0,0,0,0,0,0,0,0,0,0,0,0,0,0,0
211,2,54.316,147.43,101.79,203.59,4,1,1,2,-4.2567,0.92737,0.56614,1.1323,4,1,105.21,351.02,101.79,203.59,105.21,-182.7,105.21,351.02,351.02,494.98
211,3,115.26,144.54,83.604,167.21,4,1,1,2,-2.9064,0.57926,0.39939,0.79878,4,1,157.06,311.75,83.604,167.21,157.06,-79.411,157.06,311.75,311.75,429.99
211,5,387.53,135.1,90.602,181.2,4,1,2,0,-2.7992,0.42837,0.34075,0.68151,4,1,432.83,316.3,90.602,181.2,432.83,176.57,432.83,316.3,316.3,444.43
211,6,517,153.45,102.65,205.3,8,1,3,0,4.269,-1.4488,-0.59861,-1.1972,8,1,568.33,358.75,102.65,205.3,568.33,858.67,568.33,358.75,358.75,213.58
212,2,48.572,145.99,102.48,204.97,4,1,0,0,0,0,0,0,0,0,0,0,0,0,0,0,0,0,0,0
212,3,111.2,143.08,84.081,168.16,4,1,0,0,0,0,0,0,0,0,0,0,0,0,0,0,0,0,0,0
212,5,383.79,133.6,90.947,181.89,4,1,0,0,0,0,0,0,0,0,0,0,0,0,0,0,0,0,0,0
212,6,520.53,151.96,102.04,204.07,8,1,0,0,0,0,0,0,0,0,0,0,0,0,0,0,0,0,0,0
213,2,44.312,145.54,103.04,206.08,4,1,0,0,0,0,0,0,0,0,0,0,0,0,0,0,0,0,0,0
213,3,108.53,142.62,84.468,168.94,4,1,0,0,0,0,0,0,0,0,0,0,0,0,0,0,0,0,0,0
213,5,381.15,133.11,91.307,182.61,4,1,0,0,0,0,0,0,0,0,0,0,0,0,0,0,0,0,0,0
213,6,525.25,151.47,101.51,203.02,8,1,0,0,0,0,0,0,0,0,0,0,0,0,0,0,0,0,0,0
214,2,39.833,145.81,103.62,207.24,4,1,0,0,0,0,0,0,0,0,0,0,0,0,0,0,0,0,0,0
214,3,105.69,142.87,84.869,169.74,4,1,0,0,0,0,0,0,0,0,0,0,0,0,0,0,0,0,0,0
214,5,378.36,133.33,91.666,183.33,4,1,0,0,0,0,0,0,0,0,0,0,0,0,0,0,0,0,0,0
214,6,529.78,151.7,100.98,201.96,8,1,0,0,0,0,0,0,0,0,0,0,0,0,0,0,0,0,0,0
215,2,33.125,146.52,104.4,208.79,4,1,0,0,0,0,0,0,0,0,0,0,0,0,0,0,0,0,0,0
215,3,100.87,143.56,85.397,170.79,4,1,0,0,0,0,0,0,0,0,0,0,0,0,0,0,0,0,0,0
215,5,373.97,133.98,91.998,184,4,1,0,0,0,0,0,0,0,0,0,0,0,0,0,0,0,0,0,0
215,6,532.45,152.35,100.32,200.64,8,1,0,0,0,0,0,0,0,0,0,0,0,0,0,0,0,0,0,0
216,2,26.903,145.59,105.14,210.28,4,1,0,0,0,0,0,0,0,0,0,0,0,0,0,0,0,0,0,0
216,3,96.532,142.62,85.9,171.8,4,1,0,0,0,0,0,0,0,0,0,0,0,0,0,0,0,0,0,0
216,5,369.98,133.01,92.341,184.68,4,1,0,0,0,0,0,0,0,0,0,0,0,0,0,0,0,0,0,0
216,6,535.53,151.38,99.701,199.4,8,1,0,0,0,0,0,0,0,0,0,0,0,0,0,0,0,0,0,0
217,2,18.159,145.27,106.1,212.21,4,1,0,0,0,0,0,0,0,0,0,0,0,0,0,0,0,0,0,0
217,3,89.989,142.27,86.545,173.09,4,1,0,0,0,0,0,0,0,0,0,0,0,0,0,0,0,0,0,0
217,5,364.22,132.63,92.653,185.31,4,1,0,0,0,0,0,0,0,0,0,0,0,0,0,0,0,0,0,0
217,6,536.51,150.99,98.925,197.85,8,1,0,0,0,0,0,0,0,0,0,0,0,0,0,0,0,0,0,0
218,2,11.436,145.55,106.9,213.81,4,1,0,0,0,0,0,0,0,0,0,0,0,0,0,0,0,0,0,0
218,3,85.304,142.54,87.082,174.16,4,1,0,0,0,0,0,0,0,0,0,0,0,0,0,0,0,0,0,0
218,5,359.97,132.87,93.001,186,4,1,0,0,0,0,0,0,0,0,0,0,0,0,0,0,0,0,0,0
218,6,539.21,151.23,98.294,196.59,8,1,0,0,0,0,0,0,0,0,0,0,0,0,0,0,0,0,0,0
219,2,6.0445,146.04,107.59,215.17,4,1,0,0,0,0,0,0,0,0,0,0,0,0,0,0,0,0,0,0
219,3,81.841,143,87.54,175.08,4,1,0,0,0,0,0,0,0,0,0,0,0,0,0,0,0,0,0,0
219,5,356.7,133.3,93.365,186.73,4,1,0,0,0,0,0,0,0,0,0,0,0,0,0,0,0,0,0,0
219,6,543,151.66,97.751,195.5,8,1,0,0,0,0,0,0,0,0,0,0,0,0,0,0,0,0,0,0
220,2,1.7492,146.4,108.18,216.36,4,1,0,0,0,0,0,0,0,0,0,0,0,0,0,0,0,0,0,0
220,3,79.386,143.35,87.943,175.89,4,1,0,0,0,0,0,0,0,0,0,0,0,0,0,0,0,0,0,0
220,5,354.24,133.61,93.755,187.51,4,1,0,0,0,0,0,0,0,0,0,0,0,0,0,0,0,0,0,0
220,6,547.75,151.99,97.304,194.61,8,1,0,0,0,0,0,0,0,0,0,0,0,0,0,0,0,0,0,0
221,3,76.551,142.19,88.367,176.73,4,1,1,2,-3.9235,0.95918,0.49668,0.99337,4,1,120.73,318.93,88.367,176.73,120.73,-129.21,120.73,318.93,318.93,443.9
221,5,351.46,132.42,94.133,188.27,4,1,2,0,-3.6763,0.63183,0.34926,0.69852,4,1,398.52,320.68,94.133,188.27,398.52,132.28,398.52,320.68,320.68,453.8
221,6,552.09,150.81,96.826,193.65,8,1,3,0,2.9046,-1.2682,-0.60195,-1.2039,8,1,600.5,344.46,96.826,193.65,600.5,874.37,600.5,344.46,344.46,207.53
222,3,71.414,142.33,88.952,177.9,4,1,0,0,0,0,0,0,0,0,0,0,0,0,0,0,0,0,0,0
222,5,346.88,132.52,94.489,188.98,4,1,0,0,0,0,0,0,0,0,0,0,0,0,0,0,0,0,0,0
222,6,554.27,150.92,96.189,192.38,8,1,0,0,0,0,0,0,0,0,0,0,0,0,0,0,0,0,0,0
223,3,65.974,142.61,89.568,179.14,4,1,0,0,0,0,0,0,0,0,0,0,0,0,0,0,0,0,0,0
223,5,342.1,132.77,94.854,189.71,4,1,0,0,0,0,0,0,0,0,0,0,0,0,0,0,0,0,0,0
223,6,556.19,151.17,95.545,191.09,8,1,0,0,0,0,0,0,0,0,0,0,0,0,0,0,0,0,0,0
224,3,63.041,141.78,90.007,180.01,4,1,0,0,0,0,0,0,0,0,0,0,0,0,0,0,0,0,0,0
224,5,339.23,131.9,95.234,190.47,4,1,0,0,0,0,0,0,0,0,0,0,0,0,0,0,0,0,0,0
224,6,560.36,150.31,95.077,190.15,8,1,0,0,0,0,0,0,0,0,0,0,0,0,0,0,0,0,0,0
225,3,60.076,142.27,90.451,180.9,4,1,0,0,0,0,0,0,0,0,0,0,0,0,0,0,0,0,0,0
225,5,336.34,132.35,95.614,191.23,4,1,0,0,0,0,0,0,0,0,0,0,0,0,0,0,0,0,0,0
225,6,564.48,150.78,94.615,189.23,8,1,0,0,0,0,0,0,0,0,0,0,0,0,0,0,0,0,0,0
226,3,57.662,143.51,90.855,181.71,4,1,0,0,0,0,0,0,0,0,0,0,0,0,0,0,0,0,0,0
226,5,333.85,133.56,95.996,191.99,4,1,0,0,0,0,0,0,0,0,0,0,0,0,0,0,0,0,0,0
226,6,569.07,152.01,94.198,188.4,8,1,0,0,0,0,0,0,0,0,0,0,0,0,0,0,0,0,0,0
227,3,52.988,143.47,91.424,182.85,4,1,0,0,0,0,0,0,0,0,0,0,0,0,0,0,0,0,0,0
227,5,329.65,133.48,96.363,192.73,4,1,0,0,0,0,0,0,0,0,0,0,0,0,0,0,0,0,0,0
227,6,571.56,151.94,93.62,187.24,8,1,0,0,0,0,0,0,0,0,0,0,0,0,0,0,0,0,0,0
228,3,48.872,143.95,91.964,183.93,4,1,0,0,0,0,0,0,0,0,0,0,0,0,0,0,0,0,0,0
228,5,325.9,133.93,96.747,193.49,4,1,0,0,0,0,0,0,0,0,0,0,0,0,0,0,0,0,0,0
228,6,574.6,152.4,93.101,186.2,8,1,0,0,0,0,0,0,0,0,0,0,0,0,0,0,0,0,0,0
229,3,45.366,144.47,92.461,184.92,4,1,0,0,0,0,0,0,0,0,0,0,0,0,0,0,0,0,0,0
229,5,322.61,134.41,97.133,194.27,4,1,0,0,0,0,0,0,0,0,0,0,0,0,0,0,0,0,0,0
229,6,578.18,152.89,92.633,185.27,8,1,0,0,0,0,0,0,0,0,0,0,0,0,0,0,0,0,0,0
230,3,41.299,146.24,93,186,4,1,0,0,0,0,0,0,0,0,0,0,0,0,0,0,0,0,0,0
230,5,318.89,136.15,97.513,195.03,4,1,0,0,0,0,0,0,0,0,0,0,0,0,0,0,0,0,0,0
230,6,581.21,154.64,92.124,184.25,8,1,0,0,0,0,0,0,0,0,0,0,0,0,0,0,0,0,0,0
231,3,39.468,145.48,93.373,186.75,4,1,1,2,-3.3109,1.4223,0.49212,0.98425,4,1,86.155,332.23,93.373,186.75,86.155,-177.94,86.155,332.23,332.23,464.28
231,5,316.83,135.34,97.901,195.8,4,1,2,0,-3.1529,1.1603,0.37927,0.75853,4,1,365.78,331.14,97.901,195.8,365.78,88.876,365.78,331.14,331.14,469.6
231,6,586.3,153.86,91.79,183.58,8,1,3,0,3.3027,-0.56491,-0.4902,-0.98041,8,1,632.2,337.44,91.79,183.58,632.2,891.82,632.2,337.44,337.44,207.63
232,3,38.002,145.02,93.719,187.44,4,1,0,0,0,0,0,0,0,0,0,0,0,0,0,0,0,0,0,0
232,5,315.03,134.84,98.287,196.57,4,1,0,0,0,0,0,0,0,0,0,0,0,0,0,0,0,0,0,0
232,6,591.73,153.39,91.492,182.98,8,1,0,0,0,0,0,0,0,0,0,0,0,0,0,0,0,0,0,0
233,3,34.567,145.54,94.218,188.44,4,1,0,0,0,0,0,0,0,0,0,0,0,0,0,0,0,0,0,0
233,5,311.78,135.32,98.671,197.34,4,1,0,0,0,0,0,0,0,0,0,0,0,0,0,0,0,0,0,0
233,6,595.34,153.89,91.054,182.11,8,1,0,0,0,0,0,0,0,0,0,0,0,0,0,0,0,0,0,0
234,3,29.956,146.39,94.813,189.63,4,1,0,0,0,0,0,0,0,0,0,0,0,0,0,0,0,0,0,0
234,5,307.69,136.15,99.059,198.12,4,1,0,0,0,0,0,0,0,0,0,0,0,0,0,0,0,0,0,0
234,6,597.87,154.73,90.539,181.08,8,1,0,0,0,0,0,0,0,0,0,0,0,0,0,0,0,0,0,0
235,3,26.965,146.51,95.279,190.56,4,1,0,0,0,0,0,0,0,0,0,0,0,0,0,0,0,0,0,0
235,5,304.76,136.23,99.439,198.88,4,1,0,0,0,0,0,0,0,0,0,0,0,0,0,0,0,0,0,0
235,6,601.85,154.83,90.143,180.29,8,1,0,0,0,0,0,0,0,0,0,0,0,0,0,0,0,0,0,0
236,3,23.183,146.46,95.812,191.62,4,1,0,0,0,0,0,0,0,0,0,0,0,0,0,0,0,0,0,0
236,5,301.27,136.14,99.823,199.65,4,1,0,0,0,0,0,0,0,0,0,0,0,0,0,0,0,0,0,0
236,6,605.12,154.76,89.698,179.4,8,1,0,0,0,0,0,0,0,0,0,0,0,0,0,0,0,0,0,0
237,3,20.139,146.42,96.292,192.58,4,1,0,0,0,0,0,0,0,0,0,0,0,0,0,0,0,0,0,0
237,5,298.33,136.06,100.21,200.42,4,1,0,0,0,0,0,0,0,0,0,0,0,0,0,0,0,0,0,0
237,6,609.11,154.7,89.323,178.65,8,1,0,0,0,0,0,0,0,0,0,0,0,0,0,0,0,0,0,0
238,3,15.525,146.91,96.903,193.81,4,1,0,0,0,0,0,0,0,0,0,0,0,0,0,0,0,0,0,0
238,5,294.28,136.52,100.61,201.21,4,1,0,0,0,0,0,0,0,0,0,0,0,0,0,0,0,0,0,0
238,6,611.66,155.18,88.838,177.68,8,1,0,0,0,0,0,0,0,0,0,0,0,0,0,0,0,0,0,0
239,3,13.358,146.28,97.315,194.63,4,1,0,0,0,0,0,0,0,0,0,0,0,0,0,0,0,0,0,0
239,5,291.97,135.85,100.99,201.98,4,1,0,0,0,0,0,0,0,0,0,0,0,0,0,0,0,0,0,0
239,6,616.47,154.53,88.544,177.09,8,1,0,0,0,0,0,0,0,0,0,0,0,0,0,0,0,0,0,0
240,3,8.5388,145.82,97.946,195.89,4,1,0,0,0,0,0,0,0,0,0,0,0,0,0,0,0,0,0,0
240,5,287.79,135.36,101.38,202.77,4,1,0,0,0,0,0,0,0,0,0,0,0,0,0,0,0,0,0,0
240,6,618.81,154.06,88.052,176.1,8,1,0,0,0,0,0,0,0,0,0,0,0,0,0,0,0,0,0,0
241,5,282.79,134.89,101.79,203.59,4,1,2,0,-3.2668,0.77666,0.38852,0.77704,4,1,333.69,338.47,101.79,203.59,333.69,45.775,333.69,338.47,338.47,482.43
242,5,278.77,134.45,102.19,204.38,4,1,0,0,0,0,0,0,0,0,0,0,0,0,0,0,0,0,0,0
243,5,274.93,133.74,102.59,205.17,4,1,0,0,0,0,0,0,0,0,0,0,0,0,0,0,0,0,0,0
244,5,271.02,132.11,102.99,205.98,4,1,0,0,0,0,0,0,0,0,0,0,0,0,0,0,0,0,0,0
245,5,267.02,130.95,103.4,206.8,4,1,0,0,0,0,0,0,0,0,0,0,0,0,0,0,0,0,0,0
246,5,263.01,130.46,103.81,207.63,4,1,0,0,0,0,0,0,0,0,0,0,0,0,0,0,0,0,0,0
247,5,258.55,130.74,104.23,208.46,4,1,0,0,0,0,0,0,0,0,0,0,0,0,0,0,0,0,0,0
248,5,254.3,130.34,104.64,209.28,4,1,0,0,0,0,0,0,0,0,0,0,0,0,0,0,0,0,0,0
249,5,251.16,130.58,105.03,210.06,4,1,0,0,0,0,0,0,0,0,0,0,0,0,0,0,0,0,0,0
250,5,247.57,129.94,105.44,210.87,4,1,0,0,0,0,0,0,0,0,0,0,0,0,0,0,0,0,0,0
251,5,243.6,129.9,105.85,211.7,4,1,1,0,-3.7355,0.34949,0.40737,0.81474,4,1,296.53,341.6,105.85,211.7,296.53,-2.8614,296.53,341.6,341.6,491.29
252,5,239.77,129.73,106.26,212.51,4,1,0,0,0,0,0,0,0,0,0,0,0,0,0,0,0,0,0,0
253,5,235.82,129.71,106.67,213.34,4,1,0,0,0,0,0,0,0,0,0,0,0,0,0,0,0,0,0,0
254,5,232.11,129.17,107.08,214.16,4,1,0,0,0,0,0,0,0,0,0,0,0,0,0,0,0,0,0,0
255,5,228.39,129.29,107.48,214.96,4,1,0,0,0,0,0,0,0,0,0,0,0,0,0,0,0,0,0,0
256,5,224.71,128.41,107.88,215.76,4,1,0,0,0,0,0,0,0,0,0,0,0,0,0,0,0,0,0,0
257,5,220.95,129.05,108.29,216.57,4,1,0,0,0,0,0,0,0,0,0,0,0,0,0,0,0,0,0,0
258,5,218.08,127.87,108.66,217.33,4,1,0,0,0,0,0,0,0,0,0,0,0,0,0,0,0,0,0,0
259,5,213.56,127.86,109.1,218.2,4,1,0,0,0,0,0,0,0,0,0,0,0,0,0,0,0,0,0,0
260,5,208.05,128.6,109.59,219.17,4,1,0,0,0,0,0,0,0,0,0,0,0,0,0,0,0,0,0,0
261,5,204.58,128.52,110,220,4,1,1,0,-3.6637,0.6513,0.41301,0.82602,4,1,259.58,348.52,110,220,259.58,-51.544,259.58,348.52,348.52,504.08
262,5,201.29,129.2,110.39,220.78,4,1,0,0,0,0,0,0,0,0,0,0,0,0,0,0,0,0,0,0
263,5,196.71,128.57,110.84,221.68,4,1,0,0,0,0,0,0,0,0,0,0,0,0,0,0,0,0,0,0
264,5,192.36,129.06,111.28,222.57,4,1,0,0,0,0,0,0,0,0,0,0,0,0,0,0,0,0,0,0
265,5,188.08,129.53,111.73,223.46,4,1,0,0,0,0,0,0,0,0,0,0,0,0,0,0,0,0,0,0
266,5,183.43,129.98,112.19,224.38,4,1,0,0,0,0,0,0,0,0,0,0,0,0,0,0,0,0,0,0
267,5,178.59,130.68,112.68,225.35,4,1,0,0,0,0,0,0,0,0,0,0,0,0,0,0,0,0,0,0
268,5,173.86,130.99,113.14,226.29,4,1,0,0,0,0,0,0,0,0,0,0,0,0,0,0,0,0,0,0
269,5,168.21,132.23,113.67,227.35,4,1,0,0,0,0,0,0,0,0,0,0,0,0,0,0,0,0,0,0
270,5,164.97,132.51,114.07,228.15,4,1,0,0,0,0,0,0,0,0,0,0,0,0,0,0,0,0,0,0
271,5,162.6,133.2,114.42,228.83,4,1,1,0,-4.2476,1.428,0.45787,0.91575,4,1,219.81,362.03,114.42,228.83,219.81,-103.81,219.81,362.03,362.03,523.84
272,5,158.89,132.65,114.83,229.67,4,1,0,0,0,0,0,0,0,0,0,0,0,0,0,0,0,0,0,0
273,5,153.39,132.29,115.37,230.74,4,1,0,0,0,0,0,0,0,0,0,0,0,0,0,0,0,0,0,0
274,5,149.72,131.95,115.8,231.6,4,1,0,0,0,0,0,0,0,0,0,0,0,0,0,0,0,0,0,0
275,5,148.14,130.69,116.09,232.18,4,1,0,0,0,0,0,0,0,0,0,0,0,0,0,0,0,0,0,0
276,5,144.32,128.94,116.51,233.03,4,1,0,0,0,0,0,0,0,0,0,0,0,0,0,0,0,0,0,0
277,5,139.74,127.32,116.99,233.99,4,1,0,0,0,0,0,0,0,0,0,0,0,0,0,0,0,0,0,0
278,5,134.76,126.67,117.51,235.01,4,1,0,0,0,0,0,0,0,0,0,0,0,0,0,0,0,0,0,0
279,5,130.38,125.35,117.98,235.96,4,1,0,0,0,0,0,0,0,0,0,0,0,0,0,0,0,0,0,0
280,5,124.71,124.95,118.56,237.12,4,1,0,0,0,0,0,0,0,0,0,0,0,0,0,0,0,0,0,0
281,5,117.98,125.18,119.22,238.44,4,1,1,0,-4.0706,-0.064014,0.4692,0.9384,4,1,177.59,363.61,119.22,238.44,177.59,-159.61,177.59,363.61,363.61,532.22
282,5,112.36,124.69,119.8,239.61,4,1,0,0,0,0,0,0,0,0,0,0,0,0,0,0,0,0,0,0
283,5,108.76,124.46,120.23,240.46,4,1,0,0,0,0,0,0,0,0,0,0,0,0,0,0,0,0,0,0
284,5,106.11,125.07,120.59,241.18,4,1,0,0,0,0,0,0,0,0,0,0,0,0,0,0,0,0,0,0
285,5,101.9,125.33,121.06,242.12,4,1,0,0,0,0,0,0,0,0,0,0,0,0,0,0,0,0,0,0
286,5,97.108,125.4,121.59,243.19,4,1,0,0,0,0,0,0,0,0,0,0,0,0,0,0,0,0,0,0
287,5,94.541,126.87,121.94,243.88,4,1,0,0,0,0,0,0,0,0,0,0,0,0,0,0,0,0,0,0
288,5,91.34,128.85,122.34,244.68,4,1,0,0,0,0,0,0,0,0,0,0,0,0,0,0,0,0,0,0
289,5,87.069,128.98,122.83,245.65,4,1,0,0,0,0,0,0,0,0,0,0,0,0,0,0,0,0,0,0
290,5,82.113,129.3,123.37,246.74,4,1,0,0,0,0,0,0,0,0,0,0,0,0,0,0,0,0,0,0
291,5,77.356,129.47,123.91,247.82,4,1,1,0,-3.599,1.5583,0.45048,0.90096,4,1,139.31,377.3,123.91,247.82,139.31,-211.16,139.31,377.3,377.3,552.53
292,5,73.419,128.95,124.37,248.75,4,1,0,0,0,0,0,0,0,0,0,0,0,0,0,0,0,0,0,0
293,5,68.398,129.01,124.94,249.88,4,1,0,0,0,0,0,0,0,0,0,0,0,0,0,0,0,0,0,0
294,5,64.316,129.44,125.42,250.84,4,1,0,0,0,0,0,0,0,0,0,0,0,0,0,0,0,0,0,0
295,5,61.479,130.09,125.78,251.56,4,1,0,0,0,0,0,0,0,0,0,0,0,0,0,0,0,0,0,0
296,5,57.176,129.44,126.29,252.57,4,1,0,0,0,0,0,0,0,0,0,0,0,0,0,0,0,0,0,0
297,5,51.936,128.68,126.88,253.76,4,1,0,0,0,0,0,0,0,0,0,0,0,0,0,0,0,0,0,0
298,5,46.744,128.5,127.47,254.94,4,1,0,0,0,0,0,0,0,0,0,0,0,0,0,0,0,0,0,0
299,5,41.206,128.12,128.1,256.2,4,1,0,0,0,0,0,0,0,0,0,0,0,0,0,0,0,0,0,0
300,5,35.373,126.69,128.76,257.53,4,1,0,0,0,0,0,0,0,0,0,0,0,0,0,0,0,0,0,0
301,5,29.201,125.37,129.47,258.93,4,1,1,0,-4.5352,0.74419,0.55553,1.1111,4,1,93.934,384.31,129.47,258.93,93.934,-272.25,93.934,384.31,384.31,567.4
302,5,23.994,123.89,130.07,260.15,4,1,0,0,0,0,0,0,0,0,0,0,0,0,0,0,0,0,0,0
303,5,19.985,123.1,130.57,261.14,4,1,0,0,0,0,0,0,0,0,0,0,0,0,0,0,0,0,0,0
304,5,15.72,122.79,131.09,262.17,4,1,0,0,0,0,0,0,0,0,0,0,0,0,0,0,0,0,0,0
305,5,12.753,123.22,131.46,262.92,4,1,0,0,0,0,0,0,0,0,0,0,0,0,0,0,0,0,0,0
306,5,8.0902,122.19,132.01,264.01,4,1,0,0,0,0,0,0,0,0,0,0,0,0,0,0,0,0,0,0
307,5,3.2658,123.54,132.57,265.15,4,1,0,0,0,0,0,0,0,0,0,0,0,0,0,0,0,0,0,0
308,5,-2.0392,125.53,133.18,266.37,4,1,0,0,0,0,0,0,0,0,0,0,0,0,0,0,0,0,0,0
309,5,-5.8145,126.54,133.63,267.27,4,1,0,0,0,0,0,0,0,0,0,0,0,0,0,0,0,0,0,0
310,5,-9.0733,125.07,134.02,268.05,4,1,0,0,0,0,0,0,0,0,0,0,0,0,0,0,0,0,0,0
