1,1,178.77,221.18,68.333,136.67,3,1,1,2,0,0,0,0,0,0,0,0,0,0,0,0,0,0,0,0
1,2,233.33,239.01,57.582,115.16,3,1,1,2,0,0,0,0,0,0,0,0,0,0,0,0,0,0,0,0
1,4,600.56,214.96,56.532,113.06,5,1,2,0,0,0,0,0,0,0,0,0,0,0,0,0,0,0,0,0
2,1,179.72,220.77,68.39,136.78,3,1,0,0,0,0,0,0,0,0,0,0,0,0,0,0,0,0,0,0
2,2,234.18,238.64,57.683,115.37,3,1,0,0,0,0,0,0,0,0,0,0,0,0,0,0,0,0,0,0
2,4,599.46,214.7,56.572,113.14,5,1,0,0,0,0,0,0,0,0,0,0,0,0,0,0,0,0,0,0
3,1,180.66,221.41,68.359,136.72,3,1,0,0,0,0,0,0,0,0,0,0,0,0,0,0,0,0,0,0
3,2,234.95,239.27,57.708,115.42,3,1,0,0,0,0,0,0,0,0,0,0,0,0,0,0,0,0,0,0
3,4,597.73,215.36,56.516,113.03,5,1,0,0,0,0,0,0,0,0,0,0,0,0,0,0,0,0,0,0
4,1,179.79,220.05,68.439,136.88,3,1,0,0,0,0,0,0,0,0,0,0,0,0,0,0,0,0,0,0
4,2,234.04,237.94,57.808,115.62,3,1,0,0,0,0,0,0,0,0,0,0,0,0,0,0,0,0,0,0
4,4,594.26,214.05,56.412,112.82,5,1,0,0,0,0,0,0,0,0,0,0,0,0,0,0,0,0,0,0
5,1,178.71,221.9,68.512,137.02,3,1,0,0,0,0,0,0,0,0,0,0,0,0,0,0,0,0,0,0
5,2,232.92,239.81,57.901,115.8,3,1,0,0,0,0,0,0,0,0,0,0,0,0,0,0,0,0,0,0
5,4,590.49,215.96,56.283,112.57,5,1,0,0,0,0,0,0,0,0,0,0,0,0,0,0,0,0,0,0
6,1,177.98,221.61,68.573,137.15,3,1,0,0,0,0,0,0,0,0,0,0,0,0,0,0,0,0,0,0
6,2,232.13,239.54,57.988,115.98,3,1,0,0,0,0,0,0,0,0,0,0,0,0,0,0,0,0,0,0
6,4,587.14,215.71,56.176,112.35,5,1,0,0,0,0,0,0,0,0,0,0,0,0,0,0,0,0,0,0
7,1,177.23,222.51,68.628,137.26,3,1,0,0,0,0,0,0,0,0,0,0,0,0,0,0,0,0,0,0
7,2,231.32,240.46,58.068,116.14,3,1,0,0,0,0,0,0,0,0,0,0,0,0,0,0,0,0,0,0
7,4,583.72,216.66,56.06,112.12,5,1,0,0,0,0,0,0,0,0,0,0,0,0,0,0,0,0,0,0
8,1,177.19,222.61,68.653,137.31,3,1,0,0,0,0,0,0,0,0,0,0,0,0,0,0,0,0,0,0
8,2,231.18,240.57,58.131,116.26,3,1,0,0,0,0,0,0,0,0,0,0,0,0,0,0,0,0,0,0
8,4,581.08,216.79,55.978,111.96,5,1,0,0,0,0,0,0,0,0,0,0,0,0,0,0,0,0,0,0
9,1,176.44,223.73,68.709,137.42,3,1,0,0,0,0,0,0,0,0,0,0,0,0,0,0,0,0,0,0
9,2,230.38,241.71,58.212,116.42,3,1,0,0,0,0,0,0,0,0,0,0,0,0,0,0,0,0,0,0
9,4,577.71,217.96,55.866,111.73,5,1,0,0,0,0,0,0,0,0,0,0,0,0,0,0,0,0,0,0
10,1,173.58,225.63,68.847,137.69,3,1,0,0,0,0,0,0,0,0,0,0,0,0,0,0,0,0,0,0
10,2,227.56,243.64,58.342,116.68,3,1,0,0,0,0,0,0,0,0,0,0,0,0,0,0,0,0,0,0
10,4,572.08,219.96,55.659,111.32,5,1,0,0,0,0,0,0,0,0,0,0,0,0,0,0,0,0,0,0
11,1,173.65,227.6,68.87,137.74,3,1,1,2,-0.73616,0.79768,0.05795,0.1159,3,1,208.08,365.34,68.87,137.74,208.08,70.344,345.83,365.34,434.21,434.21
11,2,227.53,245.62,58.404,116.81,3,1,1,2,-0.7816,0.8664,0.08316,0.16632,3,1,256.74,362.43,58.404,116.81,256.74,139.93,373.54,362.43,420.83,420.83
11,5,207.64,225.15,51.619,103.24,3,1,2,0,0,0,0,0,0,0,0,0,0,0,0,0,0,0,0,0
11,6,532.87,223.99,55.555,111.11,5,1,3,0,0,0,0,0,0,0,0,0,0,0,0,0,0,0,0,0
12,1,174.48,229.33,68.872,137.74,3,1,0,0,0,0,0,0,0,0,0,0,0,0,0,0,0,0,0,0
12,2,228.23,247.36,58.456,116.91,3,1,0,0,0,0,0,0,0,0,0,0,0,0,0,0,0,0,0,0
12,5,207.8,226.87,51.656,103.31,3,1,0,0,0,0,0,0,0,0,0,0,0,0,0,0,0,0,0,0
12,6,531.25,225.74,55.495,110.99,5,1,0,0,0,0,0,0,0,0,0,0,0,0,0,0,0,0,0,0
13,1,174.71,230.26,68.894,137.79,3,1,0,0,0,0,0,0,0,0,0,0,0,0,0,0,0,0,0,0
13,2,228.36,248.3,58.518,117.04,3,1,0,0,0,0,0,0,0,0,0,0,0,0,0,0,0,0,0,0
13,5,207.38,227.8,51.706,103.41,3,1,0,0,0,0,0,0,0,0,0,0,0,0,0,0,0,0,0,0
13,6,529.01,226.7,55.409,110.82,5,1,0,0,0,0,0,0,0,0,0,0,0,0,0,0,0,0,0,0
14,1,173,229.73,68.986,137.97,3,1,0,0,0,0,0,0,0,0,0,0,0,0,0,0,0,0,0,0
14,2,226.63,247.8,58.62,117.24,3,1,0,0,0,0,0,0,0,0,0,0,0,0,0,0,0,0,0,0
14,5,205.08,227.26,51.801,103.6,3,1,0,0,0,0,0,0,0,0,0,0,0,0,0,0,0,0,0,0
14,6,524.79,226.23,55.248,110.5,5,1,0,0,0,0,0,0,0,0,0,0,0,0,0,0,0,0,0,0
15,1,172.73,229.5,69.023,138.05,3,1,0,0,0,0,0,0,0,0,0,0,0,0,0,0,0,0,0,0
15,2,226.29,247.57,58.689,117.38,3,1,0,0,0,0,0,0,0,0,0,0,0,0,0,0,0,0,0,0
15,5,204.18,227.01,51.86,103.72,3,1,0,0,0,0,0,0,0,0,0,0,0,0,0,0,0,0,0,0
15,6,522.06,226.04,55.142,110.28,5,1,0,0,0,0,0,0,0,0,0,0,0,0,0,0,0,0,0,0
16,1,173.18,228.16,69.036,138.07,3,1,0,0,0,0,0,0,0,0,0,0,0,0,0,0,0,0,0,0
16,2,226.63,246.24,58.746,117.49,3,1,0,0,0,0,0,0,0,0,0,0,0,0,0,0,0,0,0,0
16,5,203.98,225.66,51.906,103.81,3,1,0,0,0,0,0,0,0,0,0,0,0,0,0,0,0,0,0,0
16,6,520.08,224.72,55.067,110.13,5,1,0,0,0,0,0,0,0,0,0,0,0,0,0,0,0,0,0,0
17,1,173.78,227.5,69.037,138.07,3,1,0,0,0,0,0,0,0,0,0,0,0,0,0,0,0,0,0,0
17,2,227.1,245.59,58.792,117.58,3,1,0,0,0,0,0,0,0,0,0,0,0,0,0,0,0,0,0,0
17,5,203.92,224.99,51.943,103.89,3,1,0,0,0,0,0,0,0,0,0,0,0,0,0,0,0,0,0,0
17,6,518.21,224.09,54.991,109.98,5,1,0,0,0,0,0,0,0,0,0,0,0,0,0,0,0,0,0,0
18,1,172.43,227.43,69.118,138.24,3,1,0,0,0,0,0,0,0,0,0,0,0,0,0,0,0,0,0,0
18,2,225.74,245.54,58.887,117.77,3,1,0,0,0,0,0,0,0,0,0,0,0,0,0,0,0,0,0,0
18,5,201.98,224.91,52.032,104.06,3,1,0,0,0,0,0,0,0,0,0,0,0,0,0,0,0,0,0,0
18,6,514.45,224.07,54.853,109.71,5,1,0,0,0,0,0,0,0,0,0,0,0,0,0,0,0,0,0,0
19,1,170.92,227.07,69.2,138.4,3,1,0,0,0,0,0,0,0,0,0,0,0,0,0,0,0,0,0,0
19,2,224.21,245.21,58.981,117.96,3,1,0,0,0,0,0,0,0,0,0,0,0,0,0,0,0,0,0,0
19,5,199.86,224.54,52.123,104.25,3,1,0,0,0,0,0,0,0,0,0,0,0,0,0,0,0,0,0,0
19,6,510.52,223.77,54.707,109.41,5,1,0,0,0,0,0,0,0,0,0,0,0,0,0,0,0,0,0,0
20,1,171.47,227.91,69.205,138.41,3,1,0,0,0,0,0,0,0,0,0,0,0,0,0,0,0,0,0,0
20,2,224.64,246.05,59.03,118.06,3,1,0,0,0,0,0,0,0,0,0,0,0,0,0,0,0,0,0,0
20,5,199.77,225.37,52.164,104.33,3,1,0,0,0,0,0,0,0,0,0,0,0,0,0,0,0,0,0,0
20,6,508.65,224.63,54.635,109.27,5,1,0,0,0,0,0,0,0,0,0,0,0,0,0,0,0,0,0,0
21,1,172.25,229.53,69.201,138.4,3,1,1,2,-0.30452,-0.13224,0.039339,0.078678,3,1,206.85,367.94,69.201,138.4,206.85,68.45,345.25,367.94,437.14,437.14
21,2,225.3,247.68,59.072,118.14,3,1,1,2,-0.36302,-0.056933,0.070179,0.14036,3,1,254.84,365.82,59.072,118.14,254.84,136.69,372.98,365.82,424.9,424.9
21,4,543.65,224.2,54.828,109.66,5,1,2,2,0,0,0,0,0,0,0,0,0,0,0,0,0,0,0,0
21,5,199.89,226.98,52.199,104.4,3,1,3,0,-0.92175,-0.097729,0.062095,0.12419,3,1,225.99,331.38,52.199,104.4,225.99,121.6,330.39,331.38,383.58,383.58
21,6,507.02,226.28,54.57,109.14,5,1,2,0,-2.82,-0.38339,-0.10537,-0.21073,5,1,534.31,335.42,54.57,109.14,534.31,425.17,425.17,335.42,280.85,389.99
21,7,266.48,238.71,40.261,80.522,3,1,4,0,0,0,0,0,0,0,0,0,0,0,0,0,0,0,0,0
22,1,172,230.17,69.235,138.47,3,1,0,0,0,0,0,0,0,0,0,0,0,0,0,0,0,0,0,0
22,2,224.98,248.33,59.137,118.27,3,1,0,0,0,0,0,0,0,0,0,0,0,0,0,0,0,0,0,0
22,4,541,224.87,54.748,109.5,5,1,0,0,0,0,0,0,0,0,0,0,0,0,0,0,0,0,0,0
22,5,199.02,227.61,52.26,104.52,3,1,0,0,0,0,0,0,0,0,0,0,0,0,0,0,0,0,0,0
22,6,504.38,226.95,54.471,108.94,5,1,0,0,0,0,0,0,0,0,0,0,0,0,0,0,0,0,0,0
22,7,265.97,239.35,40.318,80.636,3,1,0,0,0,0,0,0,0,0,0,0,0,0,0,0,0,0,0,0
23,1,169.83,228.69,69.343,138.69,3,1,0,0,0,0,0,0,0,0,0,0,0,0,0,0,0,0,0,0
23,2,222.84,246.88,59.244,118.49,3,1,0,0,0,0,0,0,0,0,0,0,0,0,0,0,0,0,0,0
23,4,536.39,223.46,54.592,109.18,5,1,0,0,0,0,0,0,0,0,0,0,0,0,0,0,0,0,0,0
23,5,196.27,226.11,52.37,104.74,3,1,0,0,0,0,0,0,0,0,0,0,0,0,0,0,0,0,0,0
23,6,499.87,225.53,54.311,108.62,5,1,0,0,0,0,0,0,0,0,0,0,0,0,0,0,0,0,0,0
23,7,263.7,237.88,40.396,80.792,3,1,0,0,0,0,0,0,0,0,0,0,0,0,0,0,0,0,0,0
24,1,168.89,227.23,69.406,138.81,3,1,0,0,0,0,0,0,0,0,0,0,0,0,0,0,0,0,0,0
24,2,221.87,245.43,59.325,118.65,3,1,0,0,0,0,0,0,0,0,0,0,0,0,0,0,0,0,0,0
24,4,533.08,222.04,54.488,108.98,5,1,0,0,0,0,0,0,0,0,0,0,0,0,0,0,0,0,0,0
24,5,194.72,224.64,52.452,104.9,3,1,0,0,0,0,0,0,0,0,0,0,0,0,0,0,0,0,0,0
24,6,496.59,224.12,54.195,108.39,5,1,0,0,0,0,0,0,0,0,0,0,0,0,0,0,0,0,0,0
24,7,262.56,236.42,40.463,80.926,3,1,0,0,0,0,0,0,0,0,0,0,0,0,0,0,0,0,0,0
25,1,169.07,227.58,69.422,138.84,3,1,0,0,0,0,0,0,0,0,0,0,0,0,0,0,0,0,0,0
25,2,221.97,245.79,59.377,118.75,3,1,0,0,0,0,0,0,0,0,0,0,0,0,0,0,0,0,0,0
25,4,530.9,222.42,54.425,108.85,5,1,0,0,0,0,0,0,0,0,0,0,0,0,0,0,0,0,0,0
25,5,194.27,224.98,52.502,105,3,1,0,0,0,0,0,0,0,0,0,0,0,0,0,0,0,0,0,0
25,6,494.4,224.5,54.113,108.23,5,1,0,0,0,0,0,0,0,0,0,0,0,0,0,0,0,0,0,0
25,7,262.45,236.77,40.515,81.03,3,1,0,0,0,0,0,0,0,0,0,0,0,0,0,0,0,0,0,0
26,1,166.88,226.41,69.536,139.07,3,1,0,0,0,0,0,0,0,0,0,0,0,0,0,0,0,0,0,0
26,2,219.82,244.66,59.488,118.98,3,1,0,0,0,0,0,0,0,0,0,0,0,0,0,0,0,0,0,0
26,4,526.39,221.32,54.279,108.56,5,1,0,0,0,0,0,0,0,0,0,0,0,0,0,0,0,0,0,0
26,5,191.5,223.8,52.619,105.24,3,1,0,0,0,0,0,0,0,0,0,0,0,0,0,0,0,0,0,0
26,6,489.96,223.39,53.965,107.93,5,1,0,0,0,0,0,0,0,0,0,0,0,0,0,0,0,0,0,0
26,7,260.18,235.62,40.598,81.196,3,1,0,0,0,0,0,0,0,0,0,0,0,0,0,0,0,0,0,0
27,1,164.92,224.07,69.64,139.28,3,1,0,0,0,0,0,0,0,0,0,0,0,0,0,0,0,0,0,0
27,2,217.89,242.35,59.592,119.18,3,1,0,0,0,0,0,0,0,0,0,0,0,0,0,0,0,0,0,0
27,4,522.13,219.05,54.144,108.29,5,1,0,0,0,0,0,0,0,0,0,0,0,0,0,0,0,0,0,0
27,5,188.96,221.44,52.732,105.46,3,1,0,0,0,0,0,0,0,0,0,0,0,0,0,0,0,0,0,0
27,6,485.75,221.11,53.827,107.65,5,1,0,0,0,0,0,0,0,0,0,0,0,0,0,0,0,0,0,0
27,7,258.11,233.29,40.678,81.357,3,1,0,0,0,0,0,0,0,0,0,0,0,0,0,0,0,0,0,0
28,1,164.67,223,69.679,139.36,3,1,0,0,0,0,0,0,0,0,0,0,0,0,0,0,0,0,0,0
28,2,217.58,241.28,59.657,119.31,3,1,0,0,0,0,0,0,0,0,0,0,0,0,0,0,0,0,0,0
28,4,519.6,218,54.072,108.14,5,1,0,0,0,0,0,0,0,0,0,0,0,0,0,0,0,0,0,0
28,5,188.08,220.36,52.8,105.6,3,1,0,0,0,0,0,0,0,0,0,0,0,0,0,0,0,0,0,0
28,6,483.21,220.07,53.741,107.48,5,1,0,0,0,0,0,0,0,0,0,0,0,0,0,0,0,0,0,0
28,7,257.62,232.22,40.74,81.48,3,1,0,0,0,0,0,0,0,0,0,0,0,0,0,0,0,0,0,0
29,1,165.11,223.22,69.692,139.38,3,1,0,0,0,0,0,0,0,0,0,0,0,0,0,0,0,0,0,0
29,2,217.93,241.52,59.706,119.41,3,1,0,0,0,0,0,0,0,0,0,0,0,0,0,0,0,0,0,0
29,4,517.78,218.25,54.026,108.05,5,1,0,0,0,0,0,0,0,0,0,0,0,0,0,0,0,0,0,0
29,5,187.87,220.57,52.851,105.7,3,1,0,0,0,0,0,0,0,0,0,0,0,0,0,0,0,0,0,0
29,6,481.33,220.32,53.678,107.36,5,1,0,0,0,0,0,0,0,0,0,0,0,0,0,0,0,0,0,0
29,7,257.77,232.44,40.794,81.589,3,1,0,0,0,0,0,0,0,0,0,0,0,0,0,0,0,0,0,0
30,1,164.97,223.54,69.725,139.45,3,1,0,0,0,0,0,0,0,0,0,0,0,0,0,0,0,0,0,0
30,2,217.73,241.85,59.765,119.53,3,1,0,0,0,0,0,0,0,0,0,0,0,0,0,0,0,0,0,0
30,4,515.38,218.59,53.957,107.91,5,1,0,0,0,0,0,0,0,0,0,0,0,0,0,0,0,0,0,0
30,5,187.1,220.88,52.916,105.83,3,1,0,0,0,0,0,0,0,0,0,0,0,0,0,0,0,0,0,0
30,6,478.9,220.67,53.596,107.19,5,1,0,0,0,0,0,0,0,0,0,0,0,0,0,0,0,0,0,0
30,7,257.38,232.76,40.854,81.709,3,1,0,0,0,0,0,0,0,0,0,0,0,0,0,0,0,0,0,0
31,1,164.68,224.06,69.762,139.52,3,1,1,2,-0.78275,-0.65288,0.05894,0.11788,3,1,199.56,363.58,69.762,139.52,199.56,60.033,339.08,363.58,433.34,433.34
31,2,217.39,242.38,59.825,119.65,3,1,1,2,-0.80297,-0.59909,0.076904,0.15381,3,1,247.3,362.03,59.825,119.65,247.3,127.65,366.95,362.03,421.85,421.85
31,4,512.83,219.14,53.88,107.76,5,1,2,2,-3.1696,-0.91925,-0.095467,-0.19093,5,1,539.77,326.9,53.88,107.76,539.77,432.01,432.01,326.9,273.02,380.78
31,5,186.18,221.38,52.984,105.97,3,1,3,0,-1.3847,-0.62192,0.080871,0.16174,3,1,212.67,327.35,52.984,105.97,212.67,106.7,318.64,327.35,380.33,380.33
31,6,476.31,221.22,53.508,107.02,5,1,2,0,-3.1649,-0.94095,-0.10615,-0.2123,5,1,503.07,328.23,53.508,107.02,503.07,396.05,396.05,328.23,274.72,381.74
31,7,256.85,233.28,40.914,81.829,3,1,4,0,-0.97757,-0.63269,0.066591,0.13318,3,1,277.31,315.11,40.914,81.829,277.31,195.48,359.14,315.11,356.02,356.02
31,8,557.45,226,51.54,103.08,5,1,2,0,0,0,0,0,0,0,0,0,0,0,0,0,0,0,0,0
32,1,165.9,224.37,69.737,139.47,3,1,0,0,0,0,0,0,0,0,0,0,0,0,0,0,0,0,0,0
32,2,218.48,242.69,59.846,119.69,3,1,0,0,0,0,0,0,0,0,0,0,0,0,0,0,0,0,0,0
32,4,511.79,219.46,53.853,107.71,5,1,0,0,0,0,0,0,0,0,0,0,0,0,0,0,0,0,0,0
32,5,186.74,221.68,53.009,106.02,3,1,0,0,0,0,0,0,0,0,0,0,0,0,0,0,0,0,0,0
32,6,475.17,221.54,53.46,106.92,5,1,0,0,0,0,0,0,0,0,0,0,0,0,0,0,0,0,0,0
32,7,257.72,233.58,40.955,81.911,3,1,0,0,0,0,0,0,0,0,0,0,0,0,0,0,0,0,0,0
32,8,556.39,226.31,51.521,103.04,5,1,0,0,0,0,0,0,0,0,0,0,0,0,0,0,0,0,0,0
33,1,166.09,223.98,69.754,139.51,3,1,0,0,0,0,0,0,0,0,0,0,0,0,0,0,0,0,0,0
33,2,218.59,242.3,59.892,119.78,3,1,0,0,0,0,0,0,0,0,0,0,0,0,0,0,0,0,0,0
33,4,509.73,219.09,53.79,107.58,5,1,0,0,0,0,0,0,0,0,0,0,0,0,0,0,0,0,0,0
33,5,186.28,221.27,53.065,106.13,3,1,0,0,0,0,0,0,0,0,0,0,0,0,0,0,0,0,0,0
33,6,473.04,221.17,53.385,106.77,5,1,0,0,0,0,0,0,0,0,0,0,0,0,0,0,0,0,0,0
33,7,257.63,233.19,41.01,82.019,3,1,0,0,0,0,0,0,0,0,0,0,0,0,0,0,0,0,0,0
33,8,554.26,225.93,51.46,102.92,5,1,0,0,0,0,0,0,0,0,0,0,0,0,0,0,0,0,0,0
34,1,166.24,224.43,69.77,139.54,3,1,0,0,0,0,0,0,0,0,0,0,0,0,0,0,0,0,0,0
34,2,218.68,242.76,59.937,119.87,3,1,0,0,0,0,0,0,0,0,0,0,0,0,0,0,0,0,0,0
34,4,507.64,219.57,53.725,107.45,5,1,0,0,0,0,0,0,0,0,0,0,0,0,0,0,0,0,0,0
34,5,185.79,221.71,53.12,106.24,3,1,0,0,0,0,0,0,0,0,0,0,0,0,0,0,0,0,0,0
34,6,470.88,221.65,53.309,106.62,5,1,0,0,0,0,0,0,0,0,0,0,0,0,0,0,0,0,0,0
34,7,257.51,233.64,41.063,82.126,3,1,0,0,0,0,0,0,0,0,0,0,0,0,0,0,0,0,0,0
34,8,552.09,226.4,51.397,102.79,5,1,0,0,0,0,0,0,0,0,0,0,0,0,0,0,0,0,0,0
35,1,167.42,223.7,69.748,139.5,3,1,0,0,0,0,0,0,0,0,0,0,0,0,0,0,0,0,0,0
35,2,219.73,242.03,59.957,119.91,3,1,0,0,0,0,0,0,0,0,0,0,0,0,0,0,0,0,0,0
35,4,506.58,218.84,53.694,107.39,5,1,0,0,0,0,0,0,0,0,0,0,0,0,0,0,0,0,0,0
35,5,186.31,220.97,53.149,106.3,3,1,0,0,0,0,0,0,0,0,0,0,0,0,0,0,0,0,0,0
35,6,469.7,220.93,53.261,106.52,5,1,0,0,0,0,0,0,0,0,0,0,0,0,0,0,0,0,0,0
35,7,258.34,232.9,41.105,82.211,3,1,0,0,0,0,0,0,0,0,0,0,0,0,0,0,0,0,0,0
35,8,551,225.67,51.376,102.75,5,1,0,0,0,0,0,0,0,0,0,0,0,0,0,0,0,0,0,0
36,1,167.83,224.22,69.755,139.51,3,1,0,0,0,0,0,0,0,0,0,0,0,0,0,0,0,0,0,0
36,2,220.06,242.55,59.994,119.99,3,1,0,0,0,0,0,0,0,0,0,0,0,0,0,0,0,0,0,0
36,4,504.77,219.38,53.636,107.27,5,1,0,0,0,0,0,0,0,0,0,0,0,0,0,0,0,0,0,0
36,5,186.06,221.48,53.199,106.4,3,1,0,0,0,0,0,0,0,0,0,0,0,0,0,0,0,0,0,0
36,6,467.79,221.47,53.192,106.38,5,1,0,0,0,0,0,0,0,0,0,0,0,0,0,0,0,0,0,0
36,7,258.46,233.42,41.156,82.312,3,1,0,0,0,0,0,0,0,0,0,0,0,0,0,0,0,0,0,0
36,8,549.12,226.2,51.323,102.65,5,1,0,0,0,0,0,0,0,0,0,0,0,0,0,0,0,0,0,0
37,1,168.77,224.82,69.742,139.48,3,1,0,0,0,0,0,0,0,0,0,0,0,0,0,0,0,0,0,0
37,2,220.9,243.15,60.018,120.04,3,1,0,0,0,0,0,0,0,0,0,0,0,0,0,0,0,0,0,0
37,4,503.5,219.99,53.595,107.19,5,1,0,0,0,0,0,0,0,0,0,0,0,0,0,0,0,0,0,0
37,5,186.35,222.06,53.235,106.47,3,1,0,0,0,0,0,0,0,0,0,0,0,0,0,0,0,0,0,0
37,6,466.39,222.08,53.138,106.28,5,1,0,0,0,0,0,0,0,0,0,0,0,0,0,0,0,0,0,0
37,7,259.07,234.01,41.201,82.403,3,1,0,0,0,0,0,0,0,0,0,0,0,0,0,0,0,0,0,0
37,8,547.8,226.8,51.292,102.58,5,1,0,0,0,0,0,0,0,0,0,0,0,0,0,0,0,0,0,0
38,1,173.22,224.45,69.599,139.2,3,1,0,0,0,0,0,0,0,0,0,0,0,0,0,0,0,0,0,0
38,2,225.05,242.75,59.964,119.93,3,1,0,0,0,0,0,0,0,0,0,0,0,0,0,0,0,0,0,0
38,4,505.69,219.57,53.669,107.34,5,1,0,0,0,0,0,0,0,0,0,0,0,0,0,0,0,0,0,0
38,5,190.07,221.68,53.177,106.35,3,1,0,0,0,0,0,0,0,0,0,0,0,0,0,0,0,0,0,0
38,6,468.32,221.68,53.174,106.35,5,1,0,0,0,0,0,0,0,0,0,0,0,0,0,0,0,0,0,0
38,7,262.92,233.61,41.208,82.416,3,1,0,0,0,0,0,0,0,0,0,0,0,0,0,0,0,0,0,0
38,8,550.14,226.39,51.398,102.8,5,1,0,0,0,0,0,0,0,0,0,0,0,0,0,0,0,0,0,0
39,1,174.94,224.3,69.559,139.12,3,1,0,0,0,0,0,0,0,0,0,0,0,0,0,0,0,0,0,0
39,2,226.64,242.59,59.971,119.94,3,1,0,0,0,0,0,0,0,0,0,0,0,0,0,0,0,0,0,0
39,4,505.22,219.42,53.652,107.3,5,1,0,0,0,0,0,0,0,0,0,0,0,0,0,0,0,0,0,0
39,5,191.12,221.52,53.195,106.39,3,1,0,0,0,0,0,0,0,0,0,0,0,0,0,0,0,0,0,0
39,6,467.67,221.52,53.14,106.28,5,1,0,0,0,0,0,0,0,0,0,0,0,0,0,0,0,0,0,0
39,7,264.26,233.45,41.246,82.492,3,1,0,0,0,0,0,0,0,0,0,0,0,0,0,0,0,0,0,0
39,8,549.65,226.23,51.398,102.8,5,1,0,0,0,0,0,0,0,0,0,0,0,0,0,0,0,0,0,0
40,1,176.28,224.66,69.531,139.06,3,1,0,0,0,0,0,0,0,0,0,0,0,0,0,0,0,0,0,0
40,2,227.85,242.95,59.983,119.97,3,1,0,0,0,0,0,0,0,0,0,0,0,0,0,0,0,0,0,0
40,4,504.36,219.79,53.618,107.24,5,1,0,0,0,0,0,0,0,0,0,0,0,0,0,0,0,0,0,0
40,5,191.79,221.87,53.221,106.44,3,1,0,0,0,0,0,0,0,0,0,0,0,0,0,0,0,0,0,0
40,6,466.64,221.9,53.092,106.18,5,1,0,0,0,0,0,0,0,0,0,0,0,0,0,0,0,0,0,0
40,7,265.24,233.8,41.286,82.572,3,1,0,0,0,0,0,0,0,0,0,0,0,0,0,0,0,0,0,0
40,8,548.75,226.59,51.378,102.76,5,1,0,0,0,0,0,0,0,0,0,0,0,0,0,0,0,0,0,0
41,1,177.8,224.01,69.499,139,3,1,1,3,1.44,-0.040651,-0.031625,-0.063249,3,1,212.55,363.01,69.499,139,212.55,73.55,351.55,363.01,432.51,432.51
41,2,229.25,242.3,59.993,119.99,3,1,1,2,1.3298,0.044191,0.013125,0.02625,3,1,259.25,362.28,59.993,119.99,259.25,139.26,379.23,362.28,422.27,422.27
41,4,503.7,219.14,53.591,107.18,5,1,2,0,-0.77821,-0.024136,-0.02449,-0.048981,5,1,530.5,326.33,53.591,107.18,530.5,423.32,423.32,326.33,272.73,379.92
41,6,465.79,221.26,53.052,106.1,5,1,2,0,-0.93486,-0.054483,-0.041757,-0.083515,5,1,492.32,327.36,53.052,106.1,492.32,386.22,386.22,327.36,274.31,380.41
41,7,266.4,233.15,41.326,82.652,3,1,3,0,1.1079,0.092436,0.039625,0.07925,3,1,287.06,315.8,41.326,82.652,287.06,204.41,369.71,315.8,357.12,357.12
41,8,548.07,225.94,51.367,102.73,5,1,2,0,-0.79079,-0.0040305,-0.011626,-0.023251,5,1,573.75,328.67,51.367,102.73,573.75,471.02,471.02,328.67,277.31,380.04
42,1,177.57,224.33,69.528,139.06,3,1,0,0,0,0,0,0,0,0,0,0,0,0,0,0,0,0,0,0
42,2,228.98,242.62,60.037,120.07,3,1,0,0,0,0,0,0,0,0,0,0,0,0,0,0,0,0,0,0
42,4,501.32,219.5,53.504,107.01,5,1,0,0,0,0,0,0,0,0,0,0,0,0,0,0,0,0,0,0
42,6,463.27,221.6,52.965,105.93,5,1,0,0,0,0,0,0,0,0,0,0,0,0,0,0,0,0,0,0
42,7,265.93,233.47,41.383,82.766,3,1,0,0,0,0,0,0,0,0,0,0,0,0,0,0,0,0,0,0
42,8,545.55,226.28,51.285,102.57,5,1,0,0,0,0,0,0,0,0,0,0,0,0,0,0,0,0,0,0
43,1,176.63,225.22,69.587,139.17,3,1,0,0,0,0,0,0,0,0,0,0,0,0,0,0,0,0,0,0
43,2,228.04,243.53,60.098,120.2,3,1,0,0,0,0,0,0,0,0,0,0,0,0,0,0,0,0,0,0
43,4,498.26,220.43,53.398,106.8,5,1,0,0,0,0,0,0,0,0,0,0,0,0,0,0,0,0,0,0
43,6,460.09,222.53,52.866,105.73,5,1,0,0,0,0,0,0,0,0,0,0,0,0,0,0,0,0,0,0
43,7,264.79,234.36,41.45,82.9,3,1,0,0,0,0,0,0,0,0,0,0,0,0,0,0,0,0,0,0
43,8,542.31,227.2,51.18,102.36,5,1,0,0,0,0,0,0,0,0,0,0,0,0,0,0,0,0,0,0
44,1,177.1,225.35,69.592,139.18,3,1,0,0,0,0,0,0,0,0,0,0,0,0,0,0,0,0,0,0
44,2,228.44,243.66,60.126,120.25,3,1,0,0,0,0,0,0,0,0,0,0,0,0,0,0,0,0,0,0
44,4,496.59,220.58,53.333,106.67,5,1,0,0,0,0,0,0,0,0,0,0,0,0,0,0,0,0,0,0
44,6,458.24,222.68,52.798,105.6,5,1,0,0,0,0,0,0,0,0,0,0,0,0,0,0,0,0,0,0
44,7,264.97,234.49,41.5,83.001,3,1,0,0,0,0,0,0,0,0,0,0,0,0,0,0,0,0,0,0
44,8,540.54,227.34,51.126,102.25,5,1,0,0,0,0,0,0,0,0,0,0,0,0,0,0,0,0,0,0
45,1,176.82,225.82,69.629,139.26,3,1,0,0,0,0,0,0,0,0,0,0,0,0,0,0,0,0,0,0
45,2,228.13,244.14,60.174,120.35,3,1,0,0,0,0,0,0,0,0,0,0,0,0,0,0,0,0,0,0
45,4,494.22,221.09,53.249,106.5,5,1,0,0,0,0,0,0,0,0,0,0,0,0,0,0,0,0,0,0
45,6,455.7,223.18,52.718,105.44,5,1,0,0,0,0,0,0,0,0,0,0,0,0,0,0,0,0,0,0
45,7,264.45,234.96,41.562,83.124,3,1,0,0,0,0,0,0,0,0,0,0,0,0,0,0,0,0,0,0
45,8,538.03,227.84,51.048,102.1,5,1,0,0,0,0,0,0,0,0,0,0,0,0,0,0,0,0,0,0
46,1,176.02,225.54,69.68,139.36,3,1,0,0,0,0,0,0,0,0,0,0,0,0,0,0,0,0,0,0
46,2,227.32,243.87,60.227,120.45,3,1,0,0,0,0,0,0,0,0,0,0,0,0,0,0,0,0,0,0
46,4,491.33,220.85,53.144,106.29,5,1,0,0,0,0,0,0,0,0,0,0,0,0,0,0,0,0,0,0
46,6,452.65,222.94,52.622,105.24,5,1,0,0,0,0,0,0,0,0,0,0,0,0,0,0,0,0,0,0
46,7,263.44,234.68,41.626,83.251,3,1,0,0,0,0,0,0,0,0,0,0,0,0,0,0,0,0,0,0
46,8,534.97,227.58,50.947,101.89,5,1,0,0,0,0,0,0,0,0,0,0,0,0,0,0,0,0,0,0
47,1,175.64,226.24,69.718,139.44,3,1,0,0,0,0,0,0,0,0,0,0,0,0,0,0,0,0,0,0
47,2,226.91,244.58,60.272,120.54,3,1,0,0,0,0,0,0,0,0,0,0,0,0,0,0,0,0,0,0
47,4,488.88,221.58,53.054,106.11,5,1,0,0,0,0,0,0,0,0,0,0,0,0,0,0,0,0,0,0
47,6,450.01,223.67,52.539,105.08,5,1,0,0,0,0,0,0,0,0,0,0,0,0,0,0,0,0,0,0
47,7,262.82,235.38,41.687,83.374,3,1,0,0,0,0,0,0,0,0,0,0,0,0,0,0,0,0,0,0
47,8,532.37,228.31,50.864,101.73,5,1,0,0,0,0,0,0,0,0,0,0,0,0,0,0,0,0,0,0
48,1,173.62,226.84,69.818,139.64,3,1,0,0,0,0,0,0,0,0,0,0,0,0,0,0,0,0,0,0
48,2,224.95,245.21,60.353,120.71,3,1,0,0,0,0,0,0,0,0,0,0,0,0,0,0,0,0,0,0
48,4,484.86,222.25,52.917,105.83,5,1,0,0,0,0,0,0,0,0,0,0,0,0,0,0,0,0,0,0
48,6,445.84,224.32,52.422,104.84,5,1,0,0,0,0,0,0,0,0,0,0,0,0,0,0,0,0,0,0
48,7,260.68,235.99,41.767,83.534,3,1,0,0,0,0,0,0,0,0,0,0,0,0,0,0,0,0,0,0
48,8,528.12,228.96,50.723,101.45,5,1,0,0,0,0,0,0,0,0,0,0,0,0,0,0,0,0,0,0
49,1,173.86,225.18,69.834,139.67,3,1,0,0,0,0,0,0,0,0,0,0,0,0,0,0,0,0,0,0
49,2,225.15,243.56,60.385,120.77,3,1,0,0,0,0,0,0,0,0,0,0,0,0,0,0,0,0,0,0
49,4,483.05,220.62,52.847,105.69,5,1,0,0,0,0,0,0,0,0,0,0,0,0,0,0,0,0,0,0
49,6,443.81,222.69,52.356,104.71,5,1,0,0,0,0,0,0,0,0,0,0,0,0,0,0,0,0,0,0
49,7,260.64,234.33,41.822,83.644,3,1,0,0,0,0,0,0,0,0,0,0,0,0,0,0,0,0,0,0
49,8,526.2,227.32,50.665,101.33,5,1,0,0,0,0,0,0,0,0,0,0,0,0,0,0,0,0,0,0
50,1,173.53,224.11,69.869,139.74,3,1,0,0,0,0,0,0,0,0,0,0,0,0,0,0,0,0,0,0
50,2,224.78,242.5,60.426,120.85,3,1,0,0,0,0,0,0,0,0,0,0,0,0,0,0,0,0,0,0
50,4,480.69,219.58,52.757,105.51,5,1,0,0,0,0,0,0,0,0,0,0,0,0,0,0,0,0,0,0
50,6,441.22,221.65,52.275,104.55,5,1,0,0,0,0,0,0,0,0,0,0,0,0,0,0,0,0,0,0
50,7,260.06,233.26,41.882,83.764,3,1,0,0,0,0,0,0,0,0,0,0,0,0,0,0,0,0,0,0
50,8,523.69,226.27,50.584,101.17,5,1,0,0,0,0,0,0,0,0,0,0,0,0,0,0,0,0,0,0
51,1,173.78,223.72,69.885,139.77,3,1,1,3,-0.4761,0.021487,0.0424,0.084799,3,1,208.72,363.49,69.885,139.77,208.72,68.953,348.49,363.49,433.37,433.37
51,2,224.99,242.11,60.454,120.91,3,1,1,2,-0.49212,0.045015,0.048067,0.096134,3,1,255.21,363.02,60.454,120.91,255.21,134.31,376.12,363.02,423.48,423.48
51,4,478.91,219.22,52.685,105.37,5,1,2,0,-2.609,-0.21102,-0.093181,-0.18636,5,1,505.26,324.59,52.685,105.37,505.26,399.89,399.89,324.59,271.9,377.27
51,6,439.19,221.28,52.209,104.42,5,1,2,0,-2.7895,-0.20144,-0.085572,-0.17114,5,1,465.3,325.7,52.209,104.42,465.3,360.88,360.88,325.7,273.49,377.91
51,8,521.8,225.89,50.525,101.05,5,1,2,0,-2.7592,-0.2112,-0.087127,-0.17425,5,1,547.06,326.94,50.525,101.05,547.06,446.01,446.01,326.94,276.42,377.47
52,1,172.55,223.97,69.956,139.91,3,1,0,0,0,0,0,0,0,0,0,0,0,0,0,0,0,0,0,0
52,2,223.78,242.38,60.515,121.03,3,1,0,0,0,0,0,0,0,0,0,0,0,0,0,0,0,0,0,0
52,4,475.73,219.52,52.572,105.14,5,1,0,0,0,0,0,0,0,0,0,0,0,0,0,0,0,0,0,0
52,6,435.79,221.57,52.114,104.23,5,1,0,0,0,0,0,0,0,0,0,0,0,0,0,0,0,0,0,0
52,8,518.43,226.18,50.416,100.83,5,1,0,0,0,0,0,0,0,0,0,0,0,0,0,0,0,0,0,0
53,1,170.46,224.68,70.056,140.11,3,1,0,0,0,0,0,0,0,0,0,0,0,0,0,0,0,0,0,0
53,2,221.75,243.12,60.593,121.19,3,1,0,0,0,0,0,0,0,0,0,0,0,0,0,0,0,0,0,0
53,4,471.72,220.3,52.435,104.87,5,1,0,0,0,0,0,0,0,0,0,0,0,0,0,0,0,0,0,0
53,6,431.58,222.33,52.002,104,5,1,0,0,0,0,0,0,0,0,0,0,0,0,0,0,0,0,0,0
53,8,514.2,226.94,50.277,100.55,5,1,0,0,0,0,0,0,0,0,0,0,0,0,0,0,0,0,0,0
54,1,169.39,224.59,70.122,140.24,3,1,0,0,0,0,0,0,0,0,0,0,0,0,0,0,0,0,0,0
54,2,220.71,243.05,60.649,121.3,3,1,0,0,0,0,0,0,0,0,0,0,0,0,0,0,0,0,0,0
54,4,468.74,220.25,52.329,104.66,5,1,0,0,0,0,0,0,0,0,0,0,0,0,0,0,0,0,0,0
54,6,428.35,222.28,51.915,103.83,5,1,0,0,0,0,0,0,0,0,0,0,0,0,0,0,0,0,0,0
54,8,511.04,226.88,50.176,100.35,5,1,0,0,0,0,0,0,0,0,0,0,0,0,0,0,0,0,0,0
55,1,170.67,224.58,70.102,140.2,3,1,0,0,0,0,0,0,0,0,0,0,0,0,0,0,0,0,0,0
55,2,221.9,243.04,60.655,121.31,3,1,0,0,0,0,0,0,0,0,0,0,0,0,0,0,0,0,0,0
55,4,468.01,220.26,52.286,104.57,5,1,0,0,0,0,0,0,0,0,0,0,0,0,0,0,0,0,0,0
55,6,427.3,222.28,51.872,103.74,5,1,0,0,0,0,0,0,0,0,0,0,0,0,0,0,0,0,0,0
55,8,510.25,226.88,50.153,100.31,5,1,0,0,0,0,0,0,0,0,0,0,0,0,0,0,0,0,0,0
56,1,171.62,224.82,70.09,140.18,3,1,0,0,0,0,0,0,0,0,0,0,0,0,0,0,0,0,0,0
56,2,222.76,243.28,60.663,121.33,3,1,0,0,0,0,0,0,0,0,0,0,0,0,0,0,0,0,0,0
56,4,466.95,220.51,52.229,104.46,5,1,0,0,0,0,0,0,0,0,0,0,0,0,0,0,0,0,0,0
56,6,425.92,222.54,51.819,103.64,5,1,0,0,0,0,0,0,0,0,0,0,0,0,0,0,0,0,0,0
56,8,509.11,227.12,50.115,100.23,5,1,0,0,0,0,0,0,0,0,0,0,0,0,0,0,0,0,0,0
57,1,172.58,225.7,70.078,140.16,3,1,0,0,0,0,0,0,0,0,0,0,0,0,0,0,0,0,0,0
57,2,223.65,244.15,60.671,121.34,3,1,0,0,0,0,0,0,0,0,0,0,0,0,0,0,0,0,0,0
57,4,465.92,221.41,52.171,104.34,5,1,0,0,0,0,0,0,0,0,0,0,0,0,0,0,0,0,0,0
57,6,424.56,223.43,51.766,103.53,5,1,0,0,0,0,0,0,0,0,0,0,0,0,0,0,0,0,0,0
57,8,507.99,228.01,50.076,100.15,5,1,0,0,0,0,0,0,0,0,0,0,0,0,0,0,0,0,0,0
58,1,173.06,224.4,70.083,140.17,3,1,0,0,0,0,0,0,0,0,0,0,0,0,0,0,0,0,0,0
58,2,224.08,242.85,60.687,121.37,3,1,0,0,0,0,0,0,0,0,0,0,0,0,0,0,0,0,0,0
58,4,464.44,220.13,52.1,104.2,5,1,0,0,0,0,0,0,0,0,0,0,0,0,0,0,0,0,0,0
58,6,422.76,222.14,51.703,103.41,5,1,0,0,0,0,0,0,0,0,0,0,0,0,0,0,0,0,0,0
58,8,506.41,226.72,50.02,100.04,5,1,0,0,0,0,0,0,0,0,0,0,0,0,0,0,0,0,0,0
59,1,173.6,224.35,70.087,140.17,3,1,0,0,0,0,0,0,0,0,0,0,0,0,0,0,0,0,0,0
59,2,224.57,242.8,60.703,121.41,3,1,0,0,0,0,0,0,0,0,0,0,0,0,0,0,0,0,0,0
59,4,463.04,220.1,52.03,104.06,5,1,0,0,0,0,0,0,0,0,0,0,0,0,0,0,0,0,0,0
59,6,421.02,222.11,51.642,103.28,5,1,0,0,0,0,0,0,0,0,0,0,0,0,0,0,0,0,0,0
59,8,504.91,226.68,49.967,99.933,5,1,0,0,0,0,0,0,0,0,0,0,0,0,0,0,0,0,0,0
60,1,173.87,224.79,70.1,140.2,3,1,0,0,0,0,0,0,0,0,0,0,0,0,0,0,0,0,0,0
60,2,224.81,243.25,60.724,121.45,3,1,0,0,0,0,0,0,0,0,0,0,0,0,0,0,0,0,0,0
60,4,461.39,220.58,51.953,103.91,5,1,0,0,0,0,0,0,0,0,0,0,0,0,0,0,0,0,0,0
60,6,419.05,222.58,51.576,103.15,5,1,0,0,0,0,0,0,0,0,0,0,0,0,0,0,0,0,0,0
60,8,503.16,227.14,49.904,99.808,5,1,0,0,0,0,0,0,0,0,0,0,0,0,0,0,0,0,0,0
61,1,174.3,224.83,70.107,140.21,3,1,1,3,0.42109,0.063689,0.0086576,0.017315,3,1,209.35,365.04,70.107,140.21,209.35,69.137,349.57,365.04,435.15,435.15
61,2,225.21,243.29,60.741,121.48,3,1,1,2,0.37983,0.090046,0.020124,0.040249,3,1,255.58,364.77,60.741,121.48,255.58,134.1,377.06,364.77,425.51,425.51
61,4,459.9,220.63,51.879,103.76,5,1,2,0,-1.5815,-0.070699,-0.07109,-0.14218,5,1,485.84,324.39,51.879,103.76,485.84,382.08,382.08,324.39,272.51,376.27
61,6,417.22,222.63,51.512,103.02,5,1,2,0,-1.8888,-0.05879,-0.06259,-0.12518,5,1,442.97,325.66,51.512,103.02,442.97,339.95,339.95,325.66,274.15,377.17
61,8,501.57,227.19,49.846,99.691,5,1,2,0,-1.6778,-0.051975,-0.055922,-0.11184,5,1,526.5,326.88,49.846,99.691,526.5,426.81,426.81,326.88,277.03,376.72
62,1,175.56,224.06,70.088,140.18,3,1,0,0,0,0,0,0,0,0,0,0,0,0,0,0,0,0,0,0
62,2,226.4,242.52,60.742,121.48,3,1,0,0,0,0,0,0,0,0,0,0,0,0,0,0,0,0,0,0
62,4,459.23,219.89,51.827,103.65,5,1,0,0,0,0,0,0,0,0,0,0,0,0,0,0,0,0,0,0
62,6,416.18,221.88,51.465,102.93,5,1,0,0,0,0,0,0,0,0,0,0,0,0,0,0,0,0,0,0
62,8,500.85,226.43,49.815,99.629,5,1,0,0,0,0,0,0,0,0,0,0,0,0,0,0,0,0,0,0
63,1,176.53,223.48,70.078,140.16,3,1,0,0,0,0,0,0,0,0,0,0,0,0,0,0,0,0,0,0
63,2,227.32,241.94,60.749,121.5,3,1,0,0,0,0,0,0,0,0,0,0,0,0,0,0,0,0,0,0
63,4,458.29,219.32,51.767,103.53,5,1,0,0,0,0,0,0,0,0,0,0,0,0,0,0,0,0,0,0
63,6,414.87,221.31,51.411,102.82,5,1,0,0,0,0,0,0,0,0,0,0,0,0,0,0,0,0,0,0
63,8,499.84,225.85,49.773,99.547,5,1,0,0,0,0,0,0,0,0,0,0,0,0,0,0,0,0,0,0
64,1,177.04,222.81,70.085,140.17,3,1,0,0,0,0,0,0,0,0,0,0,0,0,0,0,0,0,0,0
64,2,227.82,241.27,60.765,121.53,3,1,0,0,0,0,0,0,0,0,0,0,0,0,0,0,0,0,0,0
64,4,456.93,218.67,51.695,103.39,5,1,0,0,0,0,0,0,0,0,0,0,0,0,0,0,0,0,0,0
64,6,413.15,220.66,51.349,102.7,5,1,0,0,0,0,0,0,0,0,0,0,0,0,0,0,0,0,0,0
64,8,498.4,225.19,49.718,99.435,5,1,0,0,0,0,0,0,0,0,0,0,0,0,0,0,0,0,0,0
65,1,177.32,222.69,70.101,140.2,3,1,0,0,0,0,0,0,0,0,0,0,0,0,0,0,0,0,0,0
65,2,228.09,241.15,60.785,121.57,3,1,0,0,0,0,0,0,0,0,0,0,0,0,0,0,0,0,0,0
65,4,455.36,218.58,51.617,103.23,5,1,0,0,0,0,0,0,0,0,0,0,0,0,0,0,0,0,0,0
65,6,411.23,220.56,51.284,102.57,5,1,0,0,0,0,0,0,0,0,0,0,0,0,0,0,0,0,0,0
65,8,496.75,225.09,49.654,99.308,5,1,0,0,0,0,0,0,0,0,0,0,0,0,0,0,0,0,0,0
66,1,176.42,222.82,70.165,140.33,3,1,0,0,0,0,0,0,0,0,0,0,0,0,0,0,0,0,0,0
66,2,227.26,241.3,60.836,121.67,3,1,0,0,0,0,0,0,0,0,0,0,0,0,0,0,0,0,0,0
66,4,452.72,218.76,51.517,103.03,5,1,0,0,0,0,0,0,0,0,0,0,0,0,0,0,0,0,0,0
66,6,408.26,220.73,51.207,102.41,5,1,0,0,0,0,0,0,0,0,0,0,0,0,0,0,0,0,0,0
66,8,493.98,225.25,49.561,99.123,5,1,0,0,0,0,0,0,0,0,0,0,0,0,0,0,0,0,0,0
67,1,175.91,223.49,70.211,140.42,3,1,0,0,0,0,0,0,0,0,0,0,0,0,0,0,0,0,0,0
67,2,226.78,241.98,60.873,121.75,3,1,0,0,0,0,0,0,0,0,0,0,0,0,0,0,0,0,0,0
67,4,450.43,219.47,51.422,102.84,5,1,0,0,0,0,0,0,0,0,0,0,0,0,0,0,0,0,0,0
67,6,405.63,221.43,51.131,102.26,5,1,0,0,0,0,0,0,0,0,0,0,0,0,0,0,0,0,0,0
67,8,491.58,225.95,49.475,98.951,5,1,0,0,0,0,0,0,0,0,0,0,0,0,0,0,0,0,0,0
68,1,175.16,223.72,70.264,140.53,3,1,0,0,0,0,0,0,0,0,0,0,0,0,0,0,0,0,0,0
68,2,226.09,242.23,60.915,121.83,3,1,0,0,0,0,0,0,0,0,0,0,0,0,0,0,0,0,0,0
68,4,447.94,219.74,51.321,102.64,5,1,0,0,0,0,0,0,0,0,0,0,0,0,0,0,0,0,0,0
68,6,402.8,221.69,51.053,102.11,5,1,0,0,0,0,0,0,0,0,0,0,0,0,0,0,0,0,0,0
68,8,488.98,226.21,49.382,98.765,5,1,0,0,0,0,0,0,0,0,0,0,0,0,0,0,0,0,0,0
69,1,175.24,224.35,70.292,140.58,3,1,0,0,0,0,0,0,0,0,0,0,0,0,0,0,0,0,0,0
69,2,226.2,242.87,60.942,121.88,3,1,0,0,0,0,0,0,0,0,0,0,0,0,0,0,0,0,0,0
69,4,446.26,220.41,51.242,102.48,5,1,0,0,0,0,0,0,0,0,0,0,0,0,0,0,0,0,0,0
69,6,400.76,222.35,50.989,101.98,5,1,0,0,0,0,0,0,0,0,0,0,0,0,0,0,0,0,0,0
69,8,487.23,226.86,49.316,98.633,5,1,0,0,0,0,0,0,0,0,0,0,0,0,0,0,0,0,0,0
70,1,175.35,224.02,70.317,140.63,3,1,0,0,0,0,0,0,0,0,0,0,0,0,0,0,0,0,0,0
70,2,226.35,242.54,60.968,121.94,3,1,0,0,0,0,0,0,0,0,0,0,0,0,0,0,0,0,0,0
70,4,444.63,220.1,51.163,102.33,5,1,0,0,0,0,0,0,0,0,0,0,0,0,0,0,0,0,0,0
70,6,398.76,222.04,50.924,101.85,5,1,0,0,0,0,0,0,0,0,0,0,0,0,0,0,0,0,0,0
70,8,485.53,226.54,49.25,98.5,5,1,0,0,0,0,0,0,0,0,0,0,0,0,0,0,0,0,0,0
71,1,175.5,224.79,70.343,140.69,3,1,1,3,-0.13356,0.19947,0.03356,0.06712,3,1,210.67,365.48,70.343,140.69,210.67,69.987,351.36,365.48,435.82,435.82
71,2,226.53,243.32,60.994,121.99,3,1,1,2,-0.10704,0.20344,0.031034,0.062068,3,1,257.03,365.31,60.994,121.99,257.03,135.04,379.02,365.31,426.3,426.3
71,4,443.05,220.91,51.085,102.17,5,1,2,0,-1.977,-0.004714,-0.085823,-0.17165,5,1,468.59,323.08,51.085,102.17,468.59,366.42,366.42,323.08,271.99,374.16
71,6,396.82,222.84,50.861,101.72,5,1,2,0,-2.3186,0.020612,-0.069142,-0.13828,5,1,422.25,324.56,50.861,101.72,422.25,320.53,320.53,324.56,273.7,375.42
71,8,483.88,227.34,49.186,98.371,5,1,2,0,-2.064,0.0060336,-0.074145,-0.14829,5,1,508.48,325.71,49.186,98.371,508.48,410.1,410.1,325.71,276.52,374.89
72,1,176.8,225.71,70.323,140.65,3,1,0,0,0,0,0,0,0,0,0,0,0,0,0,0,0,0,0,0
72,2,227.82,244.24,60.991,121.98,3,1,0,0,0,0,0,0,0,0,0,0,0,0,0,0,0,0,0,0
72,4,442.55,221.84,51.026,102.05,5,1,0,0,0,0,0,0,0,0,0,0,0,0,0,0,0,0,0,0
72,6,395.93,223.77,50.808,101.62,5,1,0,0,0,0,0,0,0,0,0,0,0,0,0,0,0,0,0,0
72,8,483.36,228.26,49.148,98.295,5,1,0,0,0,0,0,0,0,0,0,0,0,0,0,0,0,0,0,0
73,1,176.61,225.39,70.362,140.72,3,1,0,0,0,0,0,0,0,0,0,0,0,0,0,0,0,0,0,0
73,2,227.69,243.93,61.024,122.05,3,1,0,0,0,0,0,0,0,0,0,0,0,0,0,0,0,0,0,0
73,4,440.68,221.56,50.941,101.88,5,1,0,0,0,0,0,0,0,0,0,0,0,0,0,0,0,0,0,0
73,6,393.7,223.47,50.74,101.48,5,1,0,0,0,0,0,0,0,0,0,0,0,0,0,0,0,0,0,0
73,8,481.42,227.96,49.073,98.146,5,1,0,0,0,0,0,0,0,0,0,0,0,0,0,0,0,0,0,0
74,1,175.49,224.72,70.435,140.87,3,1,0,0,0,0,0,0,0,0,0,0,0,0,0,0,0,0,0,0
74,2,226.69,243.28,61.077,122.15,3,1,0,0,0,0,0,0,0,0,0,0,0,0,0,0,0,0,0,0
74,4,437.96,220.94,50.837,101.67,5,1,0,0,0,0,0,0,0,0,0,0,0,0,0,0,0,0,0,0
74,6,390.65,222.84,50.663,101.33,5,1,0,0,0,0,0,0,0,0,0,0,0,0,0,0,0,0,0,0
74,8,478.61,227.33,48.975,97.95,5,1,0,0,0,0,0,0,0,0,0,0,0,0,0,0,0,0,0,0
75,1,174.96,223.5,70.485,140.97,3,1,0,0,0,0,0,0,0,0,0,0,0,0,0,0,0,0,0,0
75,2,226.25,242.07,61.115,122.23,3,1,0,0,0,0,0,0,0,0,0,0,0,0,0,0,0,0,0,0
75,4,435.8,219.75,50.743,101.49,5,1,0,0,0,0,0,0,0,0,0,0,0,0,0,0,0,0,0,0
75,6,388.15,221.65,50.59,101.18,5,1,0,0,0,0,0,0,0,0,0,0,0,0,0,0,0,0,0,0
75,8,476.38,226.13,48.89,97.779,5,1,0,0,0,0,0,0,0,0,0,0,0,0,0,0,0,0,0,0
76,1,175.43,223.36,70.498,141,3,1,0,0,0,0,0,0,0,0,0,0,0,0,0,0,0,0,0,0
76,2,226.77,241.93,61.13,122.26,3,1,0,0,0,0,0,0,0,0,0,0,0,0,0,0,0,0,0,0
76,4,434.59,219.64,50.668,101.34,5,1,0,0,0,0,0,0,0,0,0,0,0,0,0,0,0,0,0,0
76,6,386.58,221.53,50.527,101.05,5,1,0,0,0,0,0,0,0,0,0,0,0,0,0,0,0,0,0,0
76,8,475.14,226.01,48.829,97.658,5,1,0,0,0,0,0,0,0,0,0,0,0,0,0,0,0,0,0,0
77,1,175.71,223.91,70.522,141.04,3,1,0,0,0,0,0,0,0,0,0,0,0,0,0,0,0,0,0,0
77,2,227.12,242.49,61.154,122.31,3,1,0,0,0,0,0,0,0,0,0,0,0,0,0,0,0,0,0,0
77,4,433.25,220.22,50.592,101.18,5,1,0,0,0,0,0,0,0,0,0,0,0,0,0,0,0,0,0,0
77,6,384.87,222.1,50.465,100.93,5,1,0,0,0,0,0,0,0,0,0,0,0,0,0,0,0,0,0,0
77,8,473.76,226.58,48.767,97.534,5,1,0,0,0,0,0,0,0,0,0,0,0,0,0,0,0,0,0,0
78,1,176.97,222.6,70.51,141.02,3,1,0,0,0,0,0,0,0,0,0,0,0,0,0,0,0,0,0,0
78,2,228.4,241.18,61.156,122.31,3,1,0,0,0,0,0,0,0,0,0,0,0,0,0,0,0,0,0,0
78,4,432.81,218.93,50.533,101.07,5,1,0,0,0,0,0,0,0,0,0,0,0,0,0,0,0,0,0,0
78,6,384.06,220.81,50.411,100.82,5,1,0,0,0,0,0,0,0,0,0,0,0,0,0,0,0,0,0,0
78,8,473.33,225.27,48.727,97.455,5,1,0,0,0,0,0,0,0,0,0,0,0,0,0,0,0,0,0,0
79,1,177.2,223.65,70.534,141.07,3,1,0,0,0,0,0,0,0,0,0,0,0,0,0,0,0,0,0,0
79,2,228.73,242.23,61.179,122.36,3,1,0,0,0,0,0,0,0,0,0,0,0,0,0,0,0,0,0,0
79,4,431.45,220.01,50.454,100.91,5,1,0,0,0,0,0,0,0,0,0,0,0,0,0,0,0,0,0,0
79,6,382.35,221.88,50.346,100.69,5,1,0,0,0,0,0,0,0,0,0,0,0,0,0,0,0,0,0,0
79,8,471.94,226.34,48.661,97.323,5,1,0,0,0,0,0,0,0,0,0,0,0,0,0,0,0,0,0,0
80,1,177.08,223.05,70.58,141.16,3,1,0,0,0,0,0,0,0,0,0,0,0,0,0,0,0,0,0,0
80,2,228.72,241.64,61.217,122.43,3,1,0,0,0,0,0,0,0,0,0,0,0,0,0,0,0,0,0,0
80,4,429.8,219.44,50.375,100.75,5,1,0,0,0,0,0,0,0,0,0,0,0,0,0,0,0,0,0,0
80,6,380.36,221.31,50.283,100.57,5,1,0,0,0,0,0,0,0,0,0,0,0,0,0,0,0,0,0,0
80,8,470.26,225.77,48.592,97.184,5,1,0,0,0,0,0,0,0,0,0,0,0,0,0,0,0,0,0,0
81,1,176.75,223.65,70.626,141.25,3,1,1,3,0.12155,-0.19891,0.029374,0.058748,3,1,212.06,364.9,70.626,141.25,212.06,70.809,353.31,364.9,435.52,435.52
81,2,228.53,242.25,61.253,122.51,3,1,1,2,0.199,-0.1968,0.026513,0.053027,3,1,259.15,364.76,61.253,122.51,259.15,136.65,381.66,364.76,426.01,426.01
81,4,427.95,220.08,50.286,100.57,5,1,2,0,-1.5575,-0.38629,-0.080299,-0.1606,5,1,453.09,320.65,50.286,100.57,453.09,352.52,352.52,320.65,270.36,370.93
81,6,378.18,221.93,50.213,100.43,5,1,2,0,-1.9026,-0.36326,-0.065085,-0.13017,5,1,403.29,322.36,50.213,100.43,403.29,302.86,302.86,322.36,272.14,372.57
81,8,468.38,226.39,48.512,97.024,5,1,2,0,-1.5907,-0.37358,-0.067889,-0.13578,5,1,492.63,323.41,48.512,97.024,492.63,395.61,395.61,323.41,274.9,371.92
82,1,177.24,223.73,70.645,141.29,3,1,0,0,0,0,0,0,0,0,0,0,0,0,0,0,0,0,0,0
82,2,229.12,242.34,61.274,122.55,3,1,0,0,0,0,0,0,0,0,0,0,0,0,0,0,0,0,0,0
82,4,426.9,220.19,50.213,100.43,5,1,0,0,0,0,0,0,0,0,0,0,0,0,0,0,0,0,0,0
82,6,376.79,222.04,50.151,100.3,5,1,0,0,0,0,0,0,0,0,0,0,0,0,0,0,0,0,0,0
82,8,467.32,226.49,48.453,96.906,5,1,0,0,0,0,0,0,0,0,0,0,0,0,0,0,0,0,0,0
83,1,178.98,223.83,70.62,141.24,3,1,0,0,0,0,0,0,0,0,0,0,0,0,0,0,0,0,0,0
83,2,230.91,242.44,61.269,122.54,3,1,0,0,0,0,0,0,0,0,0,0,0,0,0,0,0,0,0,0
83,4,427.01,220.3,50.161,100.32,5,1,0,0,0,0,0,0,0,0,0,0,0,0,0,0,0,0,0,0
83,6,376.55,222.15,50.099,100.2,5,1,0,0,0,0,0,0,0,0,0,0,0,0,0,0,0,0,0,0
83,8,467.48,226.59,48.422,96.844,5,1,0,0,0,0,0,0,0,0,0,0,0,0,0,0,0,0,0,0
84,1,178.58,224.18,70.669,141.34,3,1,0,0,0,0,0,0,0,0,0,0,0,0,0,0,0,0,0,0
84,2,230.69,242.8,61.307,122.61,3,1,0,0,0,0,0,0,0,0,0,0,0,0,0,0,0,0,0,0
84,4,425.17,220.69,50.071,100.14,5,1,0,0,0,0,0,0,0,0,0,0,0,0,0,0,0,0,0,0
84,6,374.4,222.53,50.027,100.05,5,1,0,0,0,0,0,0,0,0,0,0,0,0,0,0,0,0,0,0
84,8,465.61,226.97,48.339,96.678,5,1,0,0,0,0,0,0,0,0,0,0,0,0,0,0,0,0,0,0
85,1,178.69,224.82,70.703,141.41,3,1,0,0,0,0,0,0,0,0,0,0,0,0,0,0,0,0,0,0
85,2,230.94,243.45,61.336,122.67,3,1,0,0,0,0,0,0,0,0,0,0,0,0,0,0,0,0,0,0
85,4,423.81,221.37,49.99,99.979,5,1,0,0,0,0,0,0,0,0,0,0,0,0,0,0,0,0,0,0
85,6,372.73,223.2,49.959,99.919,5,1,0,0,0,0,0,0,0,0,0,0,0,0,0,0,0,0,0,0
85,8,464.25,227.63,48.268,96.537,5,1,0,0,0,0,0,0,0,0,0,0,0,0,0,0,0,0,0,0
86,1,178.58,224.87,70.744,141.49,3,1,0,0,0,0,0,0,0,0,0,0,0,0,0,0,0,0,0,0
86,2,231,243.51,61.369,122.74,3,1,0,0,0,0,0,0,0,0,0,0,0,0,0,0,0,0,0,0
86,4,422.26,221.45,49.904,99.808,5,1,0,0,0,0,0,0,0,0,0,0,0,0,0,0,0,0,0,0
86,6,370.9,223.27,49.89,99.779,5,1,0,0,0,0,0,0,0,0,0,0,0,0,0,0,0,0,0,0
86,8,462.71,227.7,48.192,96.383,5,1,0,0,0,0,0,0,0,0,0,0,0,0,0,0,0,0,0,0
87,1,178.43,225.47,70.791,141.58,3,1,0,0,0,0,0,0,0,0,0,0,0,0,0,0,0,0,0,0
87,2,231.05,244.12,61.408,122.82,3,1,0,0,0,0,0,0,0,0,0,0,0,0,0,0,0,0,0,0
87,4,420.74,222.09,49.823,99.645,5,1,0,0,0,0,0,0,0,0,0,0,0,0,0,0,0,0,0,0
87,6,369.08,223.9,49.824,99.647,5,1,0,0,0,0,0,0,0,0,0,0,0,0,0,0,0,0,0,0
87,8,461.19,228.32,48.118,96.237,5,1,0,0,0,0,0,0,0,0,0,0,0,0,0,0,0,0,0,0
88,1,177.85,224.84,70.855,141.71,3,1,0,0,0,0,0,0,0,0,0,0,0,0,0,0,0,0,0,0
88,2,230.69,243.5,61.456,122.91,3,1,0,0,0,0,0,0,0,0,0,0,0,0,0,0,0,0,0,0
88,4,418.82,221.49,49.734,99.467,5,1,0,0,0,0,0,0,0,0,0,0,0,0,0,0,0,0,0,0
88,6,366.89,223.3,49.754,99.508,5,1,0,0,0,0,0,0,0,0,0,0,0,0,0,0,0,0,0,0
88,8,459.27,227.72,48.034,96.068,5,1,0,0,0,0,0,0,0,0,0,0,0,0,0,0,0,0,0,0
89,1,177.56,224.66,70.907,141.81,3,1,0,0,0,0,0,0,0,0,0,0,0,0,0,0,0,0,0,0
89,2,230.62,243.34,61.497,122.99,3,1,0,0,0,0,0,0,0,0,0,0,0,0,0,0,0,0,0,0
89,4,417.2,221.35,49.649,99.299,5,1,0,0,0,0,0,0,0,0,0,0,0,0,0,0,0,0,0,0
89,6,365,223.15,49.686,99.372,5,1,0,0,0,0,0,0,0,0,0,0,0,0,0,0,0,0,0,0
89,8,457.66,227.57,47.956,95.913,5,1,0,0,0,0,0,0,0,0,0,0,0,0,0,0,0,0,0,0
90,1,177.61,224.19,70.944,141.89,3,1,0,0,0,0,0,0,0,0,0,0,0,0,0,0,0,0,0,0
90,2,230.88,242.88,61.529,123.06,3,1,0,0,0,0,0,0,0,0,0,0,0,0,0,0,0,0,0,0
90,4,415.89,220.92,49.566,99.133,5,1,0,0,0,0,0,0,0,0,0,0,0,0,0,0,0,0,0,0
90,6,363.44,222.71,49.616,99.233,5,1,0,0,0,0,0,0,0,0,0,0,0,0,0,0,0,0,0,0
90,8,456.38,227.13,47.882,95.763,5,1,0,0,0,0,0,0,0,0,0,0,0,0,0,0,0,0,0,0
91,1,178.37,224.51,70.954,141.91,3,1,1,3,-0.023247,0.158,0.040876,0.081752,3,1,213.84,366.42,70.954,141.91,213.84,71.936,355.75,366.42,437.38,437.38
91,2,231.82,243.21,61.545,123.09,4,1,1,2,0.15612,0.15491,0.034015,0.06803,3,1,262.59,366.3,61.545,123.09,262.59,139.5,385.68,366.3,427.84,427.84
91,4,415.27,221.27,49.493,98.986,5,1,2,0,-1.4887,-0.053746,-0.082391,-0.16478,5,1,440.01,320.25,49.493,98.986,440.01,341.03,341.03,320.25,270.76,369.75
91,6,362.56,223.06,49.549,99.099,5,1,2,0,-1.7683,-0.031735,-0.067727,-0.13545,5,1,387.33,322.15,49.549,99.099,387.33,288.23,288.23,322.15,272.61,371.7
91,8,455.8,227.46,47.821,95.642,5,1,2,0,-1.4768,-0.047956,-0.073714,-0.14743,5,1,479.71,323.1,47.821,95.642,479.71,384.07,384.07,323.1,275.28,370.93
92,1,178.6,224.36,70.987,141.97,3,1,0,0,0,0,0,0,0,0,0,0,0,0,0,0,0,0,0,0
92,2,232.28,243.07,61.575,123.15,4,1,0,0,0,0,0,0,0,0,0,0,0,0,0,0,0,0,0,0
92,4,414.19,221.15,49.415,98.83,5,1,0,0,0,0,0,0,0,0,0,0,0,0,0,0,0,0,0,0
92,6,361.24,222.93,49.482,98.964,5,1,0,0,0,0,0,0,0,0,0,0,0,0,0,0,0,0,0,0
92,8,454.76,227.33,47.751,95.503,5,1,0,0,0,0,0,0,0,0,0,0,0,0,0,0,0,0,0,0
93,1,178.4,224.94,71.034,142.07,3,1,0,0,0,0,0,0,0,0,0,0,0,0,0,0,0,0,0,0
93,2,232.34,243.66,61.613,123.23,4,1,0,0,0,0,0,0,0,0,0,0,0,0,0,0,0,0,0,0
93,4,412.73,221.77,49.328,98.656,5,1,0,0,0,0,0,0,0,0,0,0,0,0,0,0,0,0,0,0
93,6,359.56,223.54,49.41,98.82,5,1,0,0,0,0,0,0,0,0,0,0,0,0,0,0,0,0,0,0
93,8,453.32,227.94,47.67,95.34,5,1,0,0,0,0,0,0,0,0,0,0,0,0,0,0,0,0,0,0
94,1,177.23,224.01,71.121,142.24,3,1,0,0,0,0,0,0,0,0,0,0,0,0,0,0,0,0,0,0
94,2,231.49,242.74,61.676,123.35,4,1,0,0,0,0,0,0,0,0,0,0,0,0,0,0,0,0,0,0
94,4,410.42,220.88,49.231,98.463,5,1,0,0,0,0,0,0,0,0,0,0,0,0,0,0,0,0,0,0
94,6,357.04,222.64,49.337,98.674,5,1,0,0,0,0,0,0,0,0,0,0,0,0,0,0,0,0,0,0
94,8,451.02,227.04,47.573,95.145,5,1,0,0,0,0,0,0,0,0,0,0,0,0,0,0,0,0,0,0
95,1,176.99,224.64,71.177,142.35,3,1,0,0,0,0,0,0,0,0,0,0,0,0,0,0,0,0,0,0
95,2,231.54,243.39,61.721,123.44,4,1,0,0,0,0,0,0,0,0,0,0,0,0,0,0,0,0,0,0
95,4,408.98,221.55,49.149,98.298,5,1,0,0,0,0,0,0,0,0,0,0,0,0,0,0,0,0,0,0
95,6,355.41,223.31,49.269,98.538,5,1,0,0,0,0,0,0,0,0,0,0,0,0,0,0,0,0,0,0
95,8,449.62,227.7,47.495,94.99,5,1,0,0,0,0,0,0,0,0,0,0,0,0,0,0,0,0,0,0
96,1,177.04,224.5,71.22,142.44,3,1,0,0,0,0,0,0,0,0,0,0,0,0,0,0,0,0,0,0
96,2,231.87,243.27,61.758,123.52,4,1,0,0,0,0,0,0,0,0,0,0,0,0,0,0,0,0,0,0
96,4,407.83,221.45,49.069,98.137,5,1,0,0,0,0,0,0,0,0,0,0,0,0,0,0,0,0,0,0
96,6,354.07,223.2,49.2,98.401,5,1,0,0,0,0,0,0,0,0,0,0,0,0,0,0,0,0,0,0
96,8,448.51,227.59,47.421,94.842,5,1,0,0,0,0,0,0,0,0,0,0,0,0,0,0,0,0,0,0
97,1,177.47,223.59,71.249,142.5,3,1,0,0,0,0,0,0,0,0,0,0,0,0,0,0,0,0,0,0
97,2,232.58,242.36,61.788,123.58,4,1,0,0,0,0,0,0,0,0,0,0,0,0,0,0,0,0,0,0
97,4,407.06,220.57,48.993,97.986,5,1,0,0,0,0,0,0,0,0,0,0,0,0,0,0,0,0,0,0
97,6,353.11,222.31,49.132,98.265,5,1,0,0,0,0,0,0,0,0,0,0,0,0,0,0,0,0,0,0
97,8,447.79,226.69,47.354,94.708,5,1,0,0,0,0,0,0,0,0,0,0,0,0,0,0,0,0,0,0
98,1,178.38,223.75,71.261,142.52,3,1,0,0,0,0,0,0,0,0,0,0,0,0,0,0,0,0,0,0
98,2,233.76,242.53,61.809,123.62,4,1,0,0,0,0,0,0,0,0,0,0,0,0,0,0,0,0,0,0
98,4,406.75,220.75,48.924,97.847,5,1,0,0,0,0,0,0,0,0,0,0,0,0,0,0,0,0,0,0
98,6,352.63,222.49,49.066,98.132,5,1,0,0,0,0,0,0,0,0,0,0,0,0,0,0,0,0,0,0
98,8,447.54,226.87,47.296,94.592,5,1,0,0,0,0,0,0,0,0,0,0,0,0,0,0,0,0,0,0
99,1,178.47,222.74,71.301,142.6,3,1,0,0,0,0,0,0,0,0,0,0,0,0,0,0,0,0,0,0
99,2,234.16,241.52,61.845,123.69,4,1,0,0,0,0,0,0,0,0,0,0,0,0,0,0,0,0,0,0
99,4,405.7,219.77,48.841,97.682,5,1,0,0,0,0,0,0,0,0,0,0,0,0,0,0,0,0,0,0
99,6,351.43,221.51,48.994,97.988,5,1,0,0,0,0,0,0,0,0,0,0,0,0,0,0,0,0,0,0
99,8,446.53,225.88,47.219,94.439,5,1,0,0,0,0,0,0,0,0,0,0,0,0,0,0,0,0,0,0
100,1,178.53,223.36,71.345,142.69,3,1,0,0,0,0,0,0,0,0,0,0,0,0,0,0,0,0,0,0
100,2,234.56,242.15,61.885,123.77,4,1,0,0,0,0,0,0,0,0,0,0,0,0,0,0,0,0,0,0
100,4,404.66,220.42,48.76,97.52,5,1,0,0,0,0,0,0,0,0,0,0,0,0,0,0,0,0,0,0
100,6,350.25,222.15,48.923,97.847,5,1,0,0,0,0,0,0,0,0,0,0,0,0,0,0,0,0,0,0
100,8,445.52,226.52,47.144,94.288,5,1,0,0,0,0,0,0,0,0,0,0,0,0,0,0,0,0,0,0
101,1,177.5,223.51,71.433,142.87,3,1,1,3,0.033311,-0.08463,0.044612,0.089225,3,1,213.22,366.38,71.433,142.87,213.22,70.355,356.09,366.38,437.81,437.81
101,2,233.93,242.33,61.951,123.9,4,1,1,2,0.32911,-0.084168,0.038955,0.07791,4,1,264.91,366.23,61.951,123.9,264.91,89.684,264.91,366.23,366.23,453.84
101,4,402.66,220.63,48.669,97.338,6,1,2,0,-1.2003,-0.30114,-0.081177,-0.16235,5,1,426.99,317.96,48.669,97.338,426.99,329.65,329.65,317.96,269.3,366.63
101,5,149.11,219.36,59.041,118.08,3,1,3,0,0,0,0,0,0,0,0,0,0,0,0,0,0,0,0,0
101,6,348.13,222.35,48.852,97.705,6,1,2,0,-1.3712,-0.28415,-0.069486,-0.13897,5,1,372.56,320.05,48.852,97.705,372.56,274.85,274.85,320.05,271.2,368.9
101,8,443.54,226.71,47.051,94.103,6,1,2,0,-1.1587,-0.30011,-0.075244,-0.15049,5,1,467.06,320.81,47.051,94.103,467.06,372.96,372.96,320.81,273.76,367.87
102,1,176.8,223.85,71.512,143.02,3,1,0,0,0,0,0,0,0,0,0,0,0,0,0,0,0,0,0,0
102,2,233.62,242.69,62.013,124.03,4,1,0,0,0,0,0,0,0,0,0,0,0,0,0,0,0,0,0,0
102,4,400.97,221.01,48.583,97.166,6,1,0,0,0,0,0,0,0,0,0,0,0,0,0,0,0,0,0,0
102,5,147.76,219.66,59.207,118.41,3,1,0,0,0,0,0,0,0,0,0,0,0,0,0,0,0,0,0,0
102,6,346.34,222.72,48.784,97.568,6,1,0,0,0,0,0,0,0,0,0,0,0,0,0,0,0,0,0,0
102,8,441.88,227.08,46.966,93.932,6,1,0,0,0,0,0,0,0,0,0,0,0,0,0,0,0,0,0,0
103,1,175.56,223.85,71.609,143.22,3,1,0,0,0,0,0,0,0,0,0,0,0,0,0,0,0,0,0,0
103,2,232.83,242.71,62.084,124.17,4,1,0,0,0,0,0,0,0,0,0,0,0,0,0,0,0,0,0,0
103,4,398.83,221.06,48.49,96.979,6,1,0,0,0,0,0,0,0,0,0,0,0,0,0,0,0,0,0,0
103,5,145.86,219.63,59.394,118.79,3,1,0,0,0,0,0,0,0,0,0,0,0,0,0,0,0,0,0,0
103,6,344.11,222.76,48.712,97.424,6,1,0,0,0,0,0,0,0,0,0,0,0,0,0,0,0,0,0,0
103,8,439.74,227.12,46.869,93.739,6,1,0,0,0,0,0,0,0,0,0,0,0,0,0,0,0,0,0,0
104,1,175.04,224.38,71.679,143.36,3,1,0,0,0,0,0,0,0,0,0,0,0,0,0,0,0,0,0,0
104,2,232.72,243.26,62.141,124.28,4,1,0,0,0,0,0,0,0,0,0,0,0,0,0,0,0,0,0,0
104,4,397.36,221.63,48.404,96.808,6,1,0,0,0,0,0,0,0,0,0,0,0,0,0,0,0,0,0,0
104,5,144.72,220.13,59.554,119.11,3,1,0,0,0,0,0,0,0,0,0,0,0,0,0,0,0,0,0,0
104,6,342.57,223.33,48.641,97.282,6,1,0,0,0,0,0,0,0,0,0,0,0,0,0,0,0,0,0,0
104,8,438.29,227.68,46.785,93.57,6,1,0,0,0,0,0,0,0,0,0,0,0,0,0,0,0,0,0,0
105,1,174.73,224.47,71.746,143.49,3,1,0,0,0,0,0,0,0,0,0,0,0,0,0,0,0,0,0,0
105,2,232.82,243.37,62.198,124.4,4,1,0,0,0,0,0,0,0,0,0,0,0,0,0,0,0,0,0,0
105,4,396.12,221.76,48.325,96.649,6,1,0,0,0,0,0,0,0,0,0,0,0,0,0,0,0,0,0,0
105,5,143.79,220.18,59.711,119.42,3,1,0,0,0,0,0,0,0,0,0,0,0,0,0,0,0,0,0,0
105,6,341.26,223.45,48.574,97.148,6,1,0,0,0,0,0,0,0,0,0,0,0,0,0,0,0,0,0,0
105,8,437.06,227.8,46.708,93.416,6,1,0,0,0,0,0,0,0,0,0,0,0,0,0,0,0,0,0,0
106,1,173.18,223.5,71.859,143.72,3,1,0,0,0,0,0,0,0,0,0,0,0,0,0,0,0,0,0,0
106,2,231.75,242.42,62.28,124.56,4,1,0,0,0,0,0,0,0,0,0,0,0,0,0,0,0,0,0,0
106,4,393.76,220.83,48.231,96.461,6,1,0,0,0,0,0,0,0,0,0,0,0,0,0,0,0,0,0,0
106,5,141.57,219.16,59.918,119.84,3,1,0,0,0,0,0,0,0,0,0,0,0,0,0,0,0,0,0,0
106,6,338.86,222.51,48.504,97.007,6,1,0,0,0,0,0,0,0,0,0,0,0,0,0,0,0,0,0,0
106,8,434.7,226.87,46.608,93.217,6,1,0,0,0,0,0,0,0,0,0,0,0,0,0,0,0,0,0,0
107,1,172.3,224.16,71.945,143.89,3,1,0,0,0,0,0,0,0,0,0,0,0,0,0,0,0,0,0,0
107,2,231.33,243.11,62.346,124.69,4,1,0,0,0,0,0,0,0,0,0,0,0,0,0,0,0,0,0,0
107,4,392.03,221.55,48.142,96.285,6,1,0,0,0,0,0,0,0,0,0,0,0,0,0,0,0,0,0,0
107,5,140.05,219.79,60.098,120.2,3,1,0,0,0,0,0,0,0,0,0,0,0,0,0,0,0,0,0,0
107,6,337.1,223.22,48.432,96.865,6,1,0,0,0,0,0,0,0,0,0,0,0,0,0,0,0,0,0,0
107,8,432.97,227.57,46.519,93.037,6,1,0,0,0,0,0,0,0,0,0,0,0,0,0,0,0,0,0,0
108,1,173.18,224.65,71.965,143.93,3,1,0,0,0,0,0,0,0,0,0,0,0,0,0,0,0,0,0,0
108,2,232.58,243.6,62.377,124.75,4,1,0,0,0,0,0,0,0,0,0,0,0,0,0,0,0,0,0,0
108,4,391.92,222.06,48.072,96.144,6,1,0,0,0,0,0,0,0,0,0,0,0,0,0,0,0,0,0,0
108,5,140.38,220.25,60.209,120.42,3,1,0,0,0,0,0,0,0,0,0,0,0,0,0,0,0,0,0,0
108,6,336.97,223.72,48.362,96.725,6,1,0,0,0,0,0,0,0,0,0,0,0,0,0,0,0,0,0,0
108,8,432.9,228.07,46.458,92.916,6,1,0,0,0,0,0,0,0,0,0,0,0,0,0,0,0,0,0,0
109,1,172.42,224.24,72.051,144.1,3,1,0,0,0,0,0,0,0,0,0,0,0,0,0,0,0,0,0,0
109,2,232.29,243.22,62.445,124.89,4,1,0,0,0,0,0,0,0,0,0,0,0,0,0,0,0,0,0,0
109,4,390.36,221.7,47.988,95.975,6,1,0,0,0,0,0,0,0,0,0,0,0,0,0,0,0,0,0,0
109,5,139,219.81,60.39,120.78,3,1,0,0,0,0,0,0,0,0,0,0,0,0,0,0,0,0,0,0
109,6,335.41,223.36,48.293,96.586,6,1,0,0,0,0,0,0,0,0,0,0,0,0,0,0,0,0,0,0
109,8,431.34,227.7,46.372,92.744,6,1,0,0,0,0,0,0,0,0,0,0,0,0,0,0,0,0,0,0
110,1,172.67,223.43,72.098,144.2,3,1,0,0,0,0,0,0,0,0,0,0,0,0,0,0,0,0,0,0
110,2,232.96,242.42,62.493,124.99,4,1,0,0,0,0,0,0,0,0,0,0,0,0,0,0,0,0,0,0
110,4,389.74,220.92,47.913,95.827,6,1,0,0,0,0,0,0,0,0,0,0,0,0,0,0,0,0,0,0
110,5,138.68,218.96,60.531,121.06,3,1,0,0,0,0,0,0,0,0,0,0,0,0,0,0,0,0,0,0
110,6,334.8,222.57,48.223,96.447,6,1,0,0,0,0,0,0,0,0,0,0,0,0,0,0,0,0,0,0
110,8,430.73,226.91,46.303,92.605,6,1,0,0,0,0,0,0,0,0,0,0,0,0,0,0,0,0,0,0
111,1,172.72,222.51,72.154,144.31,3,1,1,3,-0.42207,0.054955,0.071577,0.14315,3,1,208.8,366.82,72.154,144.31,208.8,64.493,353.11,366.82,438.97,438.97
111,2,233.45,241.51,62.546,125.09,3,1,1,2,0.0059983,0.049062,0.059327,0.11865,4,1,264.72,366.61,62.546,125.09,264.72,87.817,264.72,366.61,366.61,455.06
111,4,388.95,220.03,47.836,95.673,6,1,2,0,-1.382,-0.21339,-0.082924,-0.16585,6,1,412.86,315.7,47.836,95.673,412.86,412.86,277.56,315.7,248.05,315.7
111,5,138.15,218.01,60.682,121.36,4,1,3,0,-0.99137,0.20516,0.1642,0.3284,3,1,168.49,339.37,60.682,121.36,168.49,47.125,289.85,339.37,400.05,400.05
111,6,334.04,221.68,48.153,96.306,6,1,2,0,-1.4071,-0.19432,-0.069968,-0.13994,6,1,358.11,317.99,48.153,96.306,358.11,358.11,221.92,317.99,249.89,317.99
111,8,429.95,226.02,46.229,92.458,6,1,2,0,-1.3703,-0.22123,-0.081835,-0.16367,6,1,453.06,318.47,46.229,92.458,453.06,453.06,322.31,318.47,253.1,318.47
112,1,173.26,221.16,72.191,144.38,3,1,0,0,0,0,0,0,0,0,0,0,0,0,0,0,0,0,0,0
112,2,234.39,240.18,62.589,125.18,3,1,0,0,0,0,0,0,0,0,0,0,0,0,0,0,0,0,0,0
112,4,388.61,218.72,47.763,95.526,6,1,0,0,0,0,0,0,0,0,0,0,0,0,0,0,0,0,0,0
112,5,138.12,216.63,60.814,121.63,4,1,0,0,0,0,0,0,0,0,0,0,0,0,0,0,0,0,0,0
112,6,333.75,220.36,48.082,96.163,6,1,0,0,0,0,0,0,0,0,0,0,0,0,0,0,0,0,0,0
112,8,429.62,224.69,46.162,92.324,6,1,0,0,0,0,0,0,0,0,0,0,0,0,0,0,0,0,0,0
113,1,173.89,221.12,72.227,144.45,3,1,0,0,0,0,0,0,0,0,0,0,0,0,0,0,0,0,0,0
113,2,235.44,240.14,62.633,125.27,3,1,0,0,0,0,0,0,0,0,0,0,0,0,0,0,0,0,0,0
113,4,388.4,218.7,47.693,95.386,6,1,0,0,0,0,0,0,0,0,0,0,0,0,0,0,0,0,0,0
113,5,138.2,216.55,60.945,121.89,4,1,0,0,0,0,0,0,0,0,0,0,0,0,0,0,0,0,0,0
113,6,333.6,220.35,48.012,96.023,6,1,0,0,0,0,0,0,0,0,0,0,0,0,0,0,0,0,0,0
113,8,429.42,224.67,46.099,92.197,6,1,0,0,0,0,0,0,0,0,0,0,0,0,0,0,0,0,0,0
114,1,173.79,221.99,72.292,144.58,3,1,0,0,0,0,0,0,0,0,0,0,0,0,0,0,0,0,0,0
114,2,235.8,241.04,62.693,125.39,3,1,0,0,0,0,0,0,0,0,0,0,0,0,0,0,0,0,0,0
114,4,387.54,219.61,47.616,95.232,6,1,0,0,0,0,0,0,0,0,0,0,0,0,0,0,0,0,0,0
114,5,137.51,217.39,61.107,122.21,4,1,0,0,0,0,0,0,0,0,0,0,0,0,0,0,0,0,0,0
114,6,332.82,221.25,47.941,95.882,6,1,0,0,0,0,0,0,0,0,0,0,0,0,0,0,0,0,0,0
114,8,428.56,225.57,46.023,92.046,6,1,0,0,0,0,0,0,0,0,0,0,0,0,0,0,0,0,0,0
115,1,172.85,222.84,72.393,144.79,3,1,0,0,0,0,0,0,0,0,0,0,0,0,0,0,0,0,0,0
115,2,235.38,241.91,62.774,125.55,3,1,0,0,0,0,0,0,0,0,0,0,0,0,0,0,0,0,0,0
115,4,385.95,220.5,47.534,95.068,6,1,0,0,0,0,0,0,0,0,0,0,0,0,0,0,0,0,0,0
115,5,135.94,218.2,61.309,122.62,4,1,0,0,0,0,0,0,0,0,0,0,0,0,0,0,0,0,0,0
115,6,331.33,222.14,47.873,95.746,6,1,0,0,0,0,0,0,0,0,0,0,0,0,0,0,0,0,0,0
115,8,426.95,226.45,45.938,91.875,6,1,0,0,0,0,0,0,0,0,0,0,0,0,0,0,0,0,0,0
116,1,171.9,223.71,72.494,144.99,3,1,0,0,0,0,0,0,0,0,0,0,0,0,0,0,0,0,0,0
116,2,234.95,242.81,62.855,125.71,3,1,0,0,0,0,0,0,0,0,0,0,0,0,0,0,0,0,0,0
116,4,384.36,221.43,47.452,94.903,6,1,0,0,0,0,0,0,0,0,0,0,0,0,0,0,0,0,0,0
116,5,134.34,219.03,61.513,123.03,4,1,0,0,0,0,0,0,0,0,0,0,0,0,0,0,0,0,0,0
116,6,329.87,223.05,47.804,95.608,6,1,0,0,0,0,0,0,0,0,0,0,0,0,0,0,0,0,0,0
116,8,425.33,227.36,45.851,91.702,6,1,0,0,0,0,0,0,0,0,0,0,0,0,0,0,0,0,0,0
117,1,171.42,223.46,72.579,145.16,3,1,0,0,0,0,0,0,0,0,0,0,0,0,0,0,0,0,0,0
117,2,234.97,242.58,62.928,125.86,3,1,0,0,0,0,0,0,0,0,0,0,0,0,0,0,0,0,0,0
117,4,383.23,221.21,47.375,94.749,6,1,0,0,0,0,0,0,0,0,0,0,0,0,0,0,0,0,0,0
117,5,133.24,218.74,61.699,123.4,4,1,0,0,0,0,0,0,0,0,0,0,0,0,0,0,0,0,0,0
117,6,328.87,222.83,47.736,95.471,6,1,0,0,0,0,0,0,0,0,0,0,0,0,0,0,0,0,0,0
117,8,424.18,227.14,45.773,91.545,6,1,0,0,0,0,0,0,0,0,0,0,0,0,0,0,0,0,0,0
118,1,171.61,223.98,72.643,145.29,3,1,0,0,0,0,0,0,0,0,0,0,0,0,0,0,0,0,0,0
118,2,235.62,243.12,62.993,125.99,3,1,0,0,0,0,0,0,0,0,0,0,0,0,0,0,0,0,0,0
118,4,382.73,221.77,47.306,94.612,6,1,0,0,0,0,0,0,0,0,0,0,0,0,0,0,0,0,0,0
118,5,132.84,219.22,61.862,123.72,4,1,0,0,0,0,0,0,0,0,0,0,0,0,0,0,0,0,0,0
118,6,328.52,223.39,47.669,95.337,6,1,0,0,0,0,0,0,0,0,0,0,0,0,0,0,0,0,0,0
118,8,423.67,227.69,45.707,91.413,6,1,0,0,0,0,0,0,0,0,0,0,0,0,0,0,0,0,0,0
119,1,170.47,225.69,72.756,145.51,3,1,0,0,0,0,0,0,0,0,0,0,0,0,0,0,0,0,0,0
119,2,235.02,244.85,63.081,126.16,3,1,0,0,0,0,0,0,0,0,0,0,0,0,0,0,0,0,0,0
119,4,381.04,223.52,47.224,94.448,6,1,0,0,0,0,0,0,0,0,0,0,0,0,0,0,0,0,0,0
119,5,131.03,220.89,62.081,124.16,4,1,0,0,0,0,0,0,0,0,0,0,0,0,0,0,0,0,0,0
119,6,327,225.14,47.6,95.2,6,1,0,0,0,0,0,0,0,0,0,0,0,0,0,0,0,0,0,0
119,8,421.94,229.44,45.619,91.238,6,1,0,0,0,0,0,0,0,0,0,0,0,0,0,0,0,0,0,0
120,1,167.56,224.44,72.938,145.88,3,1,0,0,0,0,0,0,0,0,0,0,0,0,0,0,0,0,0,0
120,2,232.75,243.65,63.207,126.41,3,1,0,0,0,0,0,0,0,0,0,0,0,0,0,0,0,0,0,0
120,4,377.77,222.34,47.128,94.256,6,1,0,0,0,0,0,0,0,0,0,0,0,0,0,0,0,0,0,0
120,5,127.32,219.58,62.379,124.76,4,1,0,0,0,0,0,0,0,0,0,0,0,0,0,0,0,0,0,0
120,6,323.92,223.94,47.533,95.066,6,1,0,0,0,0,0,0,0,0,0,0,0,0,0,0,0,0,0,0
120,8,418.6,228.24,45.506,91.013,6,1,0,0,0,0,0,0,0,0,0,0,0,0,0,0,0,0,0,0
121,1,165.02,222.91,73.11,146.22,3,1,1,2,-0.79396,0.56618,0.099396,0.19879,3,1,201.58,369.13,73.11,146.22,201.58,55.357,347.8,369.13,442.24,442.24
121,2,230.85,242.16,63.328,126.66,3,1,1,2,-0.28635,0.5548,0.080857,0.16171,3,1,262.52,368.82,63.328,126.66,262.52,135.86,389.17,368.82,432.15,432.15
121,5,124.01,218,62.667,125.33,4,1,2,0,-1.3893,0.73145,0.20263,0.40526,4,1,155.35,343.34,62.667,125.33,155.35,-21.903,155.35,343.34,343.34,431.96
121,6,321.23,222.46,47.469,94.938,6,1,3,0,-1.3607,0.26944,-0.068185,-0.13637,6,1,344.97,317.4,47.469,94.938,344.97,344.97,210.7,317.4,250.27,317.4
121,8,415.64,226.77,45.403,90.806,6,1,3,0,-1.5308,0.23659,-0.083457,-0.16691,6,1,438.34,317.58,45.403,90.806,438.34,438.34,309.92,317.58,253.37,317.58
122,1,164.46,221.73,73.205,146.41,3,1,0,0,0,0,0,0,0,0,0,0,0,0,0,0,0,0,0,0
122,2,230.8,241.01,63.409,126.82,3,1,0,0,0,0,0,0,0,0,0,0,0,0,0,0,0,0,0,0
122,5,122.78,216.78,62.87,125.74,4,1,0,0,0,0,0,0,0,0,0,0,0,0,0,0,0,0,0,0
122,6,320.34,221.32,47.4,94.801,6,1,0,0,0,0,0,0,0,0,0,0,0,0,0,0,0,0,0,0
122,8,414.49,225.63,45.326,90.652,6,1,0,0,0,0,0,0,0,0,0,0,0,0,0,0,0,0,0,0
123,1,163.55,219.66,73.312,146.62,3,1,0,0,0,0,0,0,0,0,0,0,0,0,0,0,0,0,0,0
123,2,230.41,238.97,63.497,126.99,3,1,0,0,0,0,0,0,0,0,0,0,0,0,0,0,0,0,0,0
123,5,121.17,214.67,63.089,126.18,4,1,0,0,0,0,0,0,0,0,0,0,0,0,0,0,0,0,0,0
123,6,319.17,219.29,47.331,94.662,6,1,0,0,0,0,0,0,0,0,0,0,0,0,0,0,0,0,0,0
123,8,413.03,223.59,45.243,90.485,6,1,0,0,0,0,0,0,0,0,0,0,0,0,0,0,0,0,0,0
124,1,161.98,219.8,73.448,146.9,3,1,0,0,0,0,0,0,0,0,0,0,0,0,0,0,0,0,0,0
124,2,229.42,239.14,63.599,127.2,3,1,0,0,0,0,0,0,0,0,0,0,0,0,0,0,0,0,0,0
124,5,118.86,214.76,63.34,126.68,4,1,0,0,0,0,0,0,0,0,0,0,0,0,0,0,0,0,0,0
124,6,317.45,219.48,47.263,94.527,6,1,0,0,0,0,0,0,0,0,0,0,0,0,0,0,0,0,0,0
124,8,411,223.78,45.152,90.305,6,1,0,0,0,0,0,0,0,0,0,0,0,0,0,0,0,0,0,0
125,1,160.03,219.61,73.597,147.19,3,1,0,0,0,0,0,0,0,0,0,0,0,0,0,0,0,0,0,0
125,2,228.06,238.99,63.709,127.42,3,1,0,0,0,0,0,0,0,0,0,0,0,0,0,0,0,0,0,0
125,5,116.11,214.52,63.61,127.22,4,1,0,0,0,0,0,0,0,0,0,0,0,0,0,0,0,0,0,0
125,6,315.41,219.34,47.195,94.389,6,1,0,0,0,0,0,0,0,0,0,0,0,0,0,0,0,0,0,0
125,8,408.61,223.64,45.056,90.112,6,1,0,0,0,0,0,0,0,0,0,0,0,0,0,0,0,0,0,0
126,1,160.57,220.31,73.652,147.3,3,1,0,0,0,0,0,0,0,0,0,0,0,0,0,0,0,0,0,0
126,2,229.03,239.7,63.772,127.54,3,1,0,0,0,0,0,0,0,0,0,0,0,0,0,0,0,0,0,0
126,5,116.01,215.17,63.773,127.55,4,1,0,0,0,0,0,0,0,0,0,0,0,0,0,0,0,0,0,0
126,6,315.65,220.06,47.123,94.247,6,1,0,0,0,0,0,0,0,0,0,0,0,0,0,0,0,0,0,0
126,8,408.52,224.35,44.994,89.989,6,1,0,0,0,0,0,0,0,0,0,0,0,0,0,0,0,0,0,0
127,1,160.56,221.08,73.723,147.45,3,1,0,0,0,0,0,0,0,0,0,0,0,0,0,0,0,0,0,0
127,2,229.48,240.49,63.84,127.68,3,1,0,0,0,0,0,0,0,0,0,0,0,0,0,0,0,0,0,0
127,5,115.33,215.91,63.955,127.91,4,1,0,0,0,0,0,0,0,0,0,0,0,0,0,0,0,0,0,0
127,6,315.41,220.87,47.048,94.096,6,1,0,0,0,0,0,0,0,0,0,0,0,0,0,0,0,0,0,0
127,8,407.91,225.16,44.921,89.841,6,1,0,0,0,0,0,0,0,0,0,0,0,0,0,0,0,0,0,0
128,1,158.93,220.96,73.868,147.74,3,1,0,0,0,0,0,0,0,0,0,0,0,0,0,0,0,0,0,0
128,2,228.42,240.41,63.951,127.9,3,1,0,0,0,0,0,0,0,0,0,0,0,0,0,0,0,0,0,0
128,5,112.89,215.74,64.223,128.45,4,1,0,0,0,0,0,0,0,0,0,0,0,0,0,0,0,0,0,0
128,6,313.77,220.8,46.982,93.965,6,1,0,0,0,0,0,0,0,0,0,0,0,0,0,0,0,0,0,0
128,8,405.88,225.08,44.834,89.667,6,1,0,0,0,0,0,0,0,0,0,0,0,0,0,0,0,0,0,0
129,1,157.17,220.7,74.022,148.04,3,1,0,0,0,0,0,0,0,0,0,0,0,0,0,0,0,0,0,0
129,2,227.24,240.19,64.068,128.14,3,1,0,0,0,0,0,0,0,0,0,0,0,0,0,0,0,0,0,0
129,5,110.29,215.42,64.501,129,4,1,0,0,0,0,0,0,0,0,0,0,0,0,0,0,0,0,0,0
129,6,312.04,220.58,46.918,93.836,6,1,0,0,0,0,0,0,0,0,0,0,0,0,0,0,0,0,0,0
129,8,403.74,224.87,44.747,89.494,6,1,0,0,0,0,0,0,0,0,0,0,0,0,0,0,0,0,0,0
130,1,155.93,219.93,74.157,148.31,3,1,0,0,0,0,0,0,0,0,0,0,0,0,0,0,0,0,0,0
130,2,226.54,239.45,64.176,128.35,3,1,0,0,0,0,0,0,0,0,0,0,0,0,0,0,0,0,0,0
130,5,108.24,214.6,64.758,129.52,4,1,0,0,0,0,0,0,0,0,0,0,0,0,0,0,0,0,0,0
130,6,310.81,219.85,46.853,93.707,6,1,0,0,0,0,0,0,0,0,0,0,0,0,0,0,0,0,0,0
130,8,402.09,224.14,44.667,89.335,6,1,0,0,0,0,0,0,0,0,0,0,0,0,0,0,0,0,0,0
131,1,155.38,218.74,74.259,148.52,3,1,1,2,-0.9264,0.13677,0.11613,0.23226,3,1,192.51,367.26,74.259,148.52,192.51,43.991,341.03,367.26,441.52,441.52
131,2,226.47,238.29,64.264,128.53,3,1,1,2,-0.41031,0.12351,0.094484,0.18897,3,1,258.6,366.82,64.264,128.53,258.6,130.07,387.13,366.82,431.08,431.08
131,5,106.92,213.36,64.98,129.96,4,1,2,0,-1.619,0.32409,0.23335,0.46671,4,1,139.41,343.32,64.98,129.96,139.41,-44.379,139.41,343.32,343.32,435.22
131,6,310.22,218.71,46.782,93.565,7,1,3,0,-1.1363,-0.19126,-0.068738,-0.13748,6,1,333.61,312.27,46.782,93.565,333.61,333.61,201.29,312.27,246.11,312.27
131,8,401.05,222.99,44.592,89.185,6,1,3,0,-1.5108,-0.21912,-0.081194,-0.16239,6,1,423.35,312.17,44.592,89.185,423.35,423.35,297.22,312.17,249.11,312.17
132,1,154.35,216.75,74.381,148.76,3,1,0,0,0,0,0,0,0,0,0,0,0,0,0,0,0,0,0,0
132,2,225.95,236.33,64.364,128.73,3,1,0,0,0,0,0,0,0,0,0,0,0,0,0,0,0,0,0,0
132,5,105.07,211.32,65.227,130.45,4,1,0,0,0,0,0,0,0,0,0,0,0,0,0,0,0,0,0,0
132,6,309.22,216.76,46.712,93.424,7,1,0,0,0,0,0,0,0,0,0,0,0,0,0,0,0,0,0,0
132,8,399.59,221.03,44.511,89.023,6,1,0,0,0,0,0,0,0,0,0,0,0,0,0,0,0,0,0,0
133,1,152.87,216.83,74.526,149.05,3,1,0,0,0,0,0,0,0,0,0,0,0,0,0,0,0,0,0,0
133,2,225.01,236.45,64.478,128.96,3,1,0,0,0,0,0,0,0,0,0,0,0,0,0,0,0,0,0,0
133,5,102.72,211.35,65.501,131,4,1,0,0,0,0,0,0,0,0,0,0,0,0,0,0,0,0,0,0
133,6,307.86,216.89,46.646,93.292,7,1,0,0,0,0,0,0,0,0,0,0,0,0,0,0,0,0,0,0
133,8,397.74,221.16,44.429,88.858,6,1,0,0,0,0,0,0,0,0,0,0,0,0,0,0,0,0,0,0
134,1,152.81,217.57,74.612,149.22,3,1,0,0,0,0,0,0,0,0,0,0,0,0,0,0,0,0,0,0
134,2,225.38,237.22,64.561,129.12,3,1,0,0,0,0,0,0,0,0,0,0,0,0,0,0,0,0,0,0
134,5,101.88,212.05,65.707,131.41,4,1,0,0,0,0,0,0,0,0,0,0,0,0,0,0,0,0,0,0
134,6,307.78,217.67,46.574,93.147,7,1,0,0,0,0,0,0,0,0,0,0,0,0,0,0,0,0,0,0
134,8,397.17,221.93,44.361,88.722,6,1,0,0,0,0,0,0,0,0,0,0,0,0,0,0,0,0,0,0
135,1,154.27,217.76,74.633,149.27,3,1,0,0,0,0,0,0,0,0,0,0,0,0,0,0,0,0,0,0
135,2,227.15,237.41,64.613,129.23,3,1,0,0,0,0,0,0,0,0,0,0,0,0,0,0,0,0,0,0
135,5,102.68,212.2,65.837,131.67,4,1,0,0,0,0,0,0,0,0,0,0,0,0,0,0,0,0,0,0
135,6,309.08,217.88,46.496,92.991,7,1,0,0,0,0,0,0,0,0,0,0,0,0,0,0,0,0,0,0
135,8,397.95,222.14,44.308,88.616,6,1,0,0,0,0,0,0,0,0,0,0,0,0,0,0,0,0,0,0
136,1,155.4,217.35,74.669,149.34,3,1,0,0,0,0,0,0,0,0,0,0,0,0,0,0,0,0,0,0
136,2,228.61,237.01,64.673,129.35,3,1,0,0,0,0,0,0,0,0,0,0,0,0,0,0,0,0,0,0
136,5,103.1,211.75,65.985,131.97,4,1,0,0,0,0,0,0,0,0,0,0,0,0,0,0,0,0,0,0
136,6,310.11,217.5,46.419,92.837,7,1,0,0,0,0,0,0,0,0,0,0,0,0,0,0,0,0,0,0
136,8,398.45,221.74,44.252,88.504,6,1,0,0,0,0,0,0,0,0,0,0,0,0,0,0,0,0,0,0
137,1,155.31,218.35,74.762,149.52,3,1,0,0,0,0,0,0,0,0,0,0,0,0,0,0,0,0,0,0
137,2,228.92,238.03,64.764,129.53,3,1,0,0,0,0,0,0,0,0,0,0,0,0,0,0,0,0,0,0
137,5,102.19,212.7,66.199,132.4,4,1,0,0,0,0,0,0,0,0,0,0,0,0,0,0,0,0,0,0
137,6,310.08,218.53,46.348,92.696,7,1,0,0,0,0,0,0,0,0,0,0,0,0,0,0,0,0,0,0
137,8,397.87,222.77,44.186,88.371,6,1,0,0,0,0,0,0,0,0,0,0,0,0,0,0,0,0,0,0
138,1,154.5,218.83,74.878,149.76,3,1,0,0,0,0,0,0,0,0,0,0,0,0,0,0,0,0,0,0
138,2,228.57,238.55,64.865,129.73,3,1,0,0,0,0,0,0,0,0,0,0,0,0,0,0,0,0,0,0
138,5,100.51,213.14,66.446,132.89,4,1,0,0,0,0,0,0,0,0,0,0,0,0,0,0,0,0,0,0
138,6,309.42,219.06,46.275,92.551,7,1,0,0,0,0,0,0,0,0,0,0,0,0,0,0,0,0,0,0
138,8,396.64,223.3,44.108,88.216,6,1,0,0,0,0,0,0,0,0,0,0,0,0,0,0,0,0,0,0
139,1,154.51,218.52,74.965,149.93,3,1,0,0,0,0,0,0,0,0,0,0,0,0,0,0,0,0,0,0
139,2,228.96,238.27,64.953,129.91,3,1,0,0,0,0,0,0,0,0,0,0,0,0,0,0,0,0,0,0
139,5,99.679,212.79,66.656,133.31,4,1,0,0,0,0,0,0,0,0,0,0,0,0,0,0,0,0,0,0
139,6,309.52,218.79,46.202,92.405,7,1,0,0,0,0,0,0,0,0,0,0,0,0,0,0,0,0,0,0
139,8,396.15,223.02,44.041,88.082,6,1,0,0,0,0,0,0,0,0,0,0,0,0,0,0,0,0,0,0
140,1,154.38,219.23,75.06,150.12,3,1,0,0,0,0,0,0,0,0,0,0,0,0,0,0,0,0,0,0
140,2,229.22,239,65.047,130.09,3,1,0,0,0,0,0,0,0,0,0,0,0,0,0,0,0,0,0,0
140,5,98.699,213.45,66.876,133.75,4,1,0,0,0,0,0,0,0,0,0,0,0,0,0,0,0,0,0,0
140,6,309.52,219.54,46.13,92.261,7,1,0,0,0,0,0,0,0,0,0,0,0,0,0,0,0,0,0,0
140,8,395.55,223.76,43.974,87.949,6,1,0,0,0,0,0,0,0,0,0,0,0,0,0,0,0,0,0,0
141,1,154.74,220.84,75.134,150.27,3,1,1,2,0.18014,0.53832,0.079494,0.15899,3,1,192.31,371.1,75.134,150.27,192.31,42.037,342.57,371.1,446.24,446.24
141,2,229.91,240.63,65.131,130.26,3,1,1,2,0.57254,0.56764,0.083043,0.16609,3,1,262.48,370.89,65.131,130.26,262.48,132.22,392.74,370.89,436.02,436.02
141,5,98.231,215.01,67.071,134.14,4,1,2,0,-0.55526,0.73525,0.20001,0.40002,4,1,131.77,349.15,67.071,134.14,131.77,-57.938,131.77,349.15,349.15,444
141,6,309.97,221.18,46.056,92.112,7,1,3,0,0.13257,0.26894,-0.073332,-0.14666,7,1,332.99,313.29,46.056,92.112,332.99,425.11,240.88,313.29,267.23,267.23
141,8,395.38,225.39,43.911,87.823,6,1,3,0,-0.41329,0.27655,-0.065727,-0.13145,6,1,417.34,313.21,43.911,87.823,417.34,417.34,293.14,313.21,251.11,313.21
142,1,154.92,220.55,75.214,150.43,3,1,0,0,0,0,0,0,0,0,0,0,0,0,0,0,0,0,0,0
142,2,230.44,240.37,65.218,130.44,3,1,0,0,0,0,0,0,0,0,0,0,0,0,0,0,0,0,0,0
142,5,97.562,214.68,67.274,134.55,4,1,0,0,0,0,0,0,0,0,0,0,0,0,0,0,0,0,0,0
142,6,310.27,220.93,45.981,91.961,7,1,0,0,0,0,0,0,0,0,0,0,0,0,0,0,0,0,0,0
142,8,395.06,225.13,43.846,87.692,6,1,0,0,0,0,0,0,0,0,0,0,0,0,0,0,0,0,0,0
143,1,154.86,220.91,75.306,150.61,3,1,0,0,0,0,0,0,0,0,0,0,0,0,0,0,0,0,0,0
143,2,230.73,240.75,65.312,130.62,3,1,0,0,0,0,0,0,0,0,0,0,0,0,0,0,0,0,0,0
143,5,96.618,214.99,67.492,134.98,4,1,0,0,0,0,0,0,0,0,0,0,0,0,0,0,0,0,0,0
143,6,310.38,221.33,45.906,91.812,7,1,0,0,0,0,0,0,0,0,0,0,0,0,0,0,0,0,0,0
143,8,394.52,225.52,43.778,87.556,6,1,0,0,0,0,0,0,0,0,0,0,0,0,0,0,0,0,0,0
144,1,155.64,220.71,75.369,150.74,3,1,0,0,0,0,0,0,0,0,0,0,0,0,0,0,0,0,0,0
144,2,231.79,240.57,65.396,130.79,3,1,0,0,0,0,0,0,0,0,0,0,0,0,0,0,0,0,0,0
144,5,96.571,214.75,67.673,135.35,4,1,0,0,0,0,0,0,0,0,0,0,0,0,0,0,0,0,0,0
144,6,311.27,221.16,45.833,91.666,7,1,0,0,0,0,0,0,0,0,0,0,0,0,0,0,0,0,0,0
144,8,394.75,225.35,43.723,87.445,6,1,0,0,0,0,0,0,0,0,0,0,0,0,0,0,0,0,0,0
145,1,154.77,220.65,75.496,150.99,3,1,0,0,0,0,0,0,0,0,0,0,0,0,0,0,0,0,0,0
145,2,231.31,240.54,65.508,131.02,3,1,0,0,0,0,0,0,0,0,0,0,0,0,0,0,0,0,0,0
145,5,94.727,214.63,67.936,135.87,4,1,0,0,0,0,0,0,0,0,0,0,0,0,0,0,0,0,0,0
145,6,310.7,221.14,45.761,91.522,7,1,0,0,0,0,0,0,0,0,0,0,0,0,0,0,0,0,0,0
145,8,393.5,225.32,43.648,87.295,6,1,0,0,0,0,0,0,0,0,0,0,0,0,0,0,0,0,0,0
146,1,153.85,220.07,75.632,151.26,3,1,0,0,0,0,0,0,0,0,0,0,0,0,0,0,0,0,0,0
146,2,230.78,240,65.628,131.26,3,1,0,0,0,0,0,0,0,0,0,0,0,0,0,0,0,0,0,0
146,5,92.802,214,68.21,136.42,4,1,0,0,0,0,0,0,0,0,0,0,0,0,0,0,0,0,0,0
146,6,310.1,220.61,45.693,91.385,7,1,0,0,0,0,0,0,0,0,0,0,0,0,0,0,0,0,0,0
146,8,392.23,224.79,43.576,87.152,6,1,0,0,0,0,0,0,0,0,0,0,0,0,0,0,0,0,0,0
147,1,151.79,220.47,75.813,151.63,3,1,0,0,0,0,0,0,0,0,0,0,0,0,0,0,0,0,0,0
147,2,229.18,240.44,65.769,131.54,3,1,0,0,0,0,0,0,0,0,0,0,0,0,0,0,0,0,0,0
147,5,89.613,214.33,68.544,137.09,4,1,0,0,0,0,0,0,0,0,0,0,0,0,0,0,0,0,0,0
147,6,308.5,221.06,45.625,91.25,7,1,0,0,0,0,0,0,0,0,0,0,0,0,0,0,0,0,0,0
147,8,389.92,225.23,43.492,86.983,6,1,0,0,0,0,0,0,0,0,0,0,0,0,0,0,0,0,0,0
148,1,150.86,221.33,75.95,151.9,3,1,0,0,0,0,0,0,0,0,0,0,0,0,0,0,0,0,0,0
148,2,228.62,241.34,65.89,131.78,3,1,0,0,0,0,0,0,0,0,0,0,0,0,0,0,0,0,0,0
148,5,87.646,215.14,68.821,137.64,4,1,0,0,0,0,0,0,0,0,0,0,0,0,0,0,0,0,0,0
148,6,307.93,221.97,45.556,91.111,7,1,0,0,0,0,0,0,0,0,0,0,0,0,0,0,0,0,0,0
148,8,388.64,226.14,43.42,86.839,6,1,0,0,0,0,0,0,0,0,0,0,0,0,0,0,0,0,0,0
149,1,150.76,221.16,76.051,152.1,3,1,0,0,0,0,0,0,0,0,0,0,0,0,0,0,0,0,0,0
149,2,228.8,241.2,65.995,131.99,3,1,0,0,0,0,0,0,0,0,0,0,0,0,0,0,0,0,0,0
149,5,86.576,214.92,69.055,138.11,4,1,0,0,0,0,0,0,0,0,0,0,0,0,0,0,0,0,0,0
149,6,308.09,221.84,45.483,90.966,7,1,0,0,0,0,0,0,0,0,0,0,0,0,0,0,0,0,0,0
149,8,388.08,226.01,43.355,86.709,6,1,0,0,0,0,0,0,0,0,0,0,0,0,0,0,0,0,0,0
150,1,150,222.66,76.178,152.36,3,1,0,0,0,0,0,0,0,0,0,0,0,0,0,0,0,0,0,0
150,2,228.37,242.73,66.11,132.22,3,1,0,0,0,0,0,0,0,0,0,0,0,0,0,0,0,0,0,0
150,5,84.777,216.36,69.323,138.65,4,1,0,0,0,0,0,0,0,0,0,0,0,0,0,0,0,0,0,0
150,6,307.69,223.39,45.409,90.819,7,1,0,0,0,0,0,0,0,0,0,0,0,0,0,0,0,0,0,0
150,8,386.94,227.54,43.281,86.563,6,1,0,0,0,0,0,0,0,0,0,0,0,0,0,0,0,0,0,0
151,1,147.38,223.72,76.389,152.78,3,1,1,2,-0.78322,0.53817,0.13112,0.26223,3,1,185.58,376.5,76.389,152.78,185.58,32.8,338.36,376.5,452.89,452.89
151,2,226.22,243.85,66.268,132.54,3,1,1,2,-0.42059,0.54488,0.11705,0.2341,3,1,259.35,376.39,66.268,132.54,259.35,126.82,391.89,376.39,442.65,442.65
151,5,80.907,217.35,69.701,139.4,4,1,2,0,-1.7268,0.76085,0.27003,0.54005,4,1,115.76,356.76,69.701,139.4,115.76,-81.387,115.76,356.76,356.76,455.33
151,6,305.66,224.51,45.344,90.689,7,1,3,0,-0.55731,0.17988,-0.070532,-0.14106,7,1,328.33,315.2,45.344,90.689,328.33,419.02,237.64,315.2,269.85,269.85
151,9,578.58,227.31,50.126,100.25,5,1,4,0,0,0,0,0,0,0,0,0,0,0,0,0,0,0,0,0
152,1,144.95,223.94,76.598,153.2,3,1,0,0,0,0,0,0,0,0,0,0,0,0,0,0,0,0,0,0
152,2,224.23,244.12,66.428,132.86,3,1,0,0,0,0,0,0,0,0,0,0,0,0,0,0,0,0,0,0
152,5,77.217,217.5,70.077,140.15,4,1,0,0,0,0,0,0,0,0,0,0,0,0,0,0,0,0,0,0
152,6,303.82,224.78,45.282,90.564,7,1,0,0,0,0,0,0,0,0,0,0,0,0,0,0,0,0,0,0
152,9,574.95,227.58,50.068,100.14,5,1,0,0,0,0,0,0,0,0,0,0,0,0,0,0,0,0,0,0
153,1,143.44,223.55,76.768,153.54,3,1,0,0,0,0,0,0,0,0,0,0,0,0,0,0,0,0,0,0
153,2,223.08,243.78,66.568,133.14,3,1,0,0,0,0,0,0,0,0,0,0,0,0,0,0,0,0,0,0
153,5,74.524,217.05,70.403,140.81,4,1,0,0,0,0,0,0,0,0,0,0,0,0,0,0,0,0,0,0
153,6,302.79,224.44,45.215,90.431,7,1,0,0,0,0,0,0,0,0,0,0,0,0,0,0,0,0,0,0
153,9,572.3,227.22,50.049,100.1,5,1,0,0,0,0,0,0,0,0,0,0,0,0,0,0,0,0,0,0
154,1,142.74,224.73,76.898,153.8,3,1,0,0,0,0,0,0,0,0,0,0,0,0,0,0,0,0,0,0
154,2,222.65,244.98,66.688,133.38,3,1,0,0,0,0,0,0,0,0,0,0,0,0,0,0,0,0,0,0
154,5,72.722,218.16,70.68,141.36,4,1,0,0,0,0,0,0,0,0,0,0,0,0,0,0,0,0,0,0
154,6,302.48,225.66,45.142,90.285,7,1,0,0,0,0,0,0,0,0,0,0,0,0,0,0,0,0,0,0
154,9,570.47,228.42,50.061,100.12,5,1,0,0,0,0,0,0,0,0,0,0,0,0,0,0,0,0,0,0
155,1,141.83,223.77,77.044,154.09,3,1,0,0,0,0,0,0,0,0,0,0,0,0,0,0,0,0,0,0
155,2,222.03,244.07,66.82,133.64,3,1,0,0,0,0,0,0,0,0,0,0,0,0,0,0,0,0,0,0
155,5,70.668,217.15,70.978,141.96,4,1,0,0,0,0,0,0,0,0,0,0,0,0,0,0,0,0,0,0
155,6,302.01,224.76,45.075,90.15,7,1,0,0,0,0,0,0,0,0,0,0,0,0,0,0,0,0,0,0
155,9,568.47,227.49,50.07,100.14,5,1,0,0,0,0,0,0,0,0,0,0,0,0,0,0,0,0,0,0
156,1,140.43,223.06,77.211,154.42,3,1,0,0,0,0,0,0,0,0,0,0,0,0,0,0,0,0,0,0
156,2,220.93,243.4,66.96,133.92,3,1,0,0,0,0,0,0,0,0,0,0,0,0,0,0,0,0,0,0
156,5,68.046,216.37,71.305,142.61,4,1,0,0,0,0,0,0,0,0,0,0,0,0,0,0,0,0,0,0
156,6,301.11,224.09,45.007,90.014,7,1,0,0,0,0,0,0,0,0,0,0,0,0,0,0,0,0,0,0
156,9,565.92,226.81,50.054,100.11,5,1,0,0,0,0,0,0,0,0,0,0,0,0,0,0,0,0,0,0
157,1,137.67,224.24,77.45,154.9,3,1,0,0,0,0,0,0,0,0,0,0,0,0,0,0,0,0,0,0
157,2,218.59,244.65,67.14,134.28,3,1,0,0,0,0,0,0,0,0,0,0,0,0,0,0,0,0,0,0
157,5,63.884,217.48,71.726,143.45,4,1,0,0,0,0,0,0,0,0,0,0,0,0,0,0,0,0,0,0
157,6,299.05,225.34,44.951,89.902,7,1,0,0,0,0,0,0,0,0,0,0,0,0,0,0,0,0,0,0
157,9,562.03,228.05,49.991,99.983,5,1,0,0,0,0,0,0,0,0,0,0,0,0,0,0,0,0,0,0
158,1,135.98,223.97,77.639,155.28,3,1,0,0,0,0,0,0,0,0,0,0,0,0,0,0,0,0,0,0
158,2,217.2,244.42,67.295,134.59,3,1,0,0,0,0,0,0,0,0,0,0,0,0,0,0,0,0,0,0
158,5,60.89,217.13,72.085,144.17,4,1,0,0,0,0,0,0,0,0,0,0,0,0,0,0,0,0,0,0
158,6,297.92,225.12,44.889,89.778,7,1,0,0,0,0,0,0,0,0,0,0,0,0,0,0,0,0,0,0
158,9,559.24,227.82,49.971,99.941,5,1,0,0,0,0,0,0,0,0,0,0,0,0,0,0,0,0,0,0
159,1,134.84,224.05,77.803,155.61,3,1,0,0,0,0,0,0,0,0,0,0,0,0,0,0,0,0,0,0
159,2,216.31,244.54,67.437,134.87,3,1,0,0,0,0,0,0,0,0,0,0,0,0,0,0,0,0,0,0
159,5,58.503,217.14,72.411,144.82,4,1,0,0,0,0,0,0,0,0,0,0,0,0,0,0,0,0,0,0
159,6,297.28,225.24,44.824,89.647,7,1,0,0,0,0,0,0,0,0,0,0,0,0,0,0,0,0,0,0
159,9,557,227.92,49.971,99.942,5,1,0,0,0,0,0,0,0,0,0,0,0,0,0,0,0,0,0,0
160,1,132.97,223.93,78.005,156.01,3,1,0,0,0,0,0,0,0,0,0,0,0,0,0,0,0,0,0,0
160,2,214.74,244.48,67.6,135.2,3,1,0,0,0,0,0,0,0,0,0,0,0,0,0,0,0,0,0,0
160,5,55.266,216.95,72.789,145.58,4,1,0,0,0,0,0,0,0,0,0,0,0,0,0,0,0,0,0,0
160,6,296.02,225.19,44.764,89.527,7,1,0,0,0,0,0,0,0,0,0,0,0,0,0,0,0,0,0,0
160,9,554.03,227.85,49.945,99.89,5,1,0,0,0,0,0,0,0,0,0,0,0,0,0,0,0,0,0,0
161,1,130.85,224.43,78.222,156.44,3,1,1,2,-1.4858,0.39448,0.18075,0.36151,3,1,169.96,380.88,78.222,156.44,169.96,13.519,326.41,380.88,459.1,459.1
161,2,212.93,245.03,67.771,135.54,3,1,1,2,-1.1892,0.3788,0.14943,0.29887,3,1,246.82,380.57,67.771,135.54,246.82,111.28,382.36,380.57,448.35,448.35
161,4,330.95,224.28,44.207,88.415,7,1,2,2,0,0,0,0,0,0,0,0,0,0,0,0,0,0,0,0
161,5,51.73,217.38,73.189,146.38,4,1,3,0,-2.6681,0.65674,0.34604,0.69209,4,1,88.325,363.75,73.189,146.38,88.325,-118.68,88.325,363.75,363.75,467.26
161,6,294.56,225.74,44.706,89.412,7,1,2,0,-1.0682,-0.04268,-0.063942,-0.12788,7,1,316.91,315.15,44.706,89.412,316.91,406.33,227.5,315.15,270.45,270.45
161,9,550.84,228.4,49.911,99.823,5,1,4,0,-2.6985,0.034458,-0.017843,-0.035687,5,1,575.79,328.22,49.911,99.823,575.79,475.97,475.97,328.22,278.31,378.13
162,1,129.76,223.16,78.385,156.77,3,1,0,0,0,0,0,0,0,0,0,0,0,0,0,0,0,0,0,0
162,2,212.04,243.8,67.913,135.83,3,1,0,0,0,0,0,0,0,0,0,0,0,0,0,0,0,0,0,0
162,4,329.83,223.06,44.14,88.28,7,1,0,0,0,0,0,0,0,0,0,0,0,0,0,0,0,0,0,0
162,5,49.338,216.04,73.52,147.04,4,1,0,0,0,0,0,0,0,0,0,0,0,0,0,0,0,0,0,0
162,6,293.98,224.52,44.639,89.279,7,1,0,0,0,0,0,0,0,0,0,0,0,0,0,0,0,0,0,0
162,9,548.62,227.16,49.912,99.823,5,1,0,0,0,0,0,0,0,0,0,0,0,0,0,0,0,0,0,0
163,1,129.11,219.51,78.532,157.06,3,1,0,0,0,0,0,0,0,0,0,0,0,0,0,0,0,0,0,0
163,2,211.54,240.2,68.048,136.1,3,1,0,0,0,0,0,0,0,0,0,0,0,0,0,0,0,0,0,0
163,4,329.11,219.46,44.075,88.15,7,1,0,0,0,0,0,0,0,0,0,0,0,0,0,0,0,0,0,0
163,5,47.427,212.33,73.829,147.66,4,1,0,0,0,0,0,0,0,0,0,0,0,0,0,0,0,0,0,0
163,6,293.79,220.92,44.573,89.145,7,1,0,0,0,0,0,0,0,0,0,0,0,0,0,0,0,0,0,0
163,9,546.87,223.53,49.931,99.862,5,1,0,0,0,0,0,0,0,0,0,0,0,0,0,0,0,0,0,0
164,1,129.43,218.35,78.624,157.25,3,1,0,0,0,0,0,0,0,0,0,0,0,0,0,0,0,0,0,0
164,2,211.89,239.06,68.154,136.31,3,1,0,0,0,0,0,0,0,0,0,0,0,0,0,0,0,0,0,0
164,4,329.2,218.34,44.004,88.009,7,1,0,0,0,0,0,0,0,0,0,0,0,0,0,0,0,0,0,0
164,5,46.608,211.11,74.067,148.13,4,1,0,0,0,0,0,0,0,0,0,0,0,0,0,0,0,0,0,0
164,6,294.43,219.8,44.496,88.992,7,1,0,0,0,0,0,0,0,0,0,0,0,0,0,0,0,0,0,0
164,9,546.02,222.38,49.979,99.958,5,1,0,0,0,0,0,0,0,0,0,0,0,0,0,0,0,0,0,0
165,1,128.81,219.07,78.765,157.53,3,1,0,0,0,0,0,0,0,0,0,0,0,0,0,0,0,0,0,0
165,2,211.37,239.82,68.284,136.57,3,1,0,0,0,0,0,0,0,0,0,0,0,0,0,0,0,0,0,0
165,4,328.5,219.1,43.935,87.87,7,1,0,0,0,0,0,0,0,0,0,0,0,0,0,0,0,0,0,0
165,5,44.699,211.76,74.373,148.75,4,1,0,0,0,0,0,0,0,0,0,0,0,0,0,0,0,0,0,0
165,6,294.26,220.56,44.425,88.85,7,1,0,0,0,0,0,0,0,0,0,0,0,0,0,0,0,0,0,0
165,9,544.23,223.12,49.992,99.985,5,1,0,0,0,0,0,0,0,0,0,0,0,0,0,0,0,0,0,0
166,1,127.11,218.18,78.964,157.93,3,1,0,0,0,0,0,0,0,0,0,0,0,0,0,0,0,0,0,0
166,2,209.86,238.98,68.446,136.89,3,1,0,0,0,0,0,0,0,0,0,0,0,0,0,0,0,0,0,0
166,4,326.88,218.27,43.869,87.737,7,1,0,0,0,0,0,0,0,0,0,0,0,0,0,0,0,0,0,0
166,5,41.525,210.8,74.759,149.52,4,1,0,0,0,0,0,0,0,0,0,0,0,0,0,0,0,0,0,0
166,6,293.16,219.73,44.363,88.726,7,1,0,0,0,0,0,0,0,0,0,0,0,0,0,0,0,0,0,0
166,9,541.4,222.27,49.97,99.94,5,1,0,0,0,0,0,0,0,0,0,0,0,0,0,0,0,0,0,0
167,1,125.58,217.77,79.162,158.32,3,1,0,0,0,0,0,0,0,0,0,0,0,0,0,0,0,0,0,0
167,2,208.5,238.62,68.61,137.22,3,1,0,0,0,0,0,0,0,0,0,0,0,0,0,0,0,0,0,0
167,4,325.43,217.92,43.806,87.611,7,1,0,0,0,0,0,0,0,0,0,0,0,0,0,0,0,0,0,0
167,5,38.526,210.31,75.142,150.28,4,1,0,0,0,0,0,0,0,0,0,0,0,0,0,0,0,0,0,0
167,6,292.24,219.37,44.304,88.608,7,1,0,0,0,0,0,0,0,0,0,0,0,0,0,0,0,0,0,0
167,9,538.77,221.9,49.959,99.917,5,1,0,0,0,0,0,0,0,0,0,0,0,0,0,0,0,0,0,0
168,1,123.73,216.97,79.374,158.75,3,1,0,0,0,0,0,0,0,0,0,0,0,0,0,0,0,0,0,0
168,2,206.83,237.88,68.78,137.56,3,1,0,0,0,0,0,0,0,0,0,0,0,0,0,0,0,0,0,0
168,4,323.7,217.18,43.742,87.483,7,1,0,0,0,0,0,0,0,0,0,0,0,0,0,0,0,0,0,0
168,5,35.131,209.43,75.55,151.1,4,1,0,0,0,0,0,0,0,0,0,0,0,0,0,0,0,0,0,0
168,6,291.03,218.63,44.245,88.49,7,1,0,0,0,0,0,0,0,0,0,0,0,0,0,0,0,0,0,0
168,9,535.81,221.15,49.934,99.868,5,1,0,0,0,0,0,0,0,0,0,0,0,0,0,0,0,0,0,0
169,1,120.93,214.89,79.638,159.28,3,1,0,0,0,0,0,0,0,0,0,0,0,0,0,0,0,0,0,0
169,2,204.29,235.87,68.978,137.96,3,1,0,0,0,0,0,0,0,0,0,0,0,0,0,0,0,0,0,0
169,4,321.18,215.18,43.68,87.36,7,1,0,0,0,0,0,0,0,0,0,0,0,0,0,0,0,0,0,0
169,5,30.612,207.26,76.031,152.06,4,1,0,0,0,0,0,0,0,0,0,0,0,0,0,0,0,0,0,0
169,6,289.02,216.62,44.192,88.385,7,1,0,0,0,0,0,0,0,0,0,0,0,0,0,0,0,0,0,0
169,9,531.95,219.13,49.878,99.756,5,1,0,0,0,0,0,0,0,0,0,0,0,0,0,0,0,0,0,0
170,1,118.58,216.26,79.879,159.76,3,1,0,0,0,0,0,0,0,0,0,0,0,0,0,0,0,0,0,0
170,2,202.14,237.29,69.163,138.33,3,1,0,0,0,0,0,0,0,0,0,0,0,0,0,0,0,0,0,0
170,4,319.04,216.61,43.616,87.233,7,1,0,0,0,0,0,0,0,0,0,0,0,0,0,0,0,0,0,0
170,5,26.566,208.54,76.484,152.97,4,1,0,0,0,0,0,0,0,0,0,0,0,0,0,0,0,0,0,0
170,6,287.39,218.04,44.136,88.271,7,1,0,0,0,0,0,0,0,0,0,0,0,0,0,0,0,0,0,0
170,9,528.51,220.55,49.836,99.673,5,1,0,0,0,0,0,0,0,0,0,0,0,0,0,0,0,0,0,0
171,1,116.79,217.35,80.099,160.2,3,1,1,2,-1.4173,-0.21302,0.19358,0.38717,3,1,156.84,377.55,80.099,160.2,156.84,-3.3603,317.03,377.55,457.65,457.65
171,2,200.5,238.44,69.341,138.68,3,1,1,2,-1.2686,-0.22959,0.16015,0.3203,3,1,235.17,377.13,69.341,138.68,235.17,96.491,373.85,377.13,446.47,446.47
171,4,317.39,217.76,43.557,87.113,7,1,2,2,-1.4777,-0.67289,-0.064985,-0.12997,7,1,339.17,304.87,43.557,87.113,339.17,426.29,252.06,304.87,261.32,261.32
171,6,286.27,219.19,44.08,88.161,7,1,2,0,-0.95083,-0.66995,-0.061871,-0.12374,7,1,308.31,307.36,44.08,88.161,308.31,396.47,220.15,307.36,263.28,263.28
171,9,525.67,221.69,49.821,99.641,5,1,4,0,-2.6331,-0.58795,-0.013157,-0.026314,5,1,550.58,321.33,49.821,99.641,550.58,450.94,450.94,321.33,271.51,371.15
172,1,117.44,218.49,80.187,160.37,3,1,0,0,0,0,0,0,0,0,0,0,0,0,0,0,0,0,0,0
172,2,201.05,239.61,69.448,138.9,3,1,0,0,0,0,0,0,0,0,0,0,0,0,0,0,0,0,0,0
172,4,317.8,218.94,43.488,86.977,7,1,0,0,0,0,0,0,0,0,0,0,0,0,0,0,0,0,0,0
172,6,287.21,220.37,44.005,88.011,7,1,0,0,0,0,0,0,0,0,0,0,0,0,0,0,0,0,0,0
172,9,525.1,222.83,49.879,99.758,5,1,0,0,0,0,0,0,0,0,0,0,0,0,0,0,0,0,0,0
173,1,116.88,219.34,80.341,160.68,3,1,0,0,0,0,0,0,0,0,0,0,0,0,0,0,0,0,0,0
173,2,200.5,240.5,69.591,139.18,3,1,0,0,0,0,0,0,0,0,0,0,0,0,0,0,0,0,0,0
173,4,317.19,219.83,43.424,86.848,7,1,0,0,0,0,0,0,0,0,0,0,0,0,0,0,0,0,0,0
173,6,287.13,221.27,43.94,87.88,7,1,0,0,0,0,0,0,0,0,0,0,0,0,0,0,0,0,0,0
173,9,523.4,223.7,49.9,99.799,5,1,0,0,0,0,0,0,0,0,0,0,0,0,0,0,0,0,0,0
174,1,115.9,219.87,80.52,161.04,3,1,0,0,0,0,0,0,0,0,0,0,0,0,0,0,0,0,0,0
174,2,199.55,241.08,69.747,139.49,3,1,0,0,0,0,0,0,0,0,0,0,0,0,0,0,0,0,0,0
174,4,316.24,220.42,43.362,86.723,7,1,0,0,0,0,0,0,0,0,0,0,0,0,0,0,0,0,0,0
174,6,286.7,221.85,43.878,87.756,7,1,0,0,0,0,0,0,0,0,0,0,0,0,0,0,0,0,0,0
174,9,521.3,224.27,49.908,99.815,5,1,0,0,0,0,0,0,0,0,0,0,0,0,0,0,0,0,0,0
175,1,114.76,220.25,80.709,161.42,3,1,0,0,0,0,0,0,0,0,0,0,0,0,0,0,0,0,0,0
175,2,198.45,241.5,69.909,139.82,3,1,0,0,0,0,0,0,0,0,0,0,0,0,0,0,0,0,0,0
175,4,315.15,220.85,43.3,86.6,7,1,0,0,0,0,0,0,0,0,0,0,0,0,0,0,0,0,0,0
175,6,286.13,222.28,43.818,87.636,7,1,0,0,0,0,0,0,0,0,0,0,0,0,0,0,0,0,0,0
175,9,519.06,224.67,49.911,99.821,5,1,0,0,0,0,0,0,0,0,0,0,0,0,0,0,0,0,0,0
176,1,113.11,219.56,80.928,161.86,3,1,0,0,0,0,0,0,0,0,0,0,0,0,0,0,0,0,0,0
176,2,196.88,240.87,70.088,140.18,3,1,0,0,0,0,0,0,0,0,0,0,0,0,0,0,0,0,0,0
176,4,313.64,220.23,43.24,86.48,7,1,0,0,0,0,0,0,0,0,0,0,0,0,0,0,0,0,0,0
176,6,285.13,221.65,43.762,87.524,7,1,0,0,0,0,0,0,0,0,0,0,0,0,0,0,0,0,0,0
176,9,516.34,224.03,49.898,99.797,5,1,0,0,0,0,0,0,0,0,0,0,0,0,0,0,0,0,0,0
177,1,111.37,219.56,81.152,162.3,3,1,0,0,0,0,0,0,0,0,0,0,0,0,0,0,0,0,0,0
177,2,195.22,240.92,70.269,140.54,3,1,0,0,0,0,0,0,0,0,0,0,0,0,0,0,0,0,0,0
177,4,312.05,220.28,43.18,86.361,7,1,0,0,0,0,0,0,0,0,0,0,0,0,0,0,0,0,0,0
177,6,284.06,221.7,43.706,87.412,7,1,0,0,0,0,0,0,0,0,0,0,0,0,0,0,0,0,0,0
177,9,513.53,224.07,49.883,99.766,5,1,0,0,0,0,0,0,0,0,0,0,0,0,0,0,0,0,0,0
178,1,108.3,217.26,81.446,162.89,3,1,0,0,0,0,0,0,0,0,0,0,0,0,0,0,0,0,0,0
178,2,192.36,238.7,70.486,140.97,3,1,0,0,0,0,0,0,0,0,0,0,0,0,0,0,0,0,0,0
178,4,309.36,218.06,43.123,86.245,7,1,0,0,0,0,0,0,0,0,0,0,0,0,0,0,0,0,0,0
178,6,281.86,219.47,43.657,87.314,7,1,0,0,0,0,0,0,0,0,0,0,0,0,0,0,0,0,0,0
178,9,509.49,221.84,49.825,99.65,5,1,0,0,0,0,0,0,0,0,0,0,0,0,0,0,0,0,0,0
179,1,107.11,217.37,81.638,163.28,3,1,0,0,0,0,0,0,0,0,0,0,0,0,0,0,0,0,0,0
179,2,191.17,238.86,70.649,141.3,3,1,0,0,0,0,0,0,0,0,0,0,0,0,0,0,0,0,0,0
179,4,308.23,218.23,43.058,86.117,7,1,0,0,0,0,0,0,0,0,0,0,0,0,0,0,0,0,0,0
179,6,281.25,219.64,43.594,87.189,7,1,0,0,0,0,0,0,0,0,0,0,0,0,0,0,0,0,0,0
179,9,507.18,221.99,49.823,99.646,5,1,0,0,0,0,0,0,0,0,0,0,0,0,0,0,0,0,0,0
180,1,106.86,216.81,81.782,163.56,3,1,0,0,0,0,0,0,0,0,0,0,0,0,0,0,0,0,0,0
180,2,190.83,238.34,70.788,141.58,3,1,0,0,0,0,0,0,0,0,0,0,0,0,0,0,0,0,0,0
180,4,307.9,217.71,42.993,85.986,7,1,0,0,0,0,0,0,0,0,0,0,0,0,0,0,0,0,0,0
180,6,281.44,219.12,43.527,87.054,7,1,0,0,0,0,0,0,0,0,0,0,0,0,0,0,0,0,0,0
180,9,505.74,221.45,49.85,99.701,5,1,0,0,0,0,0,0,0,0,0,0,0,0,0,0,0,0,0,0
181,1,106.8,216.47,81.918,163.84,3,1,1,2,-1.2975,0.06032,0.20419,0.40838,3,1,147.76,380.3,81.918,163.84,147.76,-16.078,311.59,380.3,462.22,462.22
181,2,190.65,238.04,70.922,141.84,3,1,1,2,-1.2669,0.045263,0.17008,0.34016,3,1,226.11,379.88,70.922,141.84,226.11,84.266,367.95,379.88,450.8,450.8
181,9,504.47,221.13,49.883,99.766,5,1,3,0,-2.4967,-0.32122,-0.0061072,-0.012214,5,1,529.41,320.89,49.883,99.766,529.41,429.64,429.64,320.89,271.01,370.77
182,1,105.01,215.27,82.149,164.3,3,1,0,0,0,0,0,0,0,0,0,0,0,0,0,0,0,0,0,0
182,2,188.91,236.9,71.107,142.21,3,1,0,0,0,0,0,0,0,0,0,0,0,0,0,0,0,0,0,0
182,9,501.62,219.97,49.865,99.73,5,1,0,0,0,0,0,0,0,0,0,0,0,0,0,0,0,0,0,0
183,1,103.55,215.88,82.365,164.73,3,1,0,0,0,0,0,0,0,0,0,0,0,0,0,0,0,0,0,0
183,2,187.46,237.57,71.285,142.57,3,1,0,0,0,0,0,0,0,0,0,0,0,0,0,0,0,0,0,0
183,9,499.09,220.63,49.859,99.718,5,1,0,0,0,0,0,0,0,0,0,0,0,0,0,0,0,0,0,0
184,1,103.66,216.45,82.494,164.99,3,1,0,0,0,0,0,0,0,0,0,0,0,0,0,0,0,0,0,0
184,2,187.42,238.17,71.417,142.83,3,1,0,0,0,0,0,0,0,0,0,0,0,0,0,0,0,0,0,0
184,9,497.98,221.21,49.896,99.792,5,1,0,0,0,0,0,0,0,0,0,0,0,0,0,0,0,0,0,0
185,1,103.63,217.37,82.631,165.26,3,1,0,0,0,0,0,0,0,0,0,0,0,0,0,0,0,0,0,0
185,2,187.24,239.13,71.553,143.11,3,1,0,0,0,0,0,0,0,0,0,0,0,0,0,0,0,0,0,0
185,9,496.73,222.15,49.928,99.856,5,1,0,0,0,0,0,0,0,0,0,0,0,0,0,0,0,0,0,0
186,1,101.89,217.38,82.871,165.74,3,1,0,0,0,0,0,0,0,0,0,0,0,0,0,0,0,0,0,0
186,2,185.52,239.2,71.746,143.49,3,1,0,0,0,0,0,0,0,0,0,0,0,0,0,0,0,0,0,0
186,9,493.97,222.21,49.917,99.835,5,1,0,0,0,0,0,0,0,0,0,0,0,0,0,0,0,0,0,0
187,1,98.943,216.82,83.183,166.37,3,1,0,0,0,0,0,0,0,0,0,0,0,0,0,0,0,0,0,0
187,2,182.73,238.72,71.98,143.96,3,1,0,0,0,0,0,0,0,0,0,0,0,0,0,0,0,0,0,0
187,9,490.16,221.71,49.878,99.755,5,1,0,0,0,0,0,0,0,0,0,0,0,0,0,0,0,0,0,0
188,1,97.38,216.44,83.415,166.83,3,1,0,0,0,0,0,0,0,0,0,0,0,0,0,0,0,0,0,0
188,2,181.17,238.4,72.17,144.34,3,1,0,0,0,0,0,0,0,0,0,0,0,0,0,0,0,0,0,0
188,9,487.58,221.37,49.873,99.746,5,1,0,0,0,0,0,0,0,0,0,0,0,0,0,0,0,0,0,0
189,1,95.175,215.09,83.685,167.37,3,1,0,0,0,0,0,0,0,0,0,0,0,0,0,0,0,0,0,0
189,2,179.03,237.11,72.381,144.76,3,1,0,0,0,0,0,0,0,0,0,0,0,0,0,0,0,0,0,0
189,9,484.43,220.08,49.852,99.705,5,1,0,0,0,0,0,0,0,0,0,0,0,0,0,0,0,0,0,0
190,1,93.069,214.02,83.951,167.9,3,1,0,0,0,0,0,0,0,0,0,0,0,0,0,0,0,0,0,0
190,2,176.98,236.12,72.59,145.18,3,1,0,0,0,0,0,0,0,0,0,0,0,0,0,0,0,0,0,0
190,9,481.39,219.07,49.835,99.671,5,1,0,0,0,0,0,0,0,0,0,0,0,0,0,0,0,0,0,0
