1,1,168.46,126.74,128.56,257.12,1,1,1,2,0,0,0,0,0,0,0,0,0,0,0,0,0,0,0,0
1,2,15.366,155.37,124.62,249.25,1,1,2,2,0,0,0,0,0,0,0,0,0,0,0,0,0,0,0,0
2,1,176.84,124.14,128.57,257.14,1,1,0,0,0,0,0,0,0,0,0,0,0,0,0,0,0,0,0,0
2,2,22.782,152.55,124.78,249.55,1,1,0,0,0,0,0,0,0,0,0,0,0,0,0,0,0,0,0,0
3,1,186.3,127.09,128.27,256.54,1,1,0,0,0,0,0,0,0,0,0,0,0,0,0,0,0,0,0,0
3,2,31.802,155.4,124.59,249.18,1,1,0,0,0,0,0,0,0,0,0,0,0,0,0,0,0,0,0,0
4,1,194.68,132.57,127.84,255.67,1,1,0,0,0,0,0,0,0,0,0,0,0,0,0,0,0,0,0,0
4,2,39.623,160.74,124.37,248.74,1,1,0,0,0,0,0,0,0,0,0,0,0,0,0,0,0,0,0,0
5,1,203.78,133.74,127.4,254.81,1,1,0,0,0,0,0,0,0,0,0,0,0,0,0,0,0,0,0,0
5,2,48.383,161.77,124.09,248.18,1,1,0,0,0,0,0,0,0,0,0,0,0,0,0,0,0,0,0,0
6,1,213.46,134.22,126.94,253.89,1,1,0,0,0,0,0,0,0,0,0,0,0,0,0,0,0,0,0,0
6,2,57.904,162.12,123.73,247.46,1,1,0,0,0,0,0,0,0,0,0,0,0,0,0,0,0,0,0,0
7,1,222.78,134.45,126.5,253,1,1,0,0,0,0,0,0,0,0,0,0,0,0,0,0,0,0,0,0
7,2,67.006,162.22,123.41,246.83,1,1,0,0,0,0,0,0,0,0,0,0,0,0,0,0,0,0,0,0
8,1,231.87,135.19,126.07,252.14,1,1,0,0,0,0,0,0,0,0,0,0,0,0,0,0,0,0,0,0
8,2,75.846,162.83,123.11,246.23,1,1,0,0,0,0,0,0,0,0,0,0,0,0,0,0,0,0,0,0
9,1,241.07,135.92,125.64,251.28,1,1,0,0,0,0,0,0,0,0,0,0,0,0,0,0,0,0,0,0
9,2,84.846,163.43,122.8,245.61,1,1,0,0,0,0,0,0,0,0,0,0,0,0,0,0,0,0,0,0
10,1,249.71,136.07,125.23,250.47,1,1,0,0,0,0,0,0,0,0,0,0,0,0,0,0,0,0,0,0
10,2,93.192,163.45,122.55,245.1,1,1,0,0,0,0,0,0,0,0,0,0,0,0,0,0,0,0,0,0
11,1,258.36,135.86,124.83,249.66,1,1,1,2,8.8964,0.29767,-0.42612,-0.85224,1,1,320.77,385.52,124.83,249.66,320.77,570.43,570.43,385.52,510.35,260.69
11,2,101.57,163.11,122.29,244.58,1,1,2,2,8.6821,0.44042,-0.28935,-0.5787,1,1,162.72,407.69,122.29,244.58,162.72,407.3,407.3,407.69,529.98,285.4
12,1,267.18,136.2,124.42,248.85,1,1,0,0,0,0,0,0,0,0,0,0,0,0,0,0,0,0,0,0
12,2,110.19,163.32,122.01,244.02,1,1,0,0,0,0,0,0,0,0,0,0,0,0,0,0,0,0,0,0
13,1,275.87,136.33,124.02,248.05,1,1,0,0,0,0,0,0,0,0,0,0,0,0,0,0,0,0,0,0
13,2,118.68,163.33,121.74,243.49,1,1,0,0,0,0,0,0,0,0,0,0,0,0,0,0,0,0,0,0
14,1,284.9,137.04,123.6,247.2,1,1,0,0,0,0,0,0,0,0,0,0,0,0,0,0,0,0,0,0
14,2,127.6,163.91,121.43,242.85,1,1,0,0,0,0,0,0,0,0,0,0,0,0,0,0,0,0,0,0
15,1,294.16,136.81,123.19,246.39,1,1,0,0,0,0,0,0,0,0,0,0,0,0,0,0,0,0,0,0
15,2,136.82,163.57,121.09,242.19,1,1,0,0,0,0,0,0,0,0,0,0,0,0,0,0,0,0,0,0
16,1,302.35,137.08,122.8,245.6,1,1,0,0,0,0,0,0,0,0,0,0,0,0,0,0,0,0,0,0
16,2,144.78,163.71,120.86,241.71,1,1,0,0,0,0,0,0,0,0,0,0,0,0,0,0,0,0,0,0
17,1,310.77,137.22,122.42,244.84,1,1,0,0,0,0,0,0,0,0,0,0,0,0,0,0,0,0,0,0
17,2,153.03,163.73,120.6,241.2,1,1,0,0,0,0,0,0,0,0,0,0,0,0,0,0,0,0,0,0
18,1,319.34,137.44,122.04,244.08,1,1,0,0,0,0,0,0,0,0,0,0,0,0,0,0,0,0,0,0
18,2,161.47,163.84,120.33,240.67,1,1,0,0,0,0,0,0,0,0,0,0,0,0,0,0,0,0,0,0
19,1,328.04,137.47,121.65,243.3,1,1,0,0,0,0,0,0,0,0,0,0,0,0,0,0,0,0,0,0
19,2,170.08,163.76,120.05,240.09,1,1,0,0,0,0,0,0,0,0,0,0,0,0,0,0,0,0,0,0
20,1,336.27,137.71,121.27,242.53,1,1,0,0,0,0,0,0,0,0,0,0,0,0,0,0,0,0,0,0
20,2,178.18,163.88,119.79,239.58,1,1,0,0,0,0,0,0,0,0,0,0,0,0,0,0,0,0,0,0
21,1,344.61,137.84,120.89,241.77,1,1,1,2,8.4059,-0.61155,-0.39246,-0.78492,1,1,405.05,379.61,120.89,241.77,405.05,646.82,646.82,379.61,500.49,258.72
21,2,186.42,163.89,119.53,239.05,1,1,2,2,8.3301,-0.49712,-0.27573,-0.55146,1,1,246.18,402.94,119.53,239.05,246.18,485.23,485.23,402.94,522.46,283.41
21,3,142.1,146.34,100.92,201.83,1,1,3,2,0,0,0,0,0,0,0,0,0,0,0,0,0,0,0,0
22,1,352.48,137.8,120.51,241.02,1,1,0,0,0,0,0,0,0,0,0,0,0,0,0,0,0,0,0,0
22,2,194.14,163.73,119.29,238.59,1,1,0,0,0,0,0,0,0,0,0,0,0,0,0,0,0,0,0,0
22,3,147.26,146.06,101.01,202.02,1,1,0,0,0,0,0,0,0,0,0,0,0,0,0,0,0,0,0,0
23,1,360.41,138.24,120.13,240.26,1,1,0,0,0,0,0,0,0,0,0,0,0,0,0,0,0,0,0,0
23,2,201.95,164.04,119.05,238.1,1,1,0,0,0,0,0,0,0,0,0,0,0,0,0,0,0,0,0,0
23,3,152.57,146.26,101.09,202.18,1,1,0,0,0,0,0,0,0,0,0,0,0,0,0,0,0,0,0,0
24,1,369,137.88,119.76,239.52,1,1,0,0,0,0,0,0,0,0,0,0,0,0,0,0,0,0,0,0
24,2,210.51,163.58,118.76,237.53,1,1,0,0,0,0,0,0,0,0,0,0,0,0,0,0,0,0,0,0
24,3,158.71,145.7,101.12,202.23,1,1,0,0,0,0,0,0,0,0,0,0,0,0,0,0,0,0,0,0
25,1,377.14,138.98,119.4,238.79,1,1,0,0,0,0,0,0,0,0,0,0,0,0,0,0,0,0,0,0
25,2,218.58,164.57,118.51,237.02,1,1,0,0,0,0,0,0,0,0,0,0,0,0,0,0,0,0,0,0
25,3,164.37,146.57,101.18,202.36,1,1,0,0,0,0,0,0,0,0,0,0,0,0,0,0,0,0,0,0
26,1,385.44,138.86,119.03,238.06,1,1,0,0,0,0,0,0,0,0,0,0,0,0,0,0,0,0,0,0
26,2,226.83,164.34,118.24,236.48,1,1,0,0,0,0,0,0,0,0,0,0,0,0,0,0,0,0,0,0
26,3,170.27,146.23,101.23,202.45,1,1,0,0,0,0,0,0,0,0,0,0,0,0,0,0,0,0,0,0
27,1,393.39,139.16,118.67,237.33,1,1,0,0,0,0,0,0,0,0,0,0,0,0,0,0,0,0,0,0
27,2,234.72,164.52,117.99,235.98,1,1,0,0,0,0,0,0,0,0,0,0,0,0,0,0,0,0,0,0
27,3,175.82,146.31,101.3,202.59,1,1,0,0,0,0,0,0,0,0,0,0,0,0,0,0,0,0,0,0
28,1,401.42,139.64,118.31,236.62,1,1,0,0,0,0,0,0,0,0,0,0,0,0,0,0,0,0,0,0
28,2,242.69,164.91,117.74,235.48,1,1,0,0,0,0,0,0,0,0,0,0,0,0,0,0,0,0,0,0
28,3,181.49,146.57,101.36,202.73,1,1,0,0,0,0,0,0,0,0,0,0,0,0,0,0,0,0,0,0
29,1,409.72,139.47,117.96,235.92,1,1,0,0,0,0,0,0,0,0,0,0,0,0,0,0,0,0,0,0
29,2,250.96,164.63,117.47,234.93,1,1,0,0,0,0,0,0,0,0,0,0,0,0,0,0,0,0,0,0
29,3,187.54,146.2,101.4,202.81,1,1,0,0,0,0,0,0,0,0,0,0,0,0,0,0,0,0,0,0
30,1,417.61,140.21,117.6,235.2,1,1,0,0,0,0,0,0,0,0,0,0,0,0,0,0,0,0,0,0
30,2,258.81,165.27,117.21,234.43,1,1,0,0,0,0,0,0,0,0,0,0,0,0,0,0,0,0,0,0
30,3,193.16,146.72,101.47,202.94,1,1,0,0,0,0,0,0,0,0,0,0,0,0,0,0,0,0,0,0
31,1,425.69,139.69,117.26,234.52,1,1,1,2,7.9633,-0.4731,-0.36086,-0.72171,1,1,484.32,374.21,117.26,234.52,484.32,718.84,718.84,374.21,491.47,256.95
31,2,266.85,164.64,116.96,233.92,1,1,2,2,7.9599,-0.37938,-0.26033,-0.52065,1,1,325.33,398.56,116.96,233.92,325.33,559.24,559.24,398.56,515.52,281.6
31,3,199.04,145.98,101.53,203.06,1,1,3,2,5.7932,0.14456,0.056839,0.11368,1,1,249.8,349.04,101.53,203.06,249.8,452.86,452.86,349.04,450.57,247.51
32,1,433.79,139.86,116.92,233.84,1,1,0,0,0,0,0,0,0,0,0,0,0,0,0,0,0,0,0,0
32,2,274.91,164.72,116.7,233.4,1,1,0,0,0,0,0,0,0,0,0,0,0,0,0,0,0,0,0,0
32,3,204.98,145.95,101.58,203.16,1,1,0,0,0,0,0,0,0,0,0,0,0,0,0,0,0,0,0,0
33,1,441.4,140.08,116.57,233.13,1,1,0,0,0,0,0,0,0,0,0,0,0,0,0,0,0,0,0,0
33,2,282.47,164.83,116.46,232.91,1,1,0,0,0,0,0,0,0,0,0,0,0,0,0,0,0,0,0,0
33,3,210.42,145.94,101.66,203.33,1,1,0,0,0,0,0,0,0,0,0,0,0,0,0,0,0,0,0,0
34,1,448.81,140.2,116.21,232.42,1,1,0,0,0,0,0,0,0,0,0,0,0,0,0,0,0,0,0,0
34,2,289.84,164.83,116.22,232.44,1,1,0,0,0,0,0,0,0,0,0,0,0,0,0,0,0,0,0,0
34,3,215.7,145.83,101.76,203.51,1,1,0,0,0,0,0,0,0,0,0,0,0,0,0,0,0,0,0,0
35,1,456.54,140.45,115.85,231.71,1,1,0,0,0,0,0,0,0,0,0,0,0,0,0,0,0,0,0,0
35,2,297.55,164.98,115.96,231.92,1,1,0,0,0,0,0,0,0,0,0,0,0,0,0,0,0,0,0,0
35,3,221.39,145.86,101.82,203.63,1,1,0,0,0,0,0,0,0,0,0,0,0,0,0,0,0,0,0,0
36,1,463.79,140.43,115.49,230.97,1,1,0,0,0,0,0,0,0,0,0,0,0,0,0,0,0,0,0,0
36,2,304.77,164.85,115.71,231.43,1,1,0,0,0,0,0,0,0,0,0,0,0,0,0,0,0,0,0,0
36,3,226.6,145.61,101.91,203.81,1,1,0,0,0,0,0,0,0,0,0,0,0,0,0,0,0,0,0,0
37,1,470.6,140.61,115.1,230.2,1,1,0,0,0,0,0,0,0,0,0,0,0,0,0,0,0,0,0,0
37,2,311.57,164.9,115.48,230.95,1,1,0,0,0,0,0,0,0,0,0,0,0,0,0,0,0,0,0,0
37,3,231.41,145.52,102.01,204.03,1,1,0,0,0,0,0,0,0,0,0,0,0,0,0,0,0,0,0,0
38,1,479.08,140.33,114.79,229.59,1,1,0,0,0,0,0,0,0,0,0,0,0,0,0,0,0,0,0,0
38,2,320.02,164.55,115.2,230.39,1,1,0,0,0,0,0,0,0,0,0,0,0,0,0,0,0,0,0,0
38,3,238.01,145.08,102.03,204.06,1,1,0,0,0,0,0,0,0,0,0,0,0,0,0,0,0,0,0,0
39,1,486.37,140.97,114.44,228.87,1,1,0,0,0,0,0,0,0,0,0,0,0,0,0,0,0,0,0,0
39,2,327.29,165.07,114.94,229.89,1,1,0,0,0,0,0,0,0,0,0,0,0,0,0,0,0,0,0,0
39,3,243.41,145.49,102.11,204.22,1,1,0,0,0,0,0,0,0,0,0,0,0,0,0,0,0,0,0,0
40,1,493.83,141.15,114.08,228.17,1,1,0,0,0,0,0,0,0,0,0,0,0,0,0,0,0,0,0,0
40,2,334.74,165.15,114.68,229.37,1,1,0,0,0,0,0,0,0,0,0,0,0,0,0,0,0,0,0,0
40,3,249.03,145.45,102.17,204.34,1,1,0,0,0,0,0,0,0,0,0,0,0,0,0,0,0,0,0,0
41,1,500.88,141.62,113.72,227.43,1,1,1,2,7.295,-0.54695,-0.35547,-0.71094,1,1,557.74,369.06,113.72,227.43,557.74,785.17,785.17,369.06,482.77,255.34
41,2,341.8,165.52,114.43,228.85,1,1,2,2,7.3247,-0.44901,-0.25312,-0.50625,1,1,399.01,394.37,114.43,228.85,399.01,627.87,627.87,394.37,508.8,279.95
41,3,254.28,145.69,102.25,204.5,1,1,3,2,5.5344,0.086743,0.073255,0.14651,1,1,305.4,350.2,102.25,204.5,305.4,509.91,509.91,350.2,452.45,247.95
41,4,11.526,148.69,94.458,188.92,1,1,4,2,0,0,0,0,0,0,0,0,0,0,0,0,0,0,0,0
42,1,508.59,141.43,113.4,226.79,1,1,0,0,0,0,0,0,0,0,0,0,0,0,0,0,0,0,0,0
42,2,349.48,165.24,114.17,228.34,1,1,0,0,0,0,0,0,0,0,0,0,0,0,0,0,0,0,0,0
42,3,260.22,145.31,102.31,204.61,1,1,0,0,0,0,0,0,0,0,0,0,0,0,0,0,0,0,0,0
42,4,16.578,148.31,94.499,189,1,1,0,0,0,0,0,0,0,0,0,0,0,0,0,0,0,0,0,0
43,1,516.14,141.64,113.06,226.13,1,1,0,0,0,0,0,0,0,0,0,0,0,0,0,0,0,0,0,0
43,2,357,165.36,113.91,227.81,1,1,0,0,0,0,0,0,0,0,0,0,0,0,0,0,0,0,0,0
43,3,266.04,145.31,102.36,204.72,1,1,0,0,0,0,0,0,0,0,0,0,0,0,0,0,0,0,0,0
43,4,21.455,148.32,94.553,189.11,1,1,0,0,0,0,0,0,0,0,0,0,0,0,0,0,0,0,0,0
44,1,523.34,141.96,112.72,225.43,1,1,0,0,0,0,0,0,0,0,0,0,0,0,0,0,0,0,0,0
44,2,364.2,165.58,113.65,227.29,1,1,0,0,0,0,0,0,0,0,0,0,0,0,0,0,0,0,0,0
44,3,271.56,145.42,102.43,204.86,1,1,0,0,0,0,0,0,0,0,0,0,0,0,0,0,0,0,0,0
44,4,25.899,148.41,94.646,189.29,1,1,0,0,0,0,0,0,0,0,0,0,0,0,0,0,0,0,0,0
45,1,531.12,141.66,112.41,224.83,1,1,0,0,0,0,0,0,0,0,0,0,0,0,0,0,0,0,0,0
45,2,371.92,165.2,113.39,226.78,1,1,0,0,0,0,0,0,0,0,0,0,0,0,0,0,0,0,0,0
45,3,277.67,144.93,102.48,204.95,1,1,0,0,0,0,0,0,0,0,0,0,0,0,0,0,0,0,0,0
45,4,31.189,147.94,94.668,189.34,1,1,0,0,0,0,0,0,0,0,0,0,0,0,0,0,0,0,0,0
46,1,538.16,142.86,112.06,224.12,1,1,0,0,0,0,0,0,0,0,0,0,0,0,0,0,0,0,0,0
46,2,378.96,166.29,113.13,226.25,1,1,0,0,0,0,0,0,0,0,0,0,0,0,0,0,0,0,0,0
46,3,283.1,145.91,102.54,205.09,1,1,0,0,0,0,0,0,0,0,0,0,0,0,0,0,0,0,0,0
46,4,35.515,148.9,94.771,189.54,1,1,0,0,0,0,0,0,0,0,0,0,0,0,0,0,0,0,0,0
47,1,545.6,142.06,111.74,223.48,1,1,0,0,0,0,0,0,0,0,0,0,0,0,0,0,0,0,0,0
47,2,386.37,165.41,112.86,225.72,1,1,0,0,0,0,0,0,0,0,0,0,0,0,0,0,0,0,0,0
47,3,288.96,144.93,102.59,205.19,1,1,0,0,0,0,0,0,0,0,0,0,0,0,0,0,0,0,0,0
47,4,40.463,147.91,94.821,189.64,1,1,0,0,0,0,0,0,0,0,0,0,0,0,0,0,0,0,0,0
48,1,553.16,141.71,111.43,222.86,1,1,0,0,0,0,0,0,0,0,0,0,0,0,0,0,0,0,0,0
48,2,393.89,164.98,112.6,225.2,1,1,0,0,0,0,0,0,0,0,0,0,0,0,0,0,0,0,0,0
48,3,294.97,144.39,102.64,205.27,1,1,0,0,0,0,0,0,0,0,0,0,0,0,0,0,0,0,0,0
48,4,45.625,147.37,94.853,189.71,1,1,0,0,0,0,0,0,0,0,0,0,0,0,0,0,0,0,0,0
49,1,561.99,140.86,111.23,222.46,1,1,0,0,0,0,0,0,0,0,0,0,0,0,0,0,0,0,0,0
49,2,402.51,164.1,112.36,224.73,1,1,0,0,0,0,0,0,0,0,0,0,0,0,0,0,0,0,0,0
49,3,302.14,143.42,102.66,205.31,1,1,0,0,0,0,0,0,0,0,0,0,0,0,0,0,0,0,0,0
49,4,52.41,146.47,94.754,189.51,1,1,0,0,0,0,0,0,0,0,0,0,0,0,0,0,0,0,0,0
50,1,568.03,144.31,110.81,221.63,1,1,0,0,0,0,0,0,0,0,0,0,0,0,0,0,0,0,0,0
50,2,408.65,167.42,112.08,224.16,1,1,0,0,0,0,0,0,0,0,0,0,0,0,0,0,0,0,0,0
50,3,306.81,146.61,102.73,205.47,1,1,0,0,0,0,0,0,0,0,0,0,0,0,0,0,0,0,0,0
50,4,55.691,149.6,94.945,189.89,1,1,0,0,0,0,0,0,0,0,0,0,0,0,0,0,0,0,0,0
51,1,575.14,144.37,110.49,220.99,1,1,1,2,7.289,-0.401,-0.31857,-0.63714,1,1,630.39,365.36,110.49,220.99,630.39,851.37,851.37,365.36,475.86,254.87
51,2,415.73,167.4,111.82,223.64,1,1,2,2,7.28,-0.37004,-0.2604,-0.52081,1,1,471.64,391.04,111.82,223.64,471.64,695.29,695.29,391.04,502.86,279.22
51,3,312.47,146.48,102.79,205.58,1,1,3,2,5.8824,0.14741,0.052321,0.10464,1,1,363.87,352.07,102.79,205.58,363.87,569.45,569.45,352.07,454.86,249.27
51,4,60.365,149.46,95.026,190.05,1,1,4,2,4.9627,0.14674,0.052317,0.10463,1,1,107.88,339.51,95.026,190.05,107.88,297.93,297.93,339.51,434.54,244.48
52,1,582.61,144.5,110.2,220.41,1,1,0,0,0,0,0,0,0,0,0,0,0,0,0,0,0,0,0,0
52,2,423.13,167.45,111.57,223.13,1,1,0,0,0,0,0,0,0,0,0,0,0,0,0,0,0,0,0,0
52,3,318.49,146.43,102.84,205.67,1,1,0,0,0,0,0,0,0,0,0,0,0,0,0,0,0,0,0,0
52,4,65.554,149.41,95.062,190.12,1,1,0,0,0,0,0,0,0,0,0,0,0,0,0,0,0,0,0,0
53,1,589.91,143.74,109.9,219.81,1,1,0,0,0,0,0,0,0,0,0,0,0,0,0,0,0,0,0,0
53,2,430.37,166.62,111.31,222.62,1,1,0,0,0,0,0,0,0,0,0,0,0,0,0,0,0,0,0,0
53,3,324.39,145.5,102.88,205.77,1,1,0,0,0,0,0,0,0,0,0,0,0,0,0,0,0,0,0,0
53,4,70.566,148.47,95.116,190.23,1,1,0,0,0,0,0,0,0,0,0,0,0,0,0,0,0,0,0,0
54,1,596.88,144.83,109.59,219.17,1,1,0,0,0,0,0,0,0,0,0,0,0,0,0,0,0,0,0,0
54,2,437.31,167.62,111.05,222.1,1,1,0,0,0,0,0,0,0,0,0,0,0,0,0,0,0,0,0,0
54,3,330.02,146.39,102.94,205.87,1,1,0,0,0,0,0,0,0,0,0,0,0,0,0,0,0,0,0,0
54,4,75.213,149.35,95.202,190.4,1,1,0,0,0,0,0,0,0,0,0,0,0,0,0,0,0,0,0,0
55,1,604.45,144.63,109.32,218.64,1,1,0,0,0,0,0,0,0,0,0,0,0,0,0,0,0,0,0,0
55,2,444.77,167.35,110.8,221.6,1,1,0,0,0,0,0,0,0,0,0,0,0,0,0,0,0,0,0,0
55,3,336.2,146.03,102.98,205.96,1,1,0,0,0,0,0,0,0,0,0,0,0,0,0,0,0,0,0,0
55,4,80.626,148.99,95.224,190.45,1,1,0,0,0,0,0,0,0,0,0,0,0,0,0,0,0,0,0,0
56,1,610.98,144.76,108.97,217.94,1,1,0,0,0,0,0,0,0,0,0,0,0,0,0,0,0,0,0,0
56,2,451.35,167.39,110.52,221.04,1,1,0,0,0,0,0,0,0,0,0,0,0,0,0,0,0,0,0,0
56,3,341.55,145.95,103.02,206.05,1,1,0,0,0,0,0,0,0,0,0,0,0,0,0,0,0,0,0,0
56,4,84.924,148.89,95.335,190.67,1,1,0,0,0,0,0,0,0,0,0,0,0,0,0,0,0,0,0,0
57,1,617.58,144.97,108.63,217.25,1,1,0,0,0,0,0,0,0,0,0,0,0,0,0,0,0,0,0,0
57,2,457.98,167.51,110.24,220.49,1,1,0,0,0,0,0,0,0,0,0,0,0,0,0,0,0,0,0,0
57,3,346.98,145.97,103.07,206.13,1,1,0,0,0,0,0,0,0,0,0,0,0,0,0,0,0,0,0,0
57,4,89.352,148.86,95.437,190.87,1,1,0,0,0,0,0,0,0,0,0,0,0,0,0,0,0,0,0,0
58,1,624.26,145.65,108.3,216.6,1,1,0,0,0,0,0,0,0,0,0,0,0,0,0,0,0,0,0,0
58,2,464.67,168.1,109.97,219.95,1,1,0,0,0,0,0,0,0,0,0,0,0,0,0,0,0,0,0,0
58,3,352.49,146.45,103.11,206.22,1,1,0,0,0,0,0,0,0,0,0,0,0,0,0,0,0,0,0,0
58,4,93.886,149.32,95.536,191.07,1,1,0,0,0,0,0,0,0,0,0,0,0,0,0,0,0,0,0,0
59,1,632.06,145.23,108.09,216.17,1,1,0,0,0,0,0,0,0,0,0,0,0,0,0,0,0,0,0,0
59,2,472.27,167.64,109.75,219.5,1,1,0,0,0,0,0,0,0,0,0,0,0,0,0,0,0,0,0,0
59,3,358.93,145.9,103.16,206.31,1,1,0,0,0,0,0,0,0,0,0,0,0,0,0,0,0,0,0,0
59,4,99.648,148.78,95.543,191.09,1,1,0,0,0,0,0,0,0,0,0,0,0,0,0,0,0,0,0,0
60,1,639.07,145.34,107.8,215.6,1,1,0,0,0,0,0,0,0,0,0,0,0,0,0,0,0,0,0,0
60,2,479.23,167.68,109.5,218.99,1,1,0,0,0,0,0,0,0,0,0,0,0,0,0,0,0,0,0,0
60,3,364.77,145.84,103.2,206.39,1,1,0,0,0,0,0,0,0,0,0,0,0,0,0,0,0,0,0,0
60,4,104.64,148.71,95.607,191.21,1,1,0,0,0,0,0,0,0,0,0,0,0,0,0,0,0,0,0,0
61,1,645.84,145.57,107.5,215,1,1,1,2,6.8493,-0.44676,-0.30264,-0.60528,1,1,699.59,360.57,107.5,215,699.59,914.59,914.59,360.57,468.07,253.07
61,2,485.98,167.83,109.23,218.46,1,1,2,2,6.8324,-0.43911,-0.26023,-0.52046,1,1,540.6,386.3,109.23,218.46,540.6,759.07,759.07,386.3,495.53,277.07
61,3,370.45,145.89,103.23,206.46,1,1,3,2,5.7747,0.066209,0.04422,0.08844,1,1,422.07,352.35,103.23,206.46,422.07,628.53,628.53,352.35,455.59,249.12
61,4,109.43,148.74,95.687,191.37,1,1,4,2,4.8826,0.10528,0.071545,0.14309,1,1,157.27,340.11,95.687,191.37,157.27,348.64,348.64,340.11,435.8,244.43
62,1,653.72,145.78,107.31,214.62,1,1,0,0,0,0,0,0,0,0,0,0,0,0,0,0,0,0,0,0
62,2,493.63,168.01,109.02,218.04,1,1,0,0,0,0,0,0,0,0,0,0,0,0,0,0,0,0,0,0
62,3,377.01,145.98,103.27,206.55,1,1,0,0,0,0,0,0,0,0,0,0,0,0,0,0,0,0,0,0
62,4,115.35,148.85,95.685,191.37,1,1,0,0,0,0,0,0,0,0,0,0,0,0,0,0,0,0,0,0
63,1,659.36,146.1,106.9,213.8,1,1,0,0,0,0,0,0,0,0,0,0,0,0,0,0,0,0,0,0
63,2,499.47,168.21,108.7,217.39,1,1,0,0,0,0,0,0,0,0,0,0,0,0,0,0,0,0,0,0
63,3,381.89,146.07,103.29,206.57,1,1,0,0,0,0,0,0,0,0,0,0,0,0,0,0,0,0,0,0
63,4,119.17,148.87,95.832,191.66,1,1,0,0,0,0,0,0,0,0,0,0,0,0,0,0,0,0,0,0
64,1,665.58,145.64,106.56,213.12,1,1,0,0,0,0,0,0,0,0,0,0,0,0,0,0,0,0,0,0
64,2,505.77,167.67,108.41,216.82,1,1,0,0,0,0,0,0,0,0,0,0,0,0,0,0,0,0,0,0
64,3,387.23,145.43,103.31,206.62,1,1,0,0,0,0,0,0,0,0,0,0,0,0,0,0,0,0,0,0
64,4,123.56,148.18,95.944,191.89,1,1,0,0,0,0,0,0,0,0,0,0,0,0,0,0,0,0,0,0
65,1,671.14,146.77,106.15,212.3,1,1,0,0,0,0,0,0,0,0,0,0,0,0,0,0,0,0,0,0
65,2,511.55,168.69,108.08,216.16,1,1,0,0,0,0,0,0,0,0,0,0,0,0,0,0,0,0,0,0
65,3,392.13,146.35,103.32,206.64,1,1,0,0,0,0,0,0,0,0,0,0,0,0,0,0,0,0,0,0
65,4,127.44,149.02,96.087,192.17,1,1,0,0,0,0,0,0,0,0,0,0,0,0,0,0,0,0,0,0
66,1,678.15,147.53,105.9,211.79,1,1,0,0,0,0,0,0,0,0,0,0,0,0,0,0,0,0,0,0
66,2,518.47,169.39,107.83,215.66,1,1,0,0,0,0,0,0,0,0,0,0,0,0,0,0,0,0,0,0
66,3,398.13,146.96,103.34,206.68,1,1,0,0,0,0,0,0,0,0,0,0,0,0,0,0,0,0,0,0
66,4,132.71,149.62,96.137,192.27,1,1,0,0,0,0,0,0,0,0,0,0,0,0,0,0,0,0,0,0
67,1,684.68,147.37,105.6,211.21,1,1,0,0,0,0,0,0,0,0,0,0,0,0,0,0,0,0,0,0
67,2,525,169.16,107.56,215.13,1,1,0,0,0,0,0,0,0,0,0,0,0,0,0,0,0,0,0,0
67,3,403.78,146.63,103.36,206.73,1,1,0,0,0,0,0,0,0,0,0,0,0,0,0,0,0,0,0,0
67,4,137.54,149.26,96.221,192.44,1,1,0,0,0,0,0,0,0,0,0,0,0,0,0,0,0,0,0,0
68,1,691.75,146.64,105.37,210.74,1,1,0,0,0,0,0,0,0,0,0,0,0,0,0,0,0,0,0,0
68,2,531.96,168.38,107.33,214.66,1,1,0,0,0,0,0,0,0,0,0,0,0,0,0,0,0,0,0,0
68,3,409.84,145.77,103.39,206.78,1,1,0,0,0,0,0,0,0,0,0,0,0,0,0,0,0,0,0,0
68,4,142.9,148.38,96.271,192.54,1,1,0,0,0,0,0,0,0,0,0,0,0,0,0,0,0,0,0,0
69,1,698.31,146.43,105.09,210.19,1,1,0,0,0,0,0,0,0,0,0,0,0,0,0,0,0,0,0,0
69,2,538.49,168.1,107.07,214.14,1,1,0,0,0,0,0,0,0,0,0,0,0,0,0,0,0,0,0,0
69,3,415.54,145.4,103.41,206.82,1,1,0,0,0,0,0,0,0,0,0,0,0,0,0,0,0,0,0,0
69,4,147.81,147.98,96.356,192.71,1,1,0,0,0,0,0,0,0,0,0,0,0,0,0,0,0,0,0,0
70,1,705,146.19,104.83,209.67,1,1,0,0,0,0,0,0,0,0,0,0,0,0,0,0,0,0,0,0
70,2,545.13,167.81,106.82,213.63,1,1,0,0,0,0,0,0,0,0,0,0,0,0,0,0,0,0,0,0
70,3,421.37,145.02,103.43,206.85,1,1,0,0,0,0,0,0,0,0,0,0,0,0,0,0,0,0,0,0
70,4,152.9,147.57,96.426,192.85,1,1,0,0,0,0,0,0,0,0,0,0,0,0,0,0,0,0,0,0
71,2,552.02,168.08,106.58,213.17,1,1,2,2,6.39,-0.54409,-0.2684,-0.5368,1,1,605.31,381.25,106.58,213.17,605.31,818.48,818.48,381.25,487.83,274.66
71,3,427.45,145.21,103.44,206.89,1,1,3,2,5.6501,-0.060913,0.01962,0.03924,1,1,479.17,352.1,103.44,206.89,479.17,686.06,686.06,352.1,455.54,248.65
71,4,158.3,147.74,96.476,192.95,1,1,4,2,4.8609,0.033146,0.084646,0.16929,1,1,206.54,340.69,96.476,192.95,206.54,399.49,399.49,340.69,437.16,244.21
71,5,667.11,181.36,48.017,96.034,3,1,5,2,0,0,0,0,0,0,0,0,0,0,0,0,0,0,0,0
72,2,557.77,168.05,106.27,212.53,1,1,0,0,0,0,0,0,0,0,0,0,0,0,0,0,0,0,0,0
72,3,432.53,145.09,103.43,206.86,1,1,0,0,0,0,0,0,0,0,0,0,0,0,0,0,0,0,0,0
72,4,162.55,147.54,96.598,193.2,1,1,0,0,0,0,0,0,0,0,0,0,0,0,0,0,0,0,0,0
72,5,667.48,181.22,48.055,96.11,3,1,0,0,0,0,0,0,0,0,0,0,0,0,0,0,0,0,0,0
73,2,564.13,168.37,105.99,211.98,1,1,0,0,0,0,0,0,0,0,0,0,0,0,0,0,0,0,0,0
73,3,438.19,145.33,103.42,206.85,1,1,0,0,0,0,0,0,0,0,0,0,0,0,0,0,0,0,0,0
73,4,167.51,147.74,96.674,193.35,1,1,0,0,0,0,0,0,0,0,0,0,0,0,0,0,0,0,0,0
73,5,668.59,181.43,48.124,96.247,3,1,0,0,0,0,0,0,0,0,0,0,0,0,0,0,0,0,0,0
74,2,570.37,167.66,105.72,211.44,1,1,0,0,0,0,0,0,0,0,0,0,0,0,0,0,0,0,0,0
74,3,443.77,144.54,103.42,206.84,1,1,0,0,0,0,0,0,0,0,0,0,0,0,0,0,0,0,0,0
74,4,172.38,146.9,96.763,193.53,1,1,0,0,0,0,0,0,0,0,0,0,0,0,0,0,0,0,0,0
74,5,669.62,180.61,48.192,96.383,3,1,0,0,0,0,0,0,0,0,0,0,0,0,0,0,0,0,0,0
75,2,576.74,167.8,105.45,210.91,1,1,0,0,0,0,0,0,0,0,0,0,0,0,0,0,0,0,0,0
75,3,449.49,144.6,103.41,206.82,1,1,0,0,0,0,0,0,0,0,0,0,0,0,0,0,0,0,0,0
75,4,177.44,146.92,96.834,193.67,1,1,0,0,0,0,0,0,0,0,0,0,0,0,0,0,0,0,0,0
75,5,670.83,180.64,48.265,96.529,3,1,0,0,0,0,0,0,0,0,0,0,0,0,0,0,0,0,0,0
76,2,582.85,168.27,105.18,210.35,1,1,0,0,0,0,0,0,0,0,0,0,0,0,0,0,0,0,0,0
76,3,454.99,144.99,103.4,206.79,1,1,0,0,0,0,0,0,0,0,0,0,0,0,0,0,0,0,0,0
76,4,182.26,147.25,96.926,193.85,1,1,0,0,0,0,0,0,0,0,0,0,0,0,0,0,0,0,0,0
76,5,671.78,181,48.33,96.659,3,1,0,0,0,0,0,0,0,0,0,0,0,0,0,0,0,0,0,0
77,2,589.27,168.61,104.92,209.85,1,1,0,0,0,0,0,0,0,0,0,0,0,0,0,0,0,0,0,0
77,3,460.79,145.26,103.39,206.78,1,1,0,0,0,0,0,0,0,0,0,0,0,0,0,0,0,0,0,0
77,4,187.43,147.48,96.997,193.99,1,1,0,0,0,0,0,0,0,0,0,0,0,0,0,0,0,0,0,0
77,5,673.12,181.23,48.41,96.821,3,1,0,0,0,0,0,0,0,0,0,0,0,0,0,0,0,0,0,0
78,2,594.92,168.83,104.61,209.21,1,1,0,0,0,0,0,0,0,0,0,0,0,0,0,0,0,0,0,0
78,3,465.95,145.41,103.35,206.69,1,1,0,0,0,0,0,0,0,0,0,0,0,0,0,0,0,0,0,0
78,4,191.95,147.54,97.1,194.2,1,1,0,0,0,0,0,0,0,0,0,0,0,0,0,0,0,0,0,0
78,5,673.64,181.33,48.454,96.909,3,1,0,0,0,0,0,0,0,0,0,0,0,0,0,0,0,0,0,0
79,2,601.39,168.82,104.36,208.72,1,1,0,0,0,0,0,0,0,0,0,0,0,0,0,0,0,0,0,0
79,3,471.85,145.33,103.33,206.66,1,1,0,0,0,0,0,0,0,0,0,0,0,0,0,0,0,0,0,0
79,4,197.29,147.42,97.157,194.31,1,1,0,0,0,0,0,0,0,0,0,0,0,0,0,0,0,0,0,0
79,5,675.11,181.21,48.539,97.079,3,1,0,0,0,0,0,0,0,0,0,0,0,0,0,0,0,0,0,0
80,2,607.19,169.38,104.06,208.13,1,1,0,0,0,0,0,0,0,0,0,0,0,0,0,0,0,0,0,0
80,3,477.19,145.82,103.29,206.58,1,1,0,0,0,0,0,0,0,0,0,0,0,0,0,0,0,0,0,0
80,4,202.02,147.84,97.251,194.5,1,1,0,0,0,0,0,0,0,0,0,0,0,0,0,0,0,0,0,0
80,5,675.87,181.66,48.596,97.192,3,1,0,0,0,0,0,0,0,0,0,0,0,0,0,0,0,0,0,0
81,2,613.48,169.7,103.82,207.63,1,1,1,2,6.0386,-0.35846,-0.27353,-0.54707,1,1,665.39,377.33,103.82,207.63,665.39,873.03,873.03,377.33,481.15,273.51
81,3,482.96,146.07,103.27,206.54,1,1,2,2,5.5817,0.078214,-0.01812,-0.036239,1,1,534.6,352.62,103.27,206.54,534.6,741.14,741.14,352.62,455.89,249.34
81,4,207.24,148.04,97.324,194.65,1,1,3,2,4.9919,0.22262,0.081291,0.16258,1,1,255.9,342.69,97.324,194.65,255.9,450.55,450.55,342.69,440.01,245.37
81,5,677.22,181.87,48.68,97.359,3,1,4,2,1.0997,0.21415,0.068564,0.13713,3,1,701.56,279.23,48.68,97.359,701.56,604.2,798.92,279.23,327.9,327.9
81,6,736.26,170.05,65.404,130.81,7,0,5,0,0,0,0,0,0,0,0,0,0,0,0,0,0,0,0,0
82,2,620.64,169.83,103.65,207.3,1,1,0,0,0,0,0,0,0,0,0,0,0,0,0,0,0,0,0,0
82,3,489.5,146.14,103.29,206.58,1,1,0,0,0,0,0,0,0,0,0,0,0,0,0,0,0,0,0,0
82,4,213.28,148.1,97.357,194.71,1,1,0,0,0,0,0,0,0,0,0,0,0,0,0,0,0,0,0,0
82,5,679.53,181.89,48.806,97.612,3,1,0,0,0,0,0,0,0,0,0,0,0,0,0,0,0,0,0,0
82,6,736.46,170.19,65.271,130.54,7,0,0,0,0,0,0,0,0,0,0,0,0,0,0,0,0,0,0,0
83,2,627.46,169.11,103.46,206.92,1,1,0,0,0,0,0,0,0,0,0,0,0,0,0,0,0,0,0,0
83,3,495.75,145.36,103.3,206.59,1,1,0,0,0,0,0,0,0,0,0,0,0,0,0,0,0,0,0,0
83,4,219.02,147.3,97.408,194.82,1,1,0,0,0,0,0,0,0,0,0,0,0,0,0,0,0,0,0,0
83,5,681.49,181.07,48.918,97.836,3,1,0,0,0,0,0,0,0,0,0,0,0,0,0,0,0,0,0,0
83,6,736.26,169.49,65.114,130.23,7,0,0,0,0,0,0,0,0,0,0,0,0,0,0,0,0,0,0,0
84,2,633.89,169.32,103.24,206.48,1,1,0,0,0,0,0,0,0,0,0,0,0,0,0,0,0,0,0,0
84,3,501.69,145.51,103.28,206.57,1,1,0,0,0,0,0,0,0,0,0,0,0,0,0,0,0,0,0,0
84,4,224.44,147.41,97.477,194.95,1,1,0,0,0,0,0,0,0,0,0,0,0,0,0,0,0,0,0,0
84,5,683.05,181.18,49.014,98.028,3,1,0,0,0,0,0,0,0,0,0,0,0,0,0,0,0,0,0,0
84,6,735.63,169.73,64.931,129.86,7,0,0,0,0,0,0,0,0,0,0,0,0,0,0,0,0,0,0,0
85,2,640.21,167.55,103.01,206.03,1,1,0,0,0,0,0,0,0,0,0,0,0,0,0,0,0,0,0,0
85,3,507.57,143.68,103.27,206.53,1,1,0,0,0,0,0,0,0,0,0,0,0,0,0,0,0,0,0,0
85,4,229.8,145.52,97.55,195.1,1,1,0,0,0,0,0,0,0,0,0,0,0,0,0,0,0,0,0,0
85,5,684.54,179.3,49.107,98.213,3,1,0,0,0,0,0,0,0,0,0,0,0,0,0,0,0,0,0,0
85,6,734.92,167.97,64.742,129.48,7,0,0,0,0,0,0,0,0,0,0,0,0,0,0,0,0,0,0,0
86,2,647.4,167.87,102.87,205.74,1,1,0,0,0,0,0,0,0,0,0,0,0,0,0,0,0,0,0,0
86,3,514.18,143.95,103.28,206.57,1,1,0,0,0,0,0,0,0,0,0,0,0,0,0,0,0,0,0,0
86,4,235.94,145.78,97.585,195.17,1,1,0,0,0,0,0,0,0,0,0,0,0,0,0,0,0,0,0,0
86,5,686.95,179.52,49.24,98.479,3,1,0,0,0,0,0,0,0,0,0,0,0,0,0,0,0,0,0,0
86,6,735.23,168.31,64.617,129.23,7,0,0,0,0,0,0,0,0,0,0,0,0,0,0,0,0,0,0,0
87,2,653.66,169.15,102.64,205.28,1,1,0,0,0,0,0,0,0,0,0,0,0,0,0,0,0,0,0,0
87,3,520.04,145.18,103.25,206.5,1,1,0,0,0,0,0,0,0,0,0,0,0,0,0,0,0,0,0,0
87,4,241.33,146.96,97.653,195.31,1,1,0,0,0,0,0,0,0,0,0,0,0,0,0,0,0,0,0,0
87,5,688.4,180.7,49.329,98.659,3,1,0,0,0,0,0,0,0,0,0,0,0,0,0,0,0,0,0,0
87,6,734.49,169.62,64.424,128.85,7,0,0,0,0,0,0,0,0,0,0,0,0,0,0,0,0,0,0,0
88,2,660.34,169.54,102.45,204.91,1,1,0,0,0,0,0,0,0,0,0,0,0,0,0,0,0,0,0,0
88,3,526.26,145.51,103.24,206.49,1,1,0,0,0,0,0,0,0,0,0,0,0,0,0,0,0,0,0,0
88,4,247.08,147.26,97.709,195.42,1,1,0,0,0,0,0,0,0,0,0,0,0,0,0,0,0,0,0,0
88,5,690.32,180.99,49.442,98.884,3,1,0,0,0,0,0,0,0,0,0,0,0,0,0,0,0,0,0,0
88,6,734.27,170.03,64.265,128.53,7,0,0,0,0,0,0,0,0,0,0,0,0,0,0,0,0,0,0,0
89,2,666.25,169.74,102.2,204.4,1,1,0,0,0,0,0,0,0,0,0,0,0,0,0,0,0,0,0,0
89,3,531.86,145.66,103.19,206.39,1,1,0,0,0,0,0,0,0,0,0,0,0,0,0,0,0,0,0,0
89,4,252.23,147.33,97.791,195.58,1,1,0,0,0,0,0,0,0,0,0,0,0,0,0,0,0,0,0,0
89,5,691.45,181.07,49.52,99.041,3,1,0,0,0,0,0,0,0,0,0,0,0,0,0,0,0,0,0,0
89,6,733.2,170.25,64.055,128.11,7,0,0,0,0,0,0,0,0,0,0,0,0,0,0,0,0,0,0,0
90,2,672.21,170.7,101.96,203.92,1,1,0,0,0,0,0,0,0,0,0,0,0,0,0,0,0,0,0,0
90,3,537.52,146.57,103.15,206.29,1,1,0,0,0,0,0,0,0,0,0,0,0,0,0,0,0,0,0,0
90,4,257.46,148.17,97.871,195.74,1,1,0,0,0,0,0,0,0,0,0,0,0,0,0,0,0,0,0,0
90,5,692.67,181.92,49.603,99.207,3,1,0,0,0,0,0,0,0,0,0,0,0,0,0,0,0,0,0,0
90,6,732.24,171.23,63.852,127.7,7,0,0,0,0,0,0,0,0,0,0,0,0,0,0,0,0,0,0,0
91,2,678.7,169.98,101.77,203.55,1,1,1,2,6.345,-0.28615,-0.20925,-0.4185,1,1,729.59,373.52,101.77,203.55,729.59,933.13,933.13,373.52,475.3,271.75
91,3,543.63,145.8,103.13,206.26,1,1,2,2,6.0052,0.041045,-0.01855,-0.0371,1,1,595.2,352.06,103.13,206.26,595.2,801.46,801.46,352.06,455.19,248.93
91,4,263.11,147.36,97.94,195.88,1,1,3,0,5.5703,0.16145,0.064305,0.12861,1,1,312.09,343.24,97.94,195.88,312.09,507.97,507.97,343.24,441.18,245.3
92,2,684.02,170.43,101.47,202.95,1,1,0,0,0,0,0,0,0,0,0,0,0,0,0,0,0,0,0,0
92,3,548.81,146.22,103.04,206.08,1,1,0,0,0,0,0,0,0,0,0,0,0,0,0,0,0,0,0,0
92,4,267.93,147.67,98.032,196.06,1,1,0,0,0,0,0,0,0,0,0,0,0,0,0,0,0,0,0,0
93,2,689.8,170.36,101.22,202.45,1,1,0,0,0,0,0,0,0,0,0,0,0,0,0,0,0,0,0,0
93,3,554.38,146.1,102.97,205.95,1,1,0,0,0,0,0,0,0,0,0,0,0,0,0,0,0,0,0,0
93,4,273.12,147.48,98.113,196.23,1,1,0,0,0,0,0,0,0,0,0,0,0,0,0,0,0,0,0,0
94,2,695.31,170.37,100.95,201.91,1,1,0,0,0,0,0,0,0,0,0,0,0,0,0,0,0,0,0,0
94,3,559.74,146.07,102.89,205.79,1,1,0,0,0,0,0,0,0,0,0,0,0,0,0,0,0,0,0,0
94,4,278.14,147.36,98.201,196.4,1,1,0,0,0,0,0,0,0,0,0,0,0,0,0,0,0,0,0,0
95,2,700.21,171.08,100.62,201.25,1,1,0,0,0,0,0,0,0,0,0,0,0,0,0,0,0,0,0,0
95,3,564.64,146.74,102.77,205.54,1,1,0,0,0,0,0,0,0,0,0,0,0,0,0,0,0,0,0,0
95,4,282.77,147.91,98.295,196.59,1,1,0,0,0,0,0,0,0,0,0,0,0,0,0,0,0,0,0,0
96,2,706.54,170.99,100.44,200.89,1,1,0,0,0,0,0,0,0,0,0,0,0,0,0,0,0,0,0,0
96,3,570.71,146.62,102.73,205.47,1,1,0,0,0,0,0,0,0,0,0,0,0,0,0,0,0,0,0,0
96,4,288.47,147.73,98.363,196.73,1,1,0,0,0,0,0,0,0,0,0,0,0,0,0,0,0,0,0,0
97,2,711.34,171.68,100.11,200.22,1,1,0,0,0,0,0,0,0,0,0,0,0,0,0,0,0,0,0,0
97,3,575.56,147.28,102.6,205.2,1,1,0,0,0,0,0,0,0,0,0,0,0,0,0,0,0,0,0,0
97,4,293.11,148.27,98.454,196.91,1,1,0,0,0,0,0,0,0,0,0,0,0,0,0,0,0,0,0,0
98,2,716.46,171.52,99.817,199.63,1,1,0,0,0,0,0,0,0,0,0,0,0,0,0,0,0,0,0,0
98,3,580.69,147.09,102.49,204.97,1,1,0,0,0,0,0,0,0,0,0,0,0,0,0,0,0,0,0,0
98,4,298.02,147.97,98.54,197.08,1,1,0,0,0,0,0,0,0,0,0,0,0,0,0,0,0,0,0,0
99,2,721.79,171.67,99.547,199.09,1,1,0,0,0,0,0,0,0,0,0,0,0,0,0,0,0,0,0,0
99,3,586.01,147.21,102.38,204.76,1,1,0,0,0,0,0,0,0,0,0,0,0,0,0,0,0,0,0,0
99,4,303.13,147.99,98.619,197.24,1,1,0,0,0,0,0,0,0,0,0,0,0,0,0,0,0,0,0,0
100,2,727.1,172.41,99.279,198.56,1,1,0,0,0,0,0,0,0,0,0,0,0,0,0,0,0,0,0,0
100,3,591.32,147.93,102.27,204.55,1,1,0,0,0,0,0,0,0,0,0,0,0,0,0,0,0,0,0,0
100,4,308.26,148.61,98.694,197.39,1,1,0,0,0,0,0,0,0,0,0,0,0,0,0,0,0,0,0,0
101,3,597.25,147.14,102.21,204.42,1,1,2,2,5.2783,-0.020306,-0.096387,-0.19277,1,1,648.35,351.56,102.21,204.42,648.35,852.77,852.77,351.56,453.77,249.35
101,4,313.94,147.75,98.756,197.51,1,1,3,2,5.1041,0.23932,0.081792,0.16358,1,1,363.32,345.26,98.756,197.51,363.32,560.83,560.83,345.26,444.02,246.51
101,5,703.34,181.65,50.44,100.88,3,1,4,2,0,0,0,0,0,0,0,0,0,0,0,0,0,0,0,0
101,6,719.51,172.41,61.533,123.07,7,1,5,0,0,0,0,0,0,0,0,0,0,0,0,0,0,0,0,0
102,3,603.24,147.6,102.15,204.3,1,1,0,0,0,0,0,0,0,0,0,0,0,0,0,0,0,0,0,0
102,4,319.69,148.15,98.82,197.64,1,1,0,0,0,0,0,0,0,0,0,0,0,0,0,0,0,0,0,0
102,5,705,182.04,50.553,101.11,3,1,0,0,0,0,0,0,0,0,0,0,0,0,0,0,0,0,0,0
102,6,719.14,172.92,61.372,122.74,7,1,0,0,0,0,0,0,0,0,0,0,0,0,0,0,0,0,0,0
103,3,608.88,147.28,102.06,204.12,1,1,0,0,0,0,0,0,0,0,0,0,0,0,0,0,0,0,0,0
103,4,325.16,147.74,98.886,197.77,1,1,0,0,0,0,0,0,0,0,0,0,0,0,0,0,0,0,0,0
103,5,706.25,181.63,50.646,101.29,3,1,0,0,0,0,0,0,0,0,0,0,0,0,0,0,0,0,0,0
103,6,718.37,172.64,61.187,122.37,7,1,0,0,0,0,0,0,0,0,0,0,0,0,0,0,0,0,0,0
104,3,614.47,147.84,101.97,203.94,1,1,0,0,0,0,0,0,0,0,0,0,0,0,0,0,0,0,0,0
104,4,330.6,148.21,98.958,197.92,1,1,0,0,0,0,0,0,0,0,0,0,0,0,0,0,0,0,0,0
104,5,707.44,182.1,50.74,101.48,3,1,0,0,0,0,0,0,0,0,0,0,0,0,0,0,0,0,0,0
104,6,717.56,173.24,61.001,122,7,1,0,0,0,0,0,0,0,0,0,0,0,0,0,0,0,0,0,0
105,3,619.54,148.27,101.82,203.64,1,1,0,0,0,0,0,0,0,0,0,0,0,0,0,0,0,0,0,0
105,4,335.65,148.52,99.023,198.05,1,1,0,0,0,0,0,0,0,0,0,0,0,0,0,0,0,0,0,0
105,5,708.05,182.42,50.804,101.61,3,1,0,0,0,0,0,0,0,0,0,0,0,0,0,0,0,0,0,0
105,6,716.15,173.69,60.778,121.56,7,1,0,0,0,0,0,0,0,0,0,0,0,0,0,0,0,0,0,0
106,3,624.98,147.56,101.7,203.41,1,1,0,0,0,0,0,0,0,0,0,0,0,0,0,0,0,0,0,0
106,4,341.03,147.72,99.086,198.17,1,1,0,0,0,0,0,0,0,0,0,0,0,0,0,0,0,0,0,0
106,5,709.1,181.62,50.89,101.78,3,1,0,0,0,0,0,0,0,0,0,0,0,0,0,0,0,0,0,0
106,6,715.21,173.02,60.583,121.17,7,1,0,0,0,0,0,0,0,0,0,0,0,0,0,0,0,0,0,0
107,3,631.04,147.68,101.64,203.29,1,1,0,0,0,0,0,0,0,0,0,0,0,0,0,0,0,0,0,0
107,4,346.93,147.77,99.149,198.3,1,1,0,0,0,0,0,0,0,0,0,0,0,0,0,0,0,0,0,0
107,5,710.85,181.66,51.012,102.02,3,1,0,0,0,0,0,0,0,0,0,0,0,0,0,0,0,0,0,0
107,6,715,173.18,60.431,120.86,7,1,0,0,0,0,0,0,0,0,0,0,0,0,0,0,0,0,0,0
108,3,636.39,147.44,101.52,203.04,1,1,0,0,0,0,0,0,0,0,0,0,0,0,0,0,0,0,0,0
108,4,352.27,147.43,99.213,198.43,1,1,0,0,0,0,0,0,0,0,0,0,0,0,0,0,0,0,0,0
108,5,711.8,181.32,51.096,102.19,3,1,0,0,0,0,0,0,0,0,0,0,0,0,0,0,0,0,0,0
108,6,713.98,172.97,60.235,120.47,7,1,0,0,0,0,0,0,0,0,0,0,0,0,0,0,0,0,0,0
109,3,642.49,146.81,101.46,202.92,1,1,0,0,0,0,0,0,0,0,0,0,0,0,0,0,0,0,0,0
109,4,358.23,146.73,99.276,198.55,1,1,0,0,0,0,0,0,0,0,0,0,0,0,0,0,0,0,0,0
109,5,713.6,180.6,51.222,102.44,3,1,0,0,0,0,0,0,0,0,0,0,0,0,0,0,0,0,0,0
109,6,713.83,172.38,60.087,120.17,7,1,0,0,0,0,0,0,0,0,0,0,0,0,0,0,0,0,0,0
110,3,648.17,146.32,101.36,202.72,1,1,0,0,0,0,0,0,0,0,0,0,0,0,0,0,0,0,0,0
110,4,363.88,146.16,99.337,198.67,1,1,0,0,0,0,0,0,0,0,0,0,0,0,0,0,0,0,0,0
110,5,714.92,180.02,51.325,102.65,3,1,0,0,0,0,0,0,0,0,0,0,0,0,0,0,0,0,0,0
110,6,713.22,171.92,59.912,119.82,7,1,0,0,0,0,0,0,0,0,0,0,0,0,0,0,0,0,0,0
111,3,654.65,146.04,101.34,202.68,1,1,1,2,5.6153,-0.36137,-0.095126,-0.19025,1,1,705.32,348.72,101.34,202.68,705.32,908,908,348.72,450.06,247.38
111,4,370.15,145.83,99.407,198.81,1,1,2,0,5.6021,-0.12851,0.064608,0.12922,1,1,419.85,344.64,99.407,198.81,419.85,618.67,618.67,344.64,444.05,245.24
111,6,713.51,171.69,59.791,119.58,7,1,3,0,-0.76906,-0.4937,-0.17878,-0.35756,7,1,743.4,291.27,59.791,119.58,743.4,862.98,623.82,291.27,231.48,231.48
112,3,659.76,148.13,101.19,202.38,1,1,0,0,0,0,0,0,0,0,0,0,0,0,0,0,0,0,0,0
112,4,375.4,147.8,99.467,198.93,1,1,0,0,0,0,0,0,0,0,0,0,0,0,0,0,0,0,0,0
112,6,712.31,173.79,59.585,119.17,7,1,0,0,0,0,0,0,0,0,0,0,0,0,0,0,0,0,0,0
113,3,666.48,148.11,101.18,202.36,1,1,0,0,0,0,0,0,0,0,0,0,0,0,0,0,0,0,0,0
113,4,381.91,147.74,99.529,199.06,1,1,0,0,0,0,0,0,0,0,0,0,0,0,0,0,0,0,0,0
113,6,712.86,173.82,59.473,118.95,7,1,0,0,0,0,0,0,0,0,0,0,0,0,0,0,0,0,0,0
114,3,671.84,148.02,101.05,202.1,1,1,0,0,0,0,0,0,0,0,0,0,0,0,0,0,0,0,0,0
114,4,387.4,147.56,99.587,199.17,1,1,0,0,0,0,0,0,0,0,0,0,0,0,0,0,0,0,0,0
114,6,711.96,173.76,59.283,118.57,7,1,0,0,0,0,0,0,0,0,0,0,0,0,0,0,0,0,0,0
115,3,677.84,148.22,100.98,201.97,1,1,0,0,0,0,0,0,0,0,0,0,0,0,0,0,0,0,0,0
115,4,393.38,147.68,99.656,199.31,1,1,0,0,0,0,0,0,0,0,0,0,0,0,0,0,0,0,0,0
115,6,711.75,173.99,59.135,118.27,7,1,0,0,0,0,0,0,0,0,0,0,0,0,0,0,0,0,0,0
116,3,682.89,148.32,100.83,201.65,1,1,0,0,0,0,0,0,0,0,0,0,0,0,0,0,0,0,0,0
116,4,398.69,147.66,99.715,199.43,1,1,0,0,0,0,0,0,0,0,0,0,0,0,0,0,0,0,0,0
116,6,710.59,174.1,58.934,117.87,7,1,0,0,0,0,0,0,0,0,0,0,0,0,0,0,0,0,0,0
117,3,688.05,147.97,100.67,201.35,1,1,0,0,0,0,0,0,0,0,0,0,0,0,0,0,0,0,0,0
117,4,404.11,147.2,99.766,199.53,1,1,0,0,0,0,0,0,0,0,0,0,0,0,0,0,0,0,0,0
117,6,709.55,173.77,58.737,117.47,7,1,0,0,0,0,0,0,0,0,0,0,0,0,0,0,0,0,0,0
118,3,694.4,148.32,100.64,201.27,1,1,0,0,0,0,0,0,0,0,0,0,0,0,0,0,0,0,0,0
118,4,410.43,147.5,99.831,199.66,1,1,0,0,0,0,0,0,0,0,0,0,0,0,0,0,0,0,0,0
118,6,709.73,174.16,58.608,117.22,7,1,0,0,0,0,0,0,0,0,0,0,0,0,0,0,0,0,0,0
119,3,700.12,148.23,100.53,201.06,1,1,0,0,0,0,0,0,0,0,0,0,0,0,0,0,0,0,0,0
119,4,416.34,147.32,99.879,199.76,1,1,0,0,0,0,0,0,0,0,0,0,0,0,0,0,0,0,0,0
119,6,709.3,174.09,58.441,116.88,7,1,0,0,0,0,0,0,0,0,0,0,0,0,0,0,0,0,0,0
120,3,706.03,148.58,100.45,200.91,1,1,0,0,0,0,0,0,0,0,0,0,0,0,0,0,0,0,0,0
120,4,422.37,147.59,99.942,199.88,1,1,0,0,0,0,0,0,0,0,0,0,0,0,0,0,0,0,0,0
120,6,709.05,174.47,58.29,116.58,7,1,0,0,0,0,0,0,0,0,0,0,0,0,0,0,0,0,0,0
121,3,712.27,147.89,100.41,200.82,1,1,1,2,5.6828,-0.17974,-0.096345,-0.19269,1,1,762.47,348.71,100.41,200.82,762.47,963.29,963.29,348.71,449.12,248.3
121,4,428.66,146.85,100.01,200.02,1,1,2,0,5.8706,0.047551,0.059539,0.11908,1,1,478.66,346.87,100.01,200.02,478.66,678.69,678.69,346.87,446.88,246.86
121,7,75.189,75.564,177.55,355.1,2,1,3,0,0,0,0,0,0,0,0,0,0,0,0,0,0,0,0,0
122,3,717.24,147.82,100.24,200.48,1,1,0,0,0,0,0,0,0,0,0,0,0,0,0,0,0,0,0,0
122,4,434.09,146.66,100.05,200.1,1,1,0,0,0,0,0,0,0,0,0,0,0,0,0,0,0,0,0,0
122,7,83.089,74.923,178.22,356.44,2,1,0,0,0,0,0,0,0,0,0,0,0,0,0,0,0,0,0,0
123,3,722.51,147.46,100.1,200.21,1,1,0,0,0,0,0,0,0,0,0,0,0,0,0,0,0,0,0,0
123,4,439.76,146.2,100.1,200.2,1,1,0,0,0,0,0,0,0,0,0,0,0,0,0,0,0,0,0,0
123,7,91.33,74.035,178.86,357.72,2,1,0,0,0,0,0,0,0,0,0,0,0,0,0,0,0,0,0,0
124,3,727.58,147.14,99.943,199.89,1,1,0,0,0,0,0,0,0,0,0,0,0,0,0,0,0,0,0,0
124,4,445.33,145.78,100.14,200.28,1,1,0,0,0,0,0,0,0,0,0,0,0,0,0,0,0,0,0,0
124,7,99.503,73.167,179.51,359.03,2,1,0,0,0,0,0,0,0,0,0,0,0,0,0,0,0,0,0,0
125,3,733.1,147.38,99.83,199.66,1,1,0,0,0,0,0,0,0,0,0,0,0,0,0,0,0,0,0,0
125,4,451.23,145.92,100.19,200.38,1,1,0,0,0,0,0,0,0,0,0,0,0,0,0,0,0,0,0,0
125,7,108.13,72.901,180.13,360.26,2,1,0,0,0,0,0,0,0,0,0,0,0,0,0,0,0,0,0,0
126,3,738.78,147.92,99.736,199.47,1,1,0,0,0,0,0,0,0,0,0,0,0,0,0,0,0,0,0,0
126,4,457.27,146.38,100.25,200.49,1,1,0,0,0,0,0,0,0,0,0,0,0,0,0,0,0,0,0,0
126,7,116.97,72.96,180.73,361.47,2,1,0,0,0,0,0,0,0,0,0,0,0,0,0,0,0,0,0,0
127,3,743.66,148.28,99.562,199.12,1,1,0,0,0,0,0,0,0,0,0,0,0,0,0,0,0,0,0,0
127,4,462.79,146.64,100.28,200.55,1,1,0,0,0,0,0,0,0,0,0,0,0,0,0,0,0,0,0,0
127,7,125.24,72.747,181.42,362.84,2,1,0,0,0,0,0,0,0,0,0,0,0,0,0,0,0,0,0,0
128,3,749.21,148.36,99.457,198.91,1,1,0,0,0,0,0,0,0,0,0,0,0,0,0,0,0,0,0,0
128,4,468.79,146.63,100.33,200.65,1,1,0,0,0,0,0,0,0,0,0,0,0,0,0,0,0,0,0,0
128,7,134.12,72.319,182.05,364.09,2,1,0,0,0,0,0,0,0,0,0,0,0,0,0,0,0,0,0,0
129,3,754.47,148.55,99.326,198.65,1,1,0,0,0,0,0,0,0,0,0,0,0,0,0,0,0,0,0,0
129,4,474.63,146.73,100.37,200.74,1,1,0,0,0,0,0,0,0,0,0,0,0,0,0,0,0,0,0,0
129,7,142.85,71.971,182.71,365.41,2,1,0,0,0,0,0,0,0,0,0,0,0,0,0,0,0,0,0,0
130,3,759.41,149.34,99.162,198.32,1,1,0,0,0,0,0,0,0,0,0,0,0,0,0,0,0,0,0,0
130,4,480.28,147.42,100.4,200.8,1,1,0,0,0,0,0,0,0,0,0,0,0,0,0,0,0,0,0,0
130,7,151.44,72.189,183.39,366.79,2,1,0,0,0,0,0,0,0,0,0,0,0,0,0,0,0,0,0,0
131,4,485.74,147.26,100.42,200.83,1,1,2,2,5.7982,0.21133,0.042084,0.084168,1,1,535.95,348.09,100.42,200.83,535.95,736.78,736.78,348.09,448.51,247.67
131,6,700.64,175.32,56.356,112.71,7,1,3,0,0,0,0,0,0,0,0,0,0,0,0,0,0,0,0,0
131,7,159.87,71.533,184.11,368.21,2,1,4,0,8.8993,0.98716,0.64929,1.2986,2,1,251.93,439.74,184.11,368.21,251.93,251.93,772.66,439.74,700.11,439.74
132,4,491.36,147.25,100.44,200.88,1,1,0,0,0,0,0,0,0,0,0,0,0,0,0,0,0,0,0,0
132,6,699.55,175.41,56.17,112.34,7,1,0,0,0,0,0,0,0,0,0,0,0,0,0,0,0,0,0,0
132,7,168.54,71.033,184.81,369.62,2,1,0,0,0,0,0,0,0,0,0,0,0,0,0,0,0,0,0,0
133,4,497.55,146.93,100.5,200.99,1,1,0,0,0,0,0,0,0,0,0,0,0,0,0,0,0,0,0,0
133,6,699.2,175.2,56.025,112.05,7,1,0,0,0,0,0,0,0,0,0,0,0,0,0,0,0,0,0,0
133,7,177.87,70.276,185.47,370.94,2,1,0,0,0,0,0,0,0,0,0,0,0,0,0,0,0,0,0,0
134,4,503.85,147.01,100.55,201.09,1,1,0,0,0,0,0,0,0,0,0,0,0,0,0,0,0,0,0,0
134,6,698.94,175.38,55.882,111.76,7,1,0,0,0,0,0,0,0,0,0,0,0,0,0,0,0,0,0,0
134,7,187.41,69.934,186.11,372.22,2,1,0,0,0,0,0,0,0,0,0,0,0,0,0,0,0,0,0,0
135,4,509.86,147.48,100.58,201.16,1,1,0,0,0,0,0,0,0,0,0,0,0,0,0,0,0,0,0,0
135,6,698.29,175.94,55.72,111.44,7,1,0,0,0,0,0,0,0,0,0,0,0,0,0,0,0,0,0,0
135,7,196.7,69.93,186.79,373.59,2,1,0,0,0,0,0,0,0,0,0,0,0,0,0,0,0,0,0,0
136,4,515.9,147.43,100.61,201.23,1,1,0,0,0,0,0,0,0,0,0,0,0,0,0,0,0,0,0,0
136,6,697.64,175.99,55.56,111.12,7,1,0,0,0,0,0,0,0,0,0,0,0,0,0,0,0,0,0,0
136,7,206.07,69.411,187.48,374.96,2,1,0,0,0,0,0,0,0,0,0,0,0,0,0,0,0,0,0,0
137,4,521.85,147.44,100.64,201.28,1,1,0,0,0,0,0,0,0,0,0,0,0,0,0,0,0,0,0,0
137,6,696.85,176.09,55.394,110.79,7,1,0,0,0,0,0,0,0,0,0,0,0,0,0,0,0,0,0,0
137,7,215.41,68.935,188.19,376.37,2,1,0,0,0,0,0,0,0,0,0,0,0,0,0,0,0,0,0,0
138,4,527.48,146.98,100.64,201.28,1,1,0,0,0,0,0,0,0,0,0,0,0,0,0,0,0,0,0,0
138,6,695.63,175.73,55.205,110.41,7,1,0,0,0,0,0,0,0,0,0,0,0,0,0,0,0,0,0,0
138,7,224.53,67.969,188.9,377.81,2,1,0,0,0,0,0,0,0,0,0,0,0,0,0,0,0,0,0,0
139,4,533.71,147.38,100.68,201.36,1,1,0,0,0,0,0,0,0,0,0,0,0,0,0,0,0,0,0,0
139,6,695.15,176.22,55.057,110.11,7,1,0,0,0,0,0,0,0,0,0,0,0,0,0,0,0,0,0,0
139,7,234.3,67.891,189.6,379.2,2,1,0,0,0,0,0,0,0,0,0,0,0,0,0,0,0,0,0,0
140,4,539.62,147.59,100.69,201.38,1,1,0,0,0,0,0,0,0,0,0,0,0,0,0,0,0,0,0,0
140,6,694.23,176.51,54.887,109.77,7,1,0,0,0,0,0,0,0,0,0,0,0,0,0,0,0,0,0,0
140,7,243.84,67.599,190.32,380.63,2,1,0,0,0,0,0,0,0,0,0,0,0,0,0,0,0,0,0,0
141,4,546.03,148.05,100.74,201.47,1,1,1,2,6.0435,0.13357,0.029829,0.059658,1,1,596.4,349.52,100.74,201.47,596.4,797.87,797.87,349.52,450.26,248.78
141,5,752.97,181.3,54.728,109.46,3,1,2,0,0,0,0,0,0,0,0,0,0,0,0,0,0,0,0,0
141,6,693.91,177.06,54.749,109.5,7,1,3,0,-0.76716,-0.15435,-0.16112,-0.32225,7,1,721.28,286.56,54.749,109.5,721.28,830.78,611.78,286.56,231.81,231.81
141,7,253.92,67.581,191.02,382.04,2,1,4,0,9.785,0.98308,0.69269,1.3854,2,1,349.43,449.62,191.02,382.04,349.43,349.43,889.71,449.62,719.76,449.62
142,4,551.98,147.88,100.75,201.5,1,1,0,0,0,0,0,0,0,0,0,0,0,0,0,0,0,0,0,0
142,5,753.89,181.1,54.83,109.66,3,1,0,0,0,0,0,0,0,0,0,0,0,0,0,0,0,0,0,0
142,6,692.98,176.98,54.583,109.17,7,1,0,0,0,0,0,0,0,0,0,0,0,0,0,0,0,0,0,0
142,7,263.63,66.902,191.75,383.51,2,1,0,0,0,0,0,0,0,0,0,0,0,0,0,0,0,0,0,0
143,4,557.65,147.41,100.74,201.48,1,1,0,0,0,0,0,0,0,0,0,0,0,0,0,0,0,0,0,0
143,5,754.43,180.6,54.912,109.82,3,1,0,0,0,0,0,0,0,0,0,0,0,0,0,0,0,0,0,0
143,6,691.71,176.6,54.401,108.8,7,1,0,0,0,0,0,0,0,0,0,0,0,0,0,0,0,0,0,0
143,7,273.2,65.899,192.5,384.99,2,1,0,0,0,0,0,0,0,0,0,0,0,0,0,0,0,0,0,0
144,4,563.84,148.19,100.76,201.52,1,1,0,0,0,0,0,0,0,0,0,0,0,0,0,0,0,0,0,0
144,5,755.65,181.34,55.03,110.06,3,1,0,0,0,0,0,0,0,0,0,0,0,0,0,0,0,0,0,0
144,6,691.03,177.46,54.249,108.5,7,1,0,0,0,0,0,0,0,0,0,0,0,0,0,0,0,0,0,0
144,7,283.31,66.168,193.23,386.45,2,1,0,0,0,0,0,0,0,0,0,0,0,0,0,0,0,0,0,0
145,4,570.26,148.54,100.8,201.6,1,1,0,0,0,0,0,0,0,0,0,0,0,0,0,0,0,0,0,0
145,5,757.17,181.65,55.164,110.33,3,1,0,0,0,0,0,0,0,0,0,0,0,0,0,0,0,0,0,0
145,6,690.6,177.9,54.112,108.22,7,1,0,0,0,0,0,0,0,0,0,0,0,0,0,0,0,0,0,0
145,7,293.71,66.016,193.96,387.93,2,1,0,0,0,0,0,0,0,0,0,0,0,0,0,0,0,0,0,0
146,4,576.62,148.38,100.83,201.67,1,1,0,0,0,0,0,0,0,0,0,0,0,0,0,0,0,0,0,0
146,5,758.58,181.46,55.296,110.59,3,1,0,0,0,0,0,0,0,0,0,0,0,0,0,0,0,0,0,0
146,6,690.07,177.82,53.973,107.95,7,1,0,0,0,0,0,0,0,0,0,0,0,0,0,0,0,0,0,0
146,7,304.12,65.336,194.72,389.45,2,1,0,0,0,0,0,0,0,0,0,0,0,0,0,0,0,0,0,0
147,4,582.65,148.43,100.84,201.68,1,1,0,0,0,0,0,0,0,0,0,0,0,0,0,0,0,0,0,0
147,5,759.54,181.47,55.401,110.8,3,1,0,0,0,0,0,0,0,0,0,0,0,0,0,0,0,0,0,0
147,6,689.12,177.96,53.813,107.63,7,1,0,0,0,0,0,0,0,0,0,0,0,0,0,0,0,0,0,0
147,7,314.34,64.851,195.48,390.96,2,1,0,0,0,0,0,0,0,0,0,0,0,0,0,0,0,0,0,0
148,4,588.77,148.71,100.85,201.7,1,1,0,0,0,0,0,0,0,0,0,0,0,0,0,0,0,0,0,0
148,5,760.61,181.72,55.512,111.02,3,1,0,0,0,0,0,0,0,0,0,0,0,0,0,0,0,0,0,0
148,6,688.26,178.32,53.659,107.32,7,1,0,0,0,0,0,0,0,0,0,0,0,0,0,0,0,0,0,0
148,7,324.74,64.596,196.24,392.49,2,1,0,0,0,0,0,0,0,0,0,0,0,0,0,0,0,0,0,0
149,4,595.01,149.08,100.87,201.74,1,1,0,0,0,0,0,0,0,0,0,0,0,0,0,0,0,0,0,0
149,5,761.83,182.04,55.633,111.27,3,1,0,0,0,0,0,0,0,0,0,0,0,0,0,0,0,0,0,0
149,6,687.5,178.76,53.514,107.03,7,1,0,0,0,0,0,0,0,0,0,0,0,0,0,0,0,0,0,0
149,7,335.32,64.412,197.03,394.05,2,1,0,0,0,0,0,0,0,0,0,0,0,0,0,0,0,0,0,0
150,4,601.39,149.51,100.9,201.8,1,1,0,0,0,0,0,0,0,0,0,0,0,0,0,0,0,0,0,0
150,5,763.22,182.43,55.763,111.53,3,1,0,0,0,0,0,0,0,0,0,0,0,0,0,0,0,0,0,0
150,6,686.88,179.27,53.376,106.75,7,1,0,0,0,0,0,0,0,0,0,0,0,0,0,0,0,0,0,0
150,7,346.11,64.299,197.82,395.63,2,1,0,0,0,0,0,0,0,0,0,0,0,0,0,0,0,0,0,0
151,4,607.74,149.14,100.92,201.84,1,1,1,2,6.2249,0.2286,0.0205,0.041001,1,1,658.2,350.98,100.92,201.84,658.2,860.04,860.04,350.98,451.9,250.06
151,6,686.2,178.98,53.236,106.47,7,1,2,0,-0.80428,-0.026625,-0.14849,-0.29697,7,1,712.81,285.45,53.236,106.47,712.81,819.29,606.34,285.45,232.22,232.22
151,7,356.97,63.376,198.61,397.22,2,1,3,0,10.767,1.1794,0.76078,1.5216,2,1,456.27,460.59,198.61,397.22,456.27,456.27,1018,460.59,741.47,460.59
151,8,741.22,183.14,46.502,93.003,7,1,2,0,0,0,0,0,0,0,0,0,0,0,0,0,0,0,0,0
152,4,614.17,149.48,100.96,201.91,1,1,0,0,0,0,0,0,0,0,0,0,0,0,0,0,0,0,0,0
152,6,685.58,179.41,53.103,106.21,7,1,0,0,0,0,0,0,0,0,0,0,0,0,0,0,0,0,0,0
152,7,367.98,63.157,199.43,398.85,2,1,0,0,0,0,0,0,0,0,0,0,0,0,0,0,0,0,0,0
152,8,739.47,183.53,46.455,92.909,7,1,0,0,0,0,0,0,0,0,0,0,0,0,0,0,0,0,0,0
153,4,620.88,149.25,101.01,202.03,1,1,0,0,0,0,0,0,0,0,0,0,0,0,0,0,0,0,0,0
153,6,685.23,179.27,52.985,105.97,7,1,0,0,0,0,0,0,0,0,0,0,0,0,0,0,0,0,0,0
153,7,379.31,62.361,200.27,400.54,2,1,0,0,0,0,0,0,0,0,0,0,0,0,0,0,0,0,0,0
153,8,738.03,183.35,46.421,92.842,7,1,0,0,0,0,0,0,0,0,0,0,0,0,0,0,0,0,0,0
154,4,627.34,148.94,101.05,202.1,1,1,0,0,0,0,0,0,0,0,0,0,0,0,0,0,0,0,0,0
154,6,684.58,179.04,52.856,105.71,7,1,0,0,0,0,0,0,0,0,0,0,0,0,0,0,0,0,0,0
154,7,390.54,61.47,201.12,402.23,2,1,0,0,0,0,0,0,0,0,0,0,0,0,0,0,0,0,0,0
154,8,736.29,183.08,46.375,92.749,7,1,0,0,0,0,0,0,0,0,0,0,0,0,0,0,0,0,0,0
155,4,633.87,148.77,101.09,202.18,1,1,0,0,0,0,0,0,0,0,0,0,0,0,0,0,0,0,0,0
155,6,683.98,178.95,52.728,105.46,7,1,0,0,0,0,0,0,0,0,0,0,0,0,0,0,0,0,0,0
155,7,401.93,60.709,201.97,403.94,2,1,0,0,0,0,0,0,0,0,0,0,0,0,0,0,0,0,0,0
155,8,734.61,182.95,46.329,92.658,7,1,0,0,0,0,0,0,0,0,0,0,0,0,0,0,0,0,0,0
156,4,640.62,148.81,101.15,202.29,1,1,0,0,0,0,0,0,0,0,0,0,0,0,0,0,0,0,0,0
156,6,683.57,179.08,52.612,105.22,7,1,0,0,0,0,0,0,0,0,0,0,0,0,0,0,0,0,0,0
156,7,413.59,60.156,202.85,405.7,2,1,0,0,0,0,0,0,0,0,0,0,0,0,0,0,0,0,0,0
156,8,733.17,183.04,46.293,92.587,7,1,0,0,0,0,0,0,0,0,0,0,0,0,0,0,0,0,0,0
157,4,646.72,148.77,101.14,202.28,1,1,0,0,0,0,0,0,0,0,0,0,0,0,0,0,0,0,0,0
157,6,682.46,179.11,52.461,104.92,7,1,0,0,0,0,0,0,0,0,0,0,0,0,0,0,0,0,0,0
157,7,424.84,59.523,203.69,407.37,2,1,0,0,0,0,0,0,0,0,0,0,0,0,0,0,0,0,0,0
157,8,730.98,183.03,46.223,92.446,7,1,0,0,0,0,0,0,0,0,0,0,0,0,0,0,0,0,0,0
158,4,653.54,147.87,101.21,202.42,1,1,0,0,0,0,0,0,0,0,0,0,0,0,0,0,0,0,0,0
158,6,682.08,178.3,52.352,104.7,7,1,0,0,0,0,0,0,0,0,0,0,0,0,0,0,0,0,0,0
158,7,436.76,58.001,204.61,409.22,2,1,0,0,0,0,0,0,0,0,0,0,0,0,0,0,0,0,0,0
158,8,729.62,182.18,46.192,92.384,7,1,0,0,0,0,0,0,0,0,0,0,0,0,0,0,0,0,0,0
159,4,659.72,148.53,101.22,202.43,1,1,0,0,0,0,0,0,0,0,0,0,0,0,0,0,0,0,0,0
159,6,681.02,179.04,52.21,104.42,7,1,0,0,0,0,0,0,0,0,0,0,0,0,0,0,0,0,0,0
159,7,448.29,58.051,205.48,410.96,2,1,0,0,0,0,0,0,0,0,0,0,0,0,0,0,0,0,0,0
159,8,727.53,182.88,46.127,92.253,7,1,0,0,0,0,0,0,0,0,0,0,0,0,0,0,0,0,0,0
160,4,665.42,148.47,101.17,202.35,1,1,0,0,0,0,0,0,0,0,0,0,0,0,0,0,0,0,0,0
160,6,679.45,179.03,52.044,104.09,7,1,0,0,0,0,0,0,0,0,0,0,0,0,0,0,0,0,0,0
160,7,459.55,57.377,206.3,412.6,2,1,0,0,0,0,0,0,0,0,0,0,0,0,0,0,0,0,0,0
160,8,724.93,182.83,46.037,92.075,7,1,0,0,0,0,0,0,0,0,0,0,0,0,0,0,0,0,0,0
161,7,471.06,57.182,207.15,414.31,2,1,2,0,11.909,1.0311,0.86258,1.7252,2,1,574.63,471.49,207.15,414.31,574.63,574.63,1160.6,471.49,764.45,471.49
161,8,722.55,183.28,45.959,91.919,7,1,3,0,-1.8753,-0.16329,-0.05373,-0.10746,7,1,745.53,275.2,45.959,91.919,745.53,837.45,653.61,275.2,229.24,229.24
161,9,760.84,182.36,48.318,96.636,6,1,3,0,0,0,0,0,0,0,0,0,0,0,0,0,0,0,0,0
162,7,483.08,55.751,208.07,416.14,2,1,0,0,0,0,0,0,0,0,0,0,0,0,0,0,0,0,0,0
162,8,720.75,182.52,45.906,91.813,7,1,0,0,0,0,0,0,0,0,0,0,0,0,0,0,0,0,0,0
162,9,758.42,181.58,48.319,96.638,6,1,0,0,0,0,0,0,0,0,0,0,0,0,0,0,0,0,0,0
163,7,495.29,54.968,209,417.99,2,1,0,0,0,0,0,0,0,0,0,0,0,0,0,0,0,0,0,0
163,8,719.06,182.42,45.856,91.711,7,1,0,0,0,0,0,0,0,0,0,0,0,0,0,0,0,0,0,0
163,9,756.1,181.46,48.322,96.645,6,1,0,0,0,0,0,0,0,0,0,0,0,0,0,0,0,0,0,0
164,7,507.29,54.059,209.88,419.76,2,1,0,0,0,0,0,0,0,0,0,0,0,0,0,0,0,0,0,0
164,8,716.93,182.17,45.785,91.57,7,1,0,0,0,0,0,0,0,0,0,0,0,0,0,0,0,0,0,0
164,9,753.3,181.19,48.303,96.606,6,1,0,0,0,0,0,0,0,0,0,0,0,0,0,0,0,0,0,0
165,7,519.96,53.415,210.86,421.71,2,1,0,0,0,0,0,0,0,0,0,0,0,0,0,0,0,0,0,0
165,8,715.54,182.24,45.744,91.488,7,1,0,0,0,0,0,0,0,0,0,0,0,0,0,0,0,0,0,0
165,9,751.28,181.23,48.319,96.637,6,1,0,0,0,0,0,0,0,0,0,0,0,0,0,0,0,0,0,0
166,7,532.6,52.737,211.84,423.68,2,1,0,0,0,0,0,0,0,0,0,0,0,0,0,0,0,0,0,0
166,8,713.98,182.28,45.698,91.396,7,1,0,0,0,0,0,0,0,0,0,0,0,0,0,0,0,0,0,0
166,9,749.06,181.25,48.328,96.656,6,1,0,0,0,0,0,0,0,0,0,0,0,0,0,0,0,0,0,0
167,7,545.01,52.034,212.77,425.53,2,1,0,0,0,0,0,0,0,0,0,0,0,0,0,0,0,0,0,0
167,8,712,182.27,45.631,91.263,7,1,0,0,0,0,0,0,0,0,0,0,0,0,0,0,0,0,0,0
167,9,746.37,181.21,48.314,96.627,6,1,0,0,0,0,0,0,0,0,0,0,0,0,0,0,0,0,0,0
168,7,558.05,51.258,213.8,427.6,2,1,0,0,0,0,0,0,0,0,0,0,0,0,0,0,0,0,0,0
168,8,710.65,182.25,45.592,91.184,7,1,0,0,0,0,0,0,0,0,0,0,0,0,0,0,0,0,0,0
168,9,744.34,181.16,48.331,96.662,6,1,0,0,0,0,0,0,0,0,0,0,0,0,0,0,0,0,0,0
169,7,570.67,50.902,214.73,429.46,2,1,0,0,0,0,0,0,0,0,0,0,0,0,0,0,0,0,0,0
169,8,708.65,182.59,45.522,91.045,7,1,0,0,0,0,0,0,0,0,0,0,0,0,0,0,0,0,0,0
169,9,741.61,181.47,48.313,96.626,6,1,0,0,0,0,0,0,0,0,0,0,0,0,0,0,0,0,0,0
170,7,583.43,50.324,215.67,431.34,2,1,0,0,0,0,0,0,0,0,0,0,0,0,0,0,0,0,0,0
170,8,706.7,182.71,45.453,90.907,7,1,0,0,0,0,0,0,0,0,0,0,0,0,0,0,0,0,0,0
170,9,738.91,181.57,48.296,96.593,6,1,0,0,0,0,0,0,0,0,0,0,0,0,0,0,0,0,0,0
181,6,656.19,178.92,49.414,98.828,7,1,1,0,0,0,0,0,0,0,0,0,0,0,0,0,0,0,0,0
181,8,687.13,182.04,44.753,89.506,6,1,1,0,0,0,0,0,0,0,0,0,0,0,0,0,0,0,0,0
182,6,654.36,179.49,49.274,98.548,7,1,0,0,0,0,0,0,0,0,0,0,0,0,0,0,0,0,0,0
182,8,684.87,182.59,44.667,89.333,6,1,0,0,0,0,0,0,0,0,0,0,0,0,0,0,0,0,0,0
183,6,652.36,179.08,49.126,98.253,7,1,0,0,0,0,0,0,0,0,0,0,0,0,0,0,0,0,0,0
183,8,682.47,182.16,44.572,89.144,6,1,0,0,0,0,0,0,0,0,0,0,0,0,0,0,0,0,0,0
184,6,650.88,178.6,49.004,98.007,7,1,0,0,0,0,0,0,0,0,0,0,0,0,0,0,0,0,0,0
184,8,680.63,181.65,44.501,89.002,6,1,0,0,0,0,0,0,0,0,0,0,0,0,0,0,0,0,0,0
185,6,649.12,178.88,48.871,97.743,7,1,0,0,0,0,0,0,0,0,0,0,0,0,0,0,0,0,0,0
185,8,678.53,181.9,44.42,88.839,6,1,0,0,0,0,0,0,0,0,0,0,0,0,0,0,0,0,0,0
186,6,648.26,178.8,48.779,97.558,7,1,0,0,0,0,0,0,0,0,0,0,0,0,0,0,0,0,0,0
186,8,677.41,181.8,44.377,88.754,6,1,0,0,0,0,0,0,0,0,0,0,0,0,0,0,0,0,0,0
187,6,646.73,179.1,48.658,97.316,7,1,0,0,0,0,0,0,0,0,0,0,0,0,0,0,0,0,0,0
187,8,675.6,182.07,44.306,88.611,6,1,0,0,0,0,0,0,0,0,0,0,0,0,0,0,0,0,0,0
188,6,645,179.42,48.534,97.068,7,1,0,0,0,0,0,0,0,0,0,0,0,0,0,0,0,0,0,0
188,8,673.61,182.36,44.23,88.459,6,1,0,0,0,0,0,0,0,0,0,0,0,0,0,0,0,0,0,0
189,6,643.37,179.5,48.41,96.821,7,1,0,0,0,0,0,0,0,0,0,0,0,0,0,0,0,0,0,0
189,8,671.75,182.42,44.154,88.308,6,1,0,0,0,0,0,0,0,0,0,0,0,0,0,0,0,0,0,0
190,6,642.25,180.9,48.312,96.625,7,1,0,0,0,0,0,0,0,0,0,0,0,0,0,0,0,0,0,0
190,8,670.46,183.79,44.103,88.206,6,1,0,0,0,0,0,0,0,0,0,0,0,0,0,0,0,0,0,0
211,6,615.03,181.9,46.383,92.766,6,1,1,0,0,0,0,0,0,0,0,0,0,0,0,0,0,0,0,0
212,6,613.88,180.36,46.306,92.612,6,1,0,0,0,0,0,0,0,0,0,0,0,0,0,0,0,0,0,0
213,6,611.86,181.01,46.199,92.398,6,1,0,0,0,0,0,0,0,0,0,0,0,0,0,0,0,0,0,0
214,6,609.67,180.99,46.089,92.177,6,1,0,0,0,0,0,0,0,0,0,0,0,0,0,0,0,0,0,0
215,6,607.56,181.19,45.98,91.961,6,1,0,0,0,0,0,0,0,0,0,0,0,0,0,0,0,0,0,0
216,6,605.29,181.9,45.87,91.74,6,1,0,0,0,0,0,0,0,0,0,0,0,0,0,0,0,0,0,0
217,6,603.77,183.47,45.786,91.571,6,1,0,0,0,0,0,0,0,0,0,0,0,0,0,0,0,0,0,0
218,6,602.11,183.32,45.699,91.398,6,1,0,0,0,0,0,0,0,0,0,0,0,0,0,0,0,0,0,0
219,6,599.86,184.08,45.591,91.182,6,1,0,0,0,0,0,0,0,0,0,0,0,0,0,0,0,0,0,0
220,6,597.08,183.09,45.468,90.936,6,1,0,0,0,0,0,0,0,0,0,0,0,0,0,0,0,0,0,0
221,6,595.77,183.24,45.396,90.791,6,1,1,0,-2.0711,0.18434,-0.10137,-0.20274,6,1,618.47,274.03,45.396,90.791,618.47,618.47,490.07,274.03,209.83,274.03
222,6,595.27,183.5,45.351,90.703,6,1,0,0,0,0,0,0,0,0,0,0,0,0,0,0,0,0,0,0
223,6,593.3,183.15,45.259,90.517,6,1,0,0,0,0,0,0,0,0,0,0,0,0,0,0,0,0,0,0
224,6,591.9,183.44,45.186,90.372,6,1,0,0,0,0,0,0,0,0,0,0,0,0,0,0,0,0,0,0
225,6,590.08,183.88,45.1,90.201,6,1,0,0,0,0,0,0,0,0,0,0,0,0,0,0,0,0,0,0
226,6,588.74,184.06,45.031,90.061,6,1,0,0,0,0,0,0,0,0,0,0,0,0,0,0,0,0,0,0
227,6,587.22,184.07,44.951,89.903,6,1,0,0,0,0,0,0,0,0,0,0,0,0,0,0,0,0,0,0
228,6,586.58,184.02,44.903,89.806,6,1,0,0,0,0,0,0,0,0,0,0,0,0,0,0,0,0,0,0
229,6,584.78,182.96,44.817,89.634,6,1,0,0,0,0,0,0,0,0,0,0,0,0,0,0,0,0,0,0
230,6,583.12,183.64,44.738,89.476,6,1,0,0,0,0,0,0,0,0,0,0,0,0,0,0,0,0,0,0
231,6,581.18,183.53,44.65,89.3,6,1,1,0,-1.5266,-0.13992,-0.075562,-0.15112,6,1,603.5,272.83,44.65,89.3,603.5,603.5,477.21,272.83,209.68,272.83
231,8,619.93,185.68,41.892,83.784,0,1,1,0,0,0,0,0,0,0,0,0,0,0,0,0,0,0,0,0
232,6,578.74,183.74,44.548,89.097,6,1,0,0,0,0,0,0,0,0,0,0,0,0,0,0,0,0,0,0
232,8,618.01,185.88,41.817,83.633,0,1,0,0,0,0,0,0,0,0,0,0,0,0,0,0,0,0,0,0
233,6,576.41,183.74,44.447,88.893,6,1,0,0,0,0,0,0,0,0,0,0,0,0,0,0,0,0,0,0
233,8,616.2,185.87,41.742,83.483,0,1,0,0,0,0,0,0,0,0,0,0,0,0,0,0,0,0,0,0
234,6,574.87,183.25,44.371,88.742,6,1,0,0,0,0,0,0,0,0,0,0,0,0,0,0,0,0,0,0
234,8,615.22,185.36,41.696,83.391,0,1,0,0,0,0,0,0,0,0,0,0,0,0,0,0,0,0,0,0
235,6,574.18,183.47,44.322,88.643,6,1,0,0,0,0,0,0,0,0,0,0,0,0,0,0,0,0,0,0
235,8,615.15,185.56,41.679,83.358,0,1,0,0,0,0,0,0,0,0,0,0,0,0,0,0,0,0,0,0
236,6,571.82,183.67,44.22,88.439,6,1,0,0,0,0,0,0,0,0,0,0,0,0,0,0,0,0,0,0
236,8,613.31,185.75,41.603,83.207,0,1,0,0,0,0,0,0,0,0,0,0,0,0,0,0,0,0,0,0
237,6,569.63,184.27,44.123,88.247,6,1,0,0,0,0,0,0,0,0,0,0,0,0,0,0,0,0,0,0
237,8,611.65,186.34,41.534,83.068,0,1,0,0,0,0,0,0,0,0,0,0,0,0,0,0,0,0,0,0
238,6,567.67,183.93,44.038,88.076,6,1,0,0,0,0,0,0,0,0,0,0,0,0,0,0,0,0,0,0
238,8,610.25,185.99,41.476,82.952,0,1,0,0,0,0,0,0,0,0,0,0,0,0,0,0,0,0,0,0
239,6,565.84,184.72,43.957,87.914,6,1,0,0,0,0,0,0,0,0,0,0,0,0,0,0,0,0,0,0
239,8,608.97,186.76,41.423,82.847,0,1,0,0,0,0,0,0,0,0,0,0,0,0,0,0,0,0,0,0
240,6,563.44,185.96,43.858,87.716,6,1,0,0,0,0,0,0,0,0,0,0,0,0,0,0,0,0,0,0
240,8,607.09,187.98,41.35,82.699,0,1,0,0,0,0,0,0,0,0,0,0,0,0,0,0,0,0,0,0
241,6,563.09,186.29,43.817,87.635,5,1,1,0,-1.8514,0.12388,-0.08313,-0.16626,6,1,584.99,273.93,43.817,87.635,584.99,584.99,461.06,273.93,211.96,273.93
241,8,607.38,188.3,41.344,82.688,6,1,1,0,-1.2827,0.16587,-0.054766,-0.10953,1,1,628.05,270.99,41.344,82.688,628.05,710.74,710.74,270.99,312.33,229.65
242,6,560.76,186.89,43.719,87.438,5,1,0,0,0,0,0,0,0,0,0,0,0,0,0,0,0,0,0,0
242,8,605.56,188.89,41.272,82.543,6,1,0,0,0,0,0,0,0,0,0,0,0,0,0,0,0,0,0,0
243,6,558,186.84,43.611,87.222,5,1,0,0,0,0,0,0,0,0,0,0,0,0,0,0,0,0,0,0
243,8,603.29,188.82,41.187,82.374,6,1,0,0,0,0,0,0,0,0,0,0,0,0,0,0,0,0,0,0
244,6,556.19,186.79,43.531,87.062,5,1,0,0,0,0,0,0,0,0,0,0,0,0,0,0,0,0,0,0
244,8,602.03,188.76,41.135,82.269,6,1,0,0,0,0,0,0,0,0,0,0,0,0,0,0,0,0,0,0
245,6,554.26,186.23,43.448,86.896,5,1,0,0,0,0,0,0,0,0,0,0,0,0,0,0,0,0,0,0
245,8,600.63,188.18,41.078,82.157,6,1,0,0,0,0,0,0,0,0,0,0,0,0,0,0,0,0,0,0
246,6,553.28,185.64,43.387,86.775,5,1,0,0,0,0,0,0,0,0,0,0,0,0,0,0,0,0,0,0
246,8,600.23,187.58,41.05,82.1,6,1,0,0,0,0,0,0,0,0,0,0,0,0,0,0,0,0,0,0
247,6,551.94,186.53,43.32,86.64,5,1,0,0,0,0,0,0,0,0,0,0,0,0,0,0,0,0,0,0
247,8,599.46,188.45,41.013,82.026,6,1,0,0,0,0,0,0,0,0,0,0,0,0,0,0,0,0,0,0
248,6,550.09,187.11,43.24,86.48,5,1,0,0,0,0,0,0,0,0,0,0,0,0,0,0,0,0,0,0
248,8,598.14,189.01,40.96,81.92,6,1,0,0,0,0,0,0,0,0,0,0,0,0,0,0,0,0,0,0
249,6,547.32,187.56,43.138,86.275,5,1,0,0,0,0,0,0,0,0,0,0,0,0,0,0,0,0,0,0
249,8,595.83,189.45,40.879,81.758,6,1,0,0,0,0,0,0,0,0,0,0,0,0,0,0,0,0,0,0
250,6,545.71,186.93,43.063,86.126,5,1,0,0,0,0,0,0,0,0,0,0,0,0,0,0,0,0,0,0
250,8,594.76,188.81,40.833,81.666,6,1,0,0,0,0,0,0,0,0,0,0,0,0,0,0,0,0,0,0
341,10,48.446,133.04,106.88,213.76,1,1,1,0,0,0,0,0,0,0,0,0,0,0,0,0,0,0,0,0
342,10,55.651,133.39,106.82,213.64,1,1,0,0,0,0,0,0,0,0,0,0,0,0,0,0,0,0,0,0
343,10,61.726,132.77,106.87,213.73,1,1,0,0,0,0,0,0,0,0,0,0,0,0,0,0,0,0,0,0
344,10,69.174,132.85,106.79,213.57,1,1,0,0,0,0,0,0,0,0,0,0,0,0,0,0,0,0,0,0
345,10,76.657,133.34,106.7,213.4,1,1,0,0,0,0,0,0,0,0,0,0,0,0,0,0,0,0,0,0
346,10,84.198,133.24,106.61,213.22,1,1,0,0,0,0,0,0,0,0,0,0,0,0,0,0,0,0,0,0
347,10,92.251,133.25,106.49,212.97,1,1,0,0,0,0,0,0,0,0,0,0,0,0,0,0,0,0,0,0
348,10,99.843,134.56,106.39,212.78,1,1,0,0,0,0,0,0,0,0,0,0,0,0,0,0,0,0,0,0
349,10,107.59,134.85,106.29,212.58,1,1,0,0,0,0,0,0,0,0,0,0,0,0,0,0,0,0,0,0
350,10,115.19,135.91,106.2,212.4,1,1,0,0,0,0,0,0,0,0,0,0,0,0,0,0,0,0,0,0
351,10,122.22,136.24,106.15,212.3,1,1,1,0,7.4905,0.19848,-0.086384,-0.17277,1,1,175.3,348.54,106.15,212.3,175.3,387.59,387.59,348.54,454.69,242.39
352,10,129.13,135.5,106.11,212.22,1,1,0,0,0,0,0,0,0,0,0,0,0,0,0,0,0,0,0,0
353,10,135.89,136.09,106.08,212.15,1,1,0,0,0,0,0,0,0,0,0,0,0,0,0,0,0,0,0,0
354,10,144.14,136.6,105.94,211.88,1,1,0,0,0,0,0,0,0,0,0,0,0,0,0,0,0,0,0,0
355,10,151.53,136.94,105.86,211.72,1,1,0,0,0,0,0,0,0,0,0,0,0,0,0,0,0,0,0,0
356,10,159.66,137.1,105.72,211.45,1,1,0,0,0,0,0,0,0,0,0,0,0,0,0,0,0,0,0,0
357,10,164.91,137.92,105.78,211.57,1,1,0,0,0,0,0,0,0,0,0,0,0,0,0,0,0,0,0,0
358,10,172.55,136.52,105.68,211.37,1,1,0,0,0,0,0,0,0,0,0,0,0,0,0,0,0,0,0,0
359,10,178.82,136.26,105.66,211.33,1,1,0,0,0,0,0,0,0,0,0,0,0,0,0,0,0,0,0,0
360,10,185.07,135.68,105.64,211.27,1,1,0,0,0,0,0,0,0,0,0,0,0,0,0,0,0,0,0,0
361,10,192.61,137.07,105.54,211.08,1,1,1,0,6.9836,-0.066985,-0.060946,-0.12189,1,1,245.38,348.15,105.54,211.08,245.38,456.46,456.46,348.15,453.69,242.61
362,10,199.69,136.6,105.46,210.92,1,1,0,0,0,0,0,0,0,0,0,0,0,0,0,0,0,0,0,0
363,10,206.77,137.09,105.38,210.77,1,1,0,0,0,0,0,0,0,0,0,0,0,0,0,0,0,0,0,0
364,10,214.51,137.88,105.26,210.53,1,1,0,0,0,0,0,0,0,0,0,0,0,0,0,0,0,0,0,0
365,10,221.08,137.91,105.2,210.41,1,1,0,0,0,0,0,0,0,0,0,0,0,0,0,0,0,0,0,0
366,10,228.19,137.71,105.11,210.22,1,1,0,0,0,0,0,0,0,0,0,0,0,0,0,0,0,0,0,0
367,10,235.52,138.43,105,210.01,1,1,0,0,0,0,0,0,0,0,0,0,0,0,0,0,0,0,0,0
368,10,243.47,139.43,104.88,209.76,1,1,0,0,0,0,0,0,0,0,0,0,0,0,0,0,0,0,0,0
369,10,250.65,140.09,104.79,209.57,1,1,0,0,0,0,0,0,0,0,0,0,0,0,0,0,0,0,0,0
370,10,258.1,140.54,104.68,209.35,1,1,0,0,0,0,0,0,0,0,0,0,0,0,0,0,0,0,0,0
371,10,264.73,141.58,104.59,209.19,1,1,1,0,7.2225,0.32025,-0.098431,-0.19686,1,1,317.03,350.76,104.59,209.19,317.03,526.21,526.21,350.76,455.36,246.17
372,10,271.82,141.82,104.49,208.97,1,1,0,0,0,0,0,0,0,0,0,0,0,0,0,0,0,0,0,0
373,10,279.16,141.88,104.37,208.74,1,1,0,0,0,0,0,0,0,0,0,0,0,0,0,0,0,0,0,0
374,10,286.46,141.91,104.25,208.49,1,1,0,0,0,0,0,0,0,0,0,0,0,0,0,0,0,0,0,0
375,10,293.65,141.83,104.13,208.26,1,1,0,0,0,0,0,0,0,0,0,0,0,0,0,0,0,0,0,0
376,10,301.39,141.33,104,208,1,1,0,0,0,0,0,0,0,0,0,0,0,0,0,0,0,0,0,0
377,10,308.92,141,103.87,207.75,1,1,0,0,0,0,0,0,0,0,0,0,0,0,0,0,0,0,0,0
378,10,316.66,140.49,103.74,207.48,1,1,0,0,0,0,0,0,0,0,0,0,0,0,0,0,0,0,0,0
379,10,324.03,141.37,103.62,207.23,1,1,0,0,0,0,0,0,0,0,0,0,0,0,0,0,0,0,0,0
380,10,331.64,141.52,103.49,206.97,1,1,0,0,0,0,0,0,0,0,0,0,0,0,0,0,0,0,0,0
381,10,339.3,140.74,103.35,206.7,1,1,1,0,7.446,-0.37047,-0.12654,-0.25308,1,1,390.97,347.43,103.35,206.7,390.97,597.67,597.67,347.43,450.78,244.08
382,10,348.44,141.71,103.2,206.4,1,1,0,0,0,0,0,0,0,0,0,0,0,0,0,0,0,0,0,0
383,10,354.34,141.19,103.06,206.11,1,1,0,0,0,0,0,0,0,0,0,0,0,0,0,0,0,0,0,0
384,10,361.93,141.1,102.91,205.83,1,1,0,0,0,0,0,0,0,0,0,0,0,0,0,0,0,0,0,0
385,10,369.3,141.37,102.76,205.52,1,1,0,0,0,0,0,0,0,0,0,0,0,0,0,0,0,0,0,0
386,10,376.62,142.33,102.61,205.21,1,1,0,0,0,0,0,0,0,0,0,0,0,0,0,0,0,0,0,0
387,10,383.74,142.56,102.45,204.9,1,1,0,0,0,0,0,0,0,0,0,0,0,0,0,0,0,0,0,0
388,10,391.25,142.69,102.29,204.58,1,1,0,0,0,0,0,0,0,0,0,0,0,0,0,0,0,0,0,0
389,10,397.89,142.92,102.11,204.22,1,1,0,0,0,0,0,0,0,0,0,0,0,0,0,0,0,0,0,0
390,10,404.77,143.37,101.93,203.86,1,1,0,0,0,0,0,0,0,0,0,0,0,0,0,0,0,0,0,0
391,10,411.72,143.22,101.74,203.47,1,1,1,0,7.0422,-0.067624,-0.16166,-0.32332,1,1,462.59,346.69,101.74,203.47,462.59,666.06,666.06,346.69,448.43,244.96
392,10,418.78,141.7,101.55,203.09,1,1,0,0,0,0,0,0,0,0,0,0,0,0,0,0,0,0,0,0
393,10,425.73,142.5,101.35,202.69,1,1,0,0,0,0,0,0,0,0,0,0,0,0,0,0,0,0,0,0
394,10,433.76,142.88,101.17,202.35,1,1,0,0,0,0,0,0,0,0,0,0,0,0,0,0,0,0,0,0
395,10,440.24,143.79,100.95,201.9,1,1,0,0,0,0,0,0,0,0,0,0,0,0,0,0,0,0,0,0
396,10,447.64,143.65,100.75,201.5,1,1,0,0,0,0,0,0,0,0,0,0,0,0,0,0,0,0,0,0
397,10,454.15,143.84,100.52,201.04,1,1,0,0,0,0,0,0,0,0,0,0,0,0,0,0,0,0,0,0
398,10,462.78,144.24,100.38,200.75,1,1,0,0,0,0,0,0,0,0,0,0,0,0,0,0,0,0,0,0
399,10,470.05,145.83,100.17,200.34,1,1,0,0,0,0,0,0,0,0,0,0,0,0,0,0,0,0,0,0
400,10,476.07,145.7,99.902,199.8,1,1,0,0,0,0,0,0,0,0,0,0,0,0,0,0,0,0,0,0
401,10,482.89,145.63,99.668,199.34,1,1,1,0,7.0792,0.037163,-0.20582,-0.41163,1,1,532.73,344.97,99.668,199.34,532.73,732.06,732.06,344.97,444.64,245.3
402,10,489.28,143.82,99.407,198.81,1,1,0,0,0,0,0,0,0,0,0,0,0,0,0,0,0,0,0,0
403,10,495.77,145.13,99.147,198.29,1,1,0,0,0,0,0,0,0,0,0,0,0,0,0,0,0,0,0,0
404,10,503.17,146.51,98.932,197.86,1,1,0,0,0,0,0,0,0,0,0,0,0,0,0,0,0,0,0,0
405,10,510.37,147.09,98.707,197.41,1,1,0,0,0,0,0,0,0,0,0,0,0,0,0,0,0,0,0,0
406,10,518.2,147.57,98.516,197.03,1,1,0,0,0,0,0,0,0,0,0,0,0,0,0,0,0,0,0,0
407,10,523.88,146.09,98.192,196.38,1,1,0,0,0,0,0,0,0,0,0,0,0,0,0,0,0,0,0,0
408,10,531.2,147.4,97.97,195.94,1,1,0,0,0,0,0,0,0,0,0,0,0,0,0,0,0,0,0,0
409,10,537.16,147.35,97.662,195.32,1,1,0,0,0,0,0,0,0,0,0,0,0,0,0,0,0,0,0,0
410,10,543.94,148.69,97.402,194.8,1,1,0,0,0,0,0,0,0,0,0,0,0,0,0,0,0,0,0,0
411,10,551.6,148.76,97.196,194.39,1,1,1,0,6.7616,-0.054152,-0.24848,-0.49696,1,1,600.19,343.15,97.196,194.39,600.19,794.59,794.59,343.15,440.35,245.96
412,10,557.8,149.08,96.898,193.8,1,1,0,0,0,0,0,0,0,0,0,0,0,0,0,0,0,0,0,0
413,10,565.41,150.21,96.691,193.38,1,1,0,0,0,0,0,0,0,0,0,0,0,0,0,0,0,0,0,0
414,10,571.82,148.95,96.409,192.82,1,1,0,0,0,0,0,0,0,0,0,0,0,0,0,0,0,0,0,0
415,10,578.92,148.66,96.172,192.34,1,1,0,0,0,0,0,0,0,0,0,0,0,0,0,0,0,0,0,0
416,10,585.82,148.47,95.926,191.85,1,1,0,0,0,0,0,0,0,0,0,0,0,0,0,0,0,0,0,0
417,10,592.9,148.14,95.687,191.37,1,1,0,0,0,0,0,0,0,0,0,0,0,0,0,0,0,0,0,0
418,10,599.53,148.79,95.422,190.84,1,1,0,0,0,0,0,0,0,0,0,0,0,0,0,0,0,0,0,0
419,10,606.85,147.51,95.206,190.41,1,1,0,0,0,0,0,0,0,0,0,0,0,0,0,0,0,0,0,0
420,10,613.87,148.87,94.975,189.95,1,1,0,0,0,0,0,0,0,0,0,0,0,0,0,0,0,0,0,0
421,10,620.27,149.54,94.7,189.4,1,1,1,0,6.8205,-0.56315,-0.24423,-0.48846,1,1,667.62,338.94,94.7,189.4,667.62,857.02,857.02,338.94,433.65,244.24
422,10,628.2,149.65,94.557,189.11,1,1,0,0,0,0,0,0,0,0,0,0,0,0,0,0,0,0,0,0
423,10,635.3,149.76,94.343,188.69,1,1,0,0,0,0,0,0,0,0,0,0,0,0,0,0,0,0,0,0
424,10,641.77,150.09,94.083,188.17,1,1,0,0,0,0,0,0,0,0,0,0,0,0,0,0,0,0,0,0
425,10,648.39,150.54,93.839,187.68,1,1,0,0,0,0,0,0,0,0,0,0,0,0,0,0,0,0,0,0
426,10,655.32,150.73,93.615,187.23,1,1,0,0,0,0,0,0,0,0,0,0,0,0,0,0,0,0,0,0
427,10,662.39,150.93,93.415,186.83,1,1,0,0,0,0,0,0,0,0,0,0,0,0,0,0,0,0,0,0
428,10,668.48,150.91,93.132,186.26,1,1,0,0,0,0,0,0,0,0,0,0,0,0,0,0,0,0,0,0
429,10,674.75,151.09,92.872,185.74,1,1,0,0,0,0,0,0,0,0,0,0,0,0,0,0,0,0,0,0
430,10,681.24,151.33,92.637,185.27,1,1,0,0,0,0,0,0,0,0,0,0,0,0,0,0,0,0,0,0
431,10,687.51,152.04,92.384,184.77,1,1,1,0,6.4709,-0.24827,-0.24165,-0.4833,1,1,733.7,336.81,92.384,184.77,733.7,918.47,918.47,336.81,429.19,244.42
432,10,693.73,151.95,92.131,184.26,1,1,0,0,0,0,0,0,0,0,0,0,0,0,0,0,0,0,0,0
433,10,700.3,151.97,91.913,183.83,1,1,0,0,0,0,0,0,0,0,0,0,0,0,0,0,0,0,0,0
434,10,706.5,152.14,91.669,183.34,1,1,0,0,0,0,0,0,0,0,0,0,0,0,0,0,0,0,0,0
435,10,712.4,152.78,91.405,182.81,1,1,0,0,0,0,0,0,0,0,0,0,0,0,0,0,0,0,0,0
436,10,718.42,153.2,91.147,182.29,1,1,0,0,0,0,0,0,0,0,0,0,0,0,0,0,0,0,0,0
437,10,724.63,153.22,90.916,181.83,1,1,0,0,0,0,0,0,0,0,0,0,0,0,0,0,0,0,0,0
438,10,730.41,153.61,90.649,181.3,1,1,0,0,0,0,0,0,0,0,0,0,0,0,0,0,0,0,0,0
439,10,736.62,154.43,90.422,180.84,1,1,0,0,0,0,0,0,0,0,0,0,0,0,0,0,0,0,0,0
440,10,742.63,153.91,90.183,180.37,1,1,0,0,0,0,0,0,0,0,0,0,0,0,0,0,0,0,0,0
