1,1,362.38,157.93,109.1,218.21,3,1,1,2,0,0,0,0,0,0,0,0,0,0,0,0,0,0,0,0
1,2,511.87,182.01,99.559,199.12,3,1,1,0,0,0,0,0,0,0,0,0,0,0,0,0,0,0,0,0
1,3,435.3,181.76,82.672,165.34,3,1,1,0,0,0,0,0,0,0,0,0,0,0,0,0,0,0,0,0
1,4,343.33,185.35,83.229,166.46,3,1,1,0,0,0,0,0,0,0,0,0,0,0,0,0,0,0,0,0
2,1,368.39,160.8,109.86,219.72,3,1,0,0,0,0,0,0,0,0,0,0,0,0,0,0,0,0,0,0
2,2,517.9,185.1,100.5,200.99,3,1,0,0,0,0,0,0,0,0,0,0,0,0,0,0,0,0,0,0
2,3,440.38,184.43,83.377,166.75,3,1,0,0,0,0,0,0,0,0,0,0,0,0,0,0,0,0,0,0
2,4,348.6,188.11,83.801,167.6,3,1,0,0,0,0,0,0,0,0,0,0,0,0,0,0,0,0,0,0
3,1,372.6,160.56,110.08,220.17,3,1,0,0,0,0,0,0,0,0,0,0,0,0,0,0,0,0,0,0
3,2,521.23,184.9,100.84,201.69,3,1,0,0,0,0,0,0,0,0,0,0,0,0,0,0,0,0,0,0
3,3,443.26,184.29,83.642,167.28,3,1,0,0,0,0,0,0,0,0,0,0,0,0,0,0,0,0,0,0
3,4,352.14,187.98,83.986,167.97,3,1,0,0,0,0,0,0,0,0,0,0,0,0,0,0,0,0,0,0
4,1,377.33,160.89,110.36,220.73,3,1,0,0,0,0,0,0,0,0,0,0,0,0,0,0,0,0,0,0
4,2,525.2,185.29,101.27,202.54,3,1,0,0,0,0,0,0,0,0,0,0,0,0,0,0,0,0,0,0
4,3,446.71,184.7,83.956,167.91,3,1,0,0,0,0,0,0,0,0,0,0,0,0,0,0,0,0,0,0
4,4,356.21,188.39,84.206,168.41,3,1,0,0,0,0,0,0,0,0,0,0,0,0,0,0,0,0,0,0
5,1,380.83,162.33,110.62,221.24,3,1,0,0,0,0,0,0,0,0,0,0,0,0,0,0,0,0,0,0
5,2,527.79,186.78,101.6,203.2,3,1,0,0,0,0,0,0,0,0,0,0,0,0,0,0,0,0,0,0
5,3,448.88,186.2,84.231,168.46,3,1,0,0,0,0,0,0,0,0,0,0,0,0,0,0,0,0,0,0
5,4,359.03,189.9,84.422,168.84,3,1,0,0,0,0,0,0,0,0,0,0,0,0,0,0,0,0,0,0
6,1,381.7,164.72,110.83,221.65,3,1,0,0,0,0,0,0,0,0,0,0,0,0,0,0,0,0,0,0
6,2,527.43,189.22,101.74,203.48,3,1,0,0,0,0,0,0,0,0,0,0,0,0,0,0,0,0,0,0
6,3,448.33,188.63,84.417,168.83,3,1,0,0,0,0,0,0,0,0,0,0,0,0,0,0,0,0,0,0
6,4,359.23,192.34,84.63,169.26,3,1,0,0,0,0,0,0,0,0,0,0,0,0,0,0,0,0,0,0
7,1,385.31,161.74,111.12,222.24,3,1,0,0,0,0,0,0,0,0,0,0,0,0,0,0,0,0,0,0
7,2,530.17,186.3,102.11,204.22,3,1,0,0,0,0,0,0,0,0,0,0,0,0,0,0,0,0,0,0
7,3,450.62,185.71,84.721,169.44,3,1,0,0,0,0,0,0,0,0,0,0,0,0,0,0,0,0,0,0
7,4,362.16,189.44,84.873,169.75,3,1,0,0,0,0,0,0,0,0,0,0,0,0,0,0,0,0,0,0
8,1,387.22,160.81,111.35,222.69,3,1,0,0,0,0,0,0,0,0,0,0,0,0,0,0,0,0,0,0
8,2,530.96,185.42,102.33,204.65,3,1,0,0,0,0,0,0,0,0,0,0,0,0,0,0,0,0,0,0
8,3,451.13,184.83,84.944,169.89,3,1,0,0,0,0,0,0,0,0,0,0,0,0,0,0,0,0,0,0
8,4,363.39,188.56,85.086,170.17,3,1,0,0,0,0,0,0,0,0,0,0,0,0,0,0,0,0,0,0
9,1,389.33,161.99,111.59,223.18,3,1,0,0,0,0,0,0,0,0,0,0,0,0,0,0,0,0,0,0
9,2,531.98,186.65,102.57,205.13,3,1,0,0,0,0,0,0,0,0,0,0,0,0,0,0,0,0,0,0
9,3,451.85,186.06,85.184,170.37,3,1,0,0,0,0,0,0,0,0,0,0,0,0,0,0,0,0,0,0
9,4,364.81,189.81,85.31,170.62,3,1,0,0,0,0,0,0,0,0,0,0,0,0,0,0,0,0,0,0
10,1,391.08,162.65,111.82,223.63,3,1,0,0,0,0,0,0,0,0,0,0,0,0,0,0,0,0,0,0
10,2,532.57,187.36,102.77,205.54,3,1,0,0,0,0,0,0,0,0,0,0,0,0,0,0,0,0,0,0
10,3,452.19,186.77,85.404,170.81,3,1,0,0,0,0,0,0,0,0,0,0,0,0,0,0,0,0,0,0
10,4,365.87,190.52,85.525,171.05,3,1,0,0,0,0,0,0,0,0,0,0,0,0,0,0,0,0,0,0
11,1,393.57,159.76,112.08,224.15,3,1,1,2,2.7824,0.51273,0.24657,0.49315,3,1,449.61,383.91,112.08,224.15,449.61,225.46,673.77,383.91,495.98,495.98
11,2,534.01,184.52,103.04,206.09,3,1,1,0,1.7772,0.62269,0.27539,0.55078,3,1,585.53,390.61,103.04,206.09,585.53,379.44,791.62,390.61,493.65,493.65
11,3,453.29,183.93,85.663,171.33,3,1,1,0,1.419,0.57877,0.25149,0.50298,3,1,496.12,355.25,85.663,171.33,496.12,324.8,667.45,355.25,440.91,440.91
11,4,367.67,187.69,85.757,171.51,3,1,1,0,2.0898,0.52365,0.21895,0.43791,3,1,410.54,359.2,85.757,171.51,410.54,239.03,582.06,359.2,444.96,444.96
12,1,392.88,156.56,112.22,224.43,3,1,0,0,0,0,0,0,0,0,0,0,0,0,0,0,0,0,0,0
12,2,531.8,181.36,103.04,206.07,3,1,0,0,0,0,0,0,0,0,0,0,0,0,0,0,0,0,0,0
12,3,451.08,180.76,85.782,171.56,3,1,0,0,0,0,0,0,0,0,0,0,0,0,0,0,0,0,0,0
12,4,366.29,184.53,85.94,171.88,3,1,0,0,0,0,0,0,0,0,0,0,0,0,0,0,0,0,0,0
13,1,392.74,153.66,112.38,224.75,3,1,0,0,0,0,0,0,0,0,0,0,0,0,0,0,0,0,0,0
13,2,530.23,178.5,103.08,206.15,3,1,0,0,0,0,0,0,0,0,0,0,0,0,0,0,0,0,0,0
13,3,449.45,177.89,85.928,171.86,3,1,0,0,0,0,0,0,0,0,0,0,0,0,0,0,0,0,0,0
13,4,365.47,181.67,86.132,172.26,3,1,0,0,0,0,0,0,0,0,0,0,0,0,0,0,0,0,0,0
14,1,392.49,150.21,112.53,225.06,3,1,0,0,0,0,0,0,0,0,0,0,0,0,0,0,0,0,0,0
14,2,528.52,175.08,103.11,206.22,3,1,0,0,0,0,0,0,0,0,0,0,0,0,0,0,0,0,0,0
14,3,447.71,174.47,86.071,172.14,3,1,0,0,0,0,0,0,0,0,0,0,0,0,0,0,0,0,0,0
14,4,364.53,178.26,86.324,172.65,3,1,0,0,0,0,0,0,0,0,0,0,0,0,0,0,0,0,0,0
15,1,392.95,149.82,112.72,225.43,3,1,0,0,0,0,0,0,0,0,0,0,0,0,0,0,0,0,0,0
15,2,527.62,174.74,103.21,206.42,3,1,0,0,0,0,0,0,0,0,0,0,0,0,0,0,0,0,0,0
15,3,446.7,174.12,86.249,172.5,3,1,0,0,0,0,0,0,0,0,0,0,0,0,0,0,0,0,0,0
15,4,364.29,177.91,86.53,173.06,3,1,0,0,0,0,0,0,0,0,0,0,0,0,0,0,0,0,0,0
16,1,396.17,147.94,113,226,3,1,0,0,0,0,0,0,0,0,0,0,0,0,0,0,0,0,0,0
16,2,529.83,172.93,103.55,207.09,3,1,0,0,0,0,0,0,0,0,0,0,0,0,0,0,0,0,0,0
16,3,448.53,172.31,86.544,173.09,3,1,0,0,0,0,0,0,0,0,0,0,0,0,0,0,0,0,0,0
16,4,366.77,176.11,86.776,173.55,3,1,0,0,0,0,0,0,0,0,0,0,0,0,0,0,0,0,0,0
17,1,397.13,148.3,113.2,226.39,3,1,0,0,0,0,0,0,0,0,0,0,0,0,0,0,0,0,0,0
17,2,529.46,173.32,103.68,207.36,3,1,0,0,0,0,0,0,0,0,0,0,0,0,0,0,0,0,0,0
17,3,448.02,172.7,86.738,173.48,3,1,0,0,0,0,0,0,0,0,0,0,0,0,0,0,0,0,0,0
17,4,367.01,176.51,86.984,173.97,3,1,0,0,0,0,0,0,0,0,0,0,0,0,0,0,0,0,0,0
18,1,398.09,150.64,113.4,226.79,3,1,0,0,0,0,0,0,0,0,0,0,0,0,0,0,0,0,0,0
18,2,529.09,175.71,103.83,207.65,3,1,0,0,0,0,0,0,0,0,0,0,0,0,0,0,0,0,0,0
18,3,447.52,175.09,86.94,173.88,3,1,0,0,0,0,0,0,0,0,0,0,0,0,0,0,0,0,0,0
18,4,367.24,178.91,87.198,174.4,3,1,0,0,0,0,0,0,0,0,0,0,0,0,0,0,0,0,0,0
19,1,399.8,152.17,113.62,227.25,3,1,0,0,0,0,0,0,0,0,0,0,0,0,0,0,0,0,0,0
19,2,529.55,177.29,104.03,208.06,3,1,0,0,0,0,0,0,0,0,0,0,0,0,0,0,0,0,0,0
19,3,447.78,176.66,87.172,174.34,3,1,0,0,0,0,0,0,0,0,0,0,0,0,0,0,0,0,0,0
19,4,368.19,180.49,87.423,174.85,3,1,0,0,0,0,0,0,0,0,0,0,0,0,0,0,0,0,0,0
20,1,401.36,153.56,113.84,227.68,3,1,0,0,0,0,0,0,0,0,0,0,0,0,0,0,0,0,0,0
20,2,529.83,178.73,104.22,208.44,3,1,0,0,0,0,0,0,0,0,0,0,0,0,0,0,0,0,0,0
20,3,447.88,178.1,87.399,174.8,3,1,0,0,0,0,0,0,0,0,0,0,0,0,0,0,0,0,0,0
20,4,368.99,181.94,87.645,175.29,3,1,0,0,0,0,0,0,0,0,0,0,0,0,0,0,0,0,0,0
21,1,402.77,153.58,114.06,228.13,3,1,1,2,1.3313,0.32932,0.20955,0.4191,3,1,459.81,381.71,114.06,228.13,459.81,231.68,687.93,381.71,495.77,495.77
21,2,529.95,178.8,104.41,208.81,4,1,1,0,0.019349,0.28344,0.16311,0.32622,3,1,582.15,387.61,104.41,208.81,582.15,373.34,790.96,387.61,492.02,492.02
21,3,447.83,178.17,87.625,175.25,3,1,1,0,-0.12547,0.37378,0.21006,0.42011,3,1,491.64,353.42,87.625,175.25,491.64,316.39,666.89,353.42,441.04,441.04
21,4,369.63,182.02,87.871,175.74,3,1,1,0,0.6056,0.39543,0.21624,0.43248,3,1,413.57,357.76,87.871,175.74,413.57,237.83,589.31,357.76,445.63,445.63
22,1,404.85,153.3,114.31,228.62,3,1,0,0,0,0,0,0,0,0,0,0,0,0,0,0,0,0,0,0
22,2,530.8,178.58,104.65,209.29,4,1,0,0,0,0,0,0,0,0,0,0,0,0,0,0,0,0,0,0
22,3,448.46,177.94,87.88,175.76,3,1,0,0,0,0,0,0,0,0,0,0,0,0,0,0,0,0,0,0
22,4,370.92,181.8,88.107,176.21,3,1,0,0,0,0,0,0,0,0,0,0,0,0,0,0,0,0,0,0
23,1,407.64,152.71,114.6,229.19,3,1,0,0,0,0,0,0,0,0,0,0,0,0,0,0,0,0,0,0
23,2,532.45,178.05,104.96,209.92,4,1,0,0,0,0,0,0,0,0,0,0,0,0,0,0,0,0,0,0
23,3,449.82,177.41,88.174,176.35,3,1,0,0,0,0,0,0,0,0,0,0,0,0,0,0,0,0,0,0
23,4,372.89,181.28,88.364,176.73,3,1,0,0,0,0,0,0,0,0,0,0,0,0,0,0,0,0,0,0
24,1,408.77,155.63,114.8,229.6,3,1,0,0,0,0,0,0,0,0,0,0,0,0,0,0,0,0,0,0
24,2,532.2,181.01,105.12,210.23,4,1,0,0,0,0,0,0,0,0,0,0,0,0,0,0,0,0,0,0
24,3,449.47,180.36,88.387,176.77,3,1,0,0,0,0,0,0,0,0,0,0,0,0,0,0,0,0,0,0
24,4,373.21,184.25,88.583,177.17,3,1,0,0,0,0,0,0,0,0,0,0,0,0,0,0,0,0,0,0
25,1,410.96,155.61,115.06,230.12,3,1,0,0,0,0,0,0,0,0,0,0,0,0,0,0,0,0,0,0
25,2,533.15,181.05,105.38,210.75,4,1,0,0,0,0,0,0,0,0,0,0,0,0,0,0,0,0,0,0
25,3,450.2,180.4,88.657,177.31,3,1,0,0,0,0,0,0,0,0,0,0,0,0,0,0,0,0,0,0
25,4,374.56,184.3,88.83,177.66,3,1,0,0,0,0,0,0,0,0,0,0,0,0,0,0,0,0,0,0
26,1,412.65,156.44,115.29,230.58,3,1,0,0,0,0,0,0,0,0,0,0,0,0,0,0,0,0,0,0
26,2,533.52,181.93,105.59,211.18,4,1,0,0,0,0,0,0,0,0,0,0,0,0,0,0,0,0,0,0
26,3,450.42,181.28,88.903,177.81,3,1,0,0,0,0,0,0,0,0,0,0,0,0,0,0,0,0,0,0
26,4,375.41,185.19,89.067,178.13,3,1,0,0,0,0,0,0,0,0,0,0,0,0,0,0,0,0,0,0
27,1,412.94,155.51,115.45,230.9,3,1,0,0,0,0,0,0,0,0,0,0,0,0,0,0,0,0,0,0
27,2,532.3,181.04,105.67,211.33,4,1,0,0,0,0,0,0,0,0,0,0,0,0,0,0,0,0,0,0
27,3,449.21,180.38,89.079,178.16,3,1,0,0,0,0,0,0,0,0,0,0,0,0,0,0,0,0,0,0
27,4,374.87,184.3,89.269,178.54,3,1,0,0,0,0,0,0,0,0,0,0,0,0,0,0,0,0,0,0
28,1,414.25,155.23,115.66,231.31,3,1,0,0,0,0,0,0,0,0,0,0,0,0,0,0,0,0,0,0
28,2,532.21,180.8,105.84,211.68,4,1,0,0,0,0,0,0,0,0,0,0,0,0,0,0,0,0,0,0
28,3,449.03,180.14,89.305,178.61,3,1,0,0,0,0,0,0,0,0,0,0,0,0,0,0,0,0,0,0
28,4,375.3,184.06,89.494,178.99,3,1,0,0,0,0,0,0,0,0,0,0,0,0,0,0,0,0,0,0
29,1,414.04,155.63,115.79,231.58,3,1,0,0,0,0,0,0,0,0,0,0,0,0,0,0,0,0,0,0
29,2,530.41,181.23,105.87,211.75,4,1,0,0,0,0,0,0,0,0,0,0,0,0,0,0,0,0,0,0
29,3,447.3,180.57,89.463,178.93,3,1,0,0,0,0,0,0,0,0,0,0,0,0,0,0,0,0,0,0
29,4,374.24,184.5,89.689,179.38,3,1,0,0,0,0,0,0,0,0,0,0,0,0,0,0,0,0,0,0
30,1,412.86,157.46,115.87,231.74,3,1,0,0,0,0,0,0,0,0,0,0,0,0,0,0,0,0,0,0
30,2,527.52,183.08,105.82,211.64,4,1,0,0,0,0,0,0,0,0,0,0,0,0,0,0,0,0,0,0
30,3,444.59,182.41,89.579,179.16,3,1,0,0,0,0,0,0,0,0,0,0,0,0,0,0,0,0,0,0
30,4,372.22,186.35,89.864,179.73,3,1,0,0,0,0,0,0,0,0,0,0,0,0,0,0,0,0,0,0
31,1,413.35,157.2,116.03,232.07,3,1,1,2,1.0011,0.78125,0.18988,0.37976,3,1,471.37,389.27,116.03,232.07,471.37,239.3,703.44,389.27,505.31,505.31
31,2,526.5,182.86,105.93,211.85,3,1,1,0,-0.45303,0.72059,0.13814,0.27627,4,1,579.46,394.72,105.93,211.85,579.46,279.86,579.46,394.72,394.72,544.52
31,4,371.81,186.14,90.078,180.16,3,1,1,0,0.17037,0.88536,0.21796,0.43592,3,1,416.85,366.29,90.078,180.16,416.85,236.69,597,366.29,456.37,456.37
32,1,411.12,157.62,116.06,232.12,3,1,0,0,0,0,0,0,0,0,0,0,0,0,0,0,0,0,0,0
32,2,522.44,183.29,105.79,211.58,3,1,0,0,0,0,0,0,0,0,0,0,0,0,0,0,0,0,0,0
32,4,368.72,186.55,90.238,180.48,3,1,0,0,0,0,0,0,0,0,0,0,0,0,0,0,0,0,0,0
33,1,410.13,157.83,116.15,232.3,3,1,0,0,0,0,0,0,0,0,0,0,0,0,0,0,0,0,0,0
33,2,519.77,183.52,105.77,211.53,3,1,0,0,0,0,0,0,0,0,0,0,0,0,0,0,0,0,0,0
33,4,366.82,186.79,90.425,180.85,3,1,0,0,0,0,0,0,0,0,0,0,0,0,0,0,0,0,0,0
34,1,411.23,157.72,116.34,232.68,3,1,0,0,0,0,0,0,0,0,0,0,0,0,0,0,0,0,0,0
34,2,519.4,183.46,105.93,211.85,3,1,0,0,0,0,0,0,0,0,0,0,0,0,0,0,0,0,0,0
34,4,366.96,186.73,90.649,181.3,3,1,0,0,0,0,0,0,0,0,0,0,0,0,0,0,0,0,0,0
35,1,411.55,158.43,116.49,232.98,3,1,0,0,0,0,0,0,0,0,0,0,0,0,0,0,0,0,0,0
35,2,518.17,184.2,106.02,212.05,3,1,0,0,0,0,0,0,0,0,0,0,0,0,0,0,0,0,0,0
35,4,366.31,187.48,90.864,181.73,3,1,0,0,0,0,0,0,0,0,0,0,0,0,0,0,0,0,0,0
36,1,413.94,157.23,116.75,233.49,3,1,0,0,0,0,0,0,0,0,0,0,0,0,0,0,0,0,0,0
36,2,519.23,183.05,106.3,212.6,3,1,0,0,0,0,0,0,0,0,0,0,0,0,0,0,0,0,0,0
36,4,367.68,186.34,91.116,182.23,3,1,0,0,0,0,0,0,0,0,0,0,0,0,0,0,0,0,0,0
37,1,414.28,156.92,116.9,233.81,3,1,0,0,0,0,0,0,0,0,0,0,0,0,0,0,0,0,0,0
37,2,518.01,182.78,106.4,212.81,3,1,0,0,0,0,0,0,0,0,0,0,0,0,0,0,0,0,0,0
37,4,367.01,186.08,91.337,182.67,3,1,0,0,0,0,0,0,0,0,0,0,0,0,0,0,0,0,0,0
38,1,408.82,155.04,116.76,233.52,3,1,0,0,0,0,0,0,0,0,0,0,0,0,0,0,0,0,0,0
38,2,510.39,180.87,106.01,212.02,3,1,0,0,0,0,0,0,0,0,0,0,0,0,0,0,0,0,0,0
38,4,360.65,184.16,91.449,182.9,3,1,0,0,0,0,0,0,0,0,0,0,0,0,0,0,0,0,0,0
39,1,406.89,153.66,116.8,233.59,3,1,0,0,0,0,0,0,0,0,0,0,0,0,0,0,0,0,0,0
39,2,506.68,179.51,105.93,211.85,3,1,0,0,0,0,0,0,0,0,0,0,0,0,0,0,0,0,0,0
39,4,357.74,182.79,91.629,183.26,3,1,0,0,0,0,0,0,0,0,0,0,0,0,0,0,0,0,0,0
40,1,408.29,153.16,117,234,3,1,0,0,0,0,0,0,0,0,0,0,0,0,0,0,0,0,0,0
40,2,506.61,179.05,106.13,212.25,3,1,0,0,0,0,0,0,0,0,0,0,0,0,0,0,0,0,0,0
40,4,358.05,182.34,91.87,183.74,3,1,0,0,0,0,0,0,0,0,0,0,0,0,0,0,0,0,0,0
41,1,407.47,152.77,117.09,234.18,3,1,1,2,-0.40069,-0.42531,0.11165,0.2233,3,1,466.01,386.95,117.09,234.18,466.01,231.83,700.2,386.95,504.04,504.04
41,2,504.11,178.68,106.15,212.29,3,1,1,0,-2.0748,-0.55205,0.035146,0.070292,3,1,557.19,390.97,106.15,212.29,557.19,344.89,769.48,390.97,497.12,497.12
41,4,356.18,181.97,92.076,184.15,3,1,1,0,-1.3405,-0.21319,0.20328,0.40657,3,1,402.22,366.13,92.076,184.15,402.22,218.07,586.37,366.13,458.2,458.2
42,1,406.5,153.14,117.17,234.35,3,1,0,0,0,0,0,0,0,0,0,0,0,0,0,0,0,0,0,0
42,2,501.45,179.07,106.16,212.31,3,1,0,0,0,0,0,0,0,0,0,0,0,0,0,0,0,0,0,0
42,4,354.15,182.37,92.281,184.56,3,1,0,0,0,0,0,0,0,0,0,0,0,0,0,0,0,0,0,0
43,1,406.61,152.94,117.31,234.61,3,1,0,0,0,0,0,0,0,0,0,0,0,0,0,0,0,0,0,0
43,2,499.95,178.9,106.25,212.51,3,1,0,0,0,0,0,0,0,0,0,0,0,0,0,0,0,0,0,0
43,4,353.15,182.2,92.501,185,3,1,0,0,0,0,0,0,0,0,0,0,0,0,0,0,0,0,0,0
44,1,406.75,153.7,117.44,234.87,3,1,0,0,0,0,0,0,0,0,0,0,0,0,0,0,0,0,0,0
44,2,498.48,179.69,106.36,212.71,3,1,0,0,0,0,0,0,0,0,0,0,0,0,0,0,0,0,0,0
44,4,352.17,183,92.722,185.44,3,1,0,0,0,0,0,0,0,0,0,0,0,0,0,0,0,0,0,0
45,1,406.66,154.65,117.56,235.13,3,1,0,0,0,0,0,0,0,0,0,0,0,0,0,0,0,0,0,0
45,2,496.76,180.67,106.45,212.9,3,1,0,0,0,0,0,0,0,0,0,0,0,0,0,0,0,0,0,0
45,4,350.94,183.97,92.947,185.89,3,1,0,0,0,0,0,0,0,0,0,0,0,0,0,0,0,0,0,0
46,1,406.11,154.39,117.67,235.33,3,1,0,0,0,0,0,0,0,0,0,0,0,0,0,0,0,0,0,0
46,2,494.53,180.43,106.51,213.01,3,1,0,0,0,0,0,0,0,0,0,0,0,0,0,0,0,0,0,0
46,4,349.24,183.74,93.167,186.33,3,1,0,0,0,0,0,0,0,0,0,0,0,0,0,0,0,0,0,0
47,1,406.23,154.31,117.8,235.6,3,1,0,0,0,0,0,0,0,0,0,0,0,0,0,0,0,0,0,0
47,2,493.03,180.38,106.62,213.24,3,1,0,0,0,0,0,0,0,0,0,0,0,0,0,0,0,0,0,0
47,4,348.19,183.7,93.395,186.79,3,1,0,0,0,0,0,0,0,0,0,0,0,0,0,0,0,0,0,0
48,1,405.54,154.01,117.89,235.78,3,1,0,0,0,0,0,0,0,0,0,0,0,0,0,0,0,0,0,0
48,2,490.63,180.1,106.67,213.34,3,1,0,0,0,0,0,0,0,0,0,0,0,0,0,0,0,0,0,0
48,4,346.32,183.42,93.611,187.22,3,1,0,0,0,0,0,0,0,0,0,0,0,0,0,0,0,0,0,0
49,1,405.6,153.63,118.03,236.06,3,1,0,0,0,0,0,0,0,0,0,0,0,0,0,0,0,0,0,0
49,2,489.05,179.75,106.8,213.59,3,1,0,0,0,0,0,0,0,0,0,0,0,0,0,0,0,0,0,0
49,4,345.17,183.08,93.85,187.7,3,1,0,0,0,0,0,0,0,0,0,0,0,0,0,0,0,0,0,0
50,1,406.57,154.3,118.21,236.41,3,1,0,0,0,0,0,0,0,0,0,0,0,0,0,0,0,0,0,0
50,2,488.43,180.46,106.99,213.97,3,1,0,0,0,0,0,0,0,0,0,0,0,0,0,0,0,0,0,0
50,4,344.89,183.79,94.094,188.19,3,1,0,0,0,0,0,0,0,0,0,0,0,0,0,0,0,0,0,0
51,1,406.55,154.11,118.33,236.67,3,1,1,2,0.0090866,0.34859,0.12618,0.25235,3,1,465.71,390.78,118.33,236.67,465.71,229.04,702.38,390.78,509.11,509.11
51,2,486.74,180.3,107.11,214.21,3,1,1,0,-1.6473,0.32653,0.10103,0.20206,3,1,540.29,394.51,107.11,214.21,540.29,326.08,754.5,394.51,501.62,501.62
51,4,343.63,183.63,94.329,188.66,3,1,1,0,-1.113,0.58271,0.22695,0.4539,3,1,390.8,372.29,94.329,188.66,390.8,202.14,579.46,372.29,466.62,466.62
52,1,405.45,155.01,118.42,236.83,3,1,0,0,0,0,0,0,0,0,0,0,0,0,0,0,0,0,0,0
52,2,483.89,181.22,107.15,214.31,3,1,0,0,0,0,0,0,0,0,0,0,0,0,0,0,0,0,0,0
52,4,341.3,184.56,94.557,189.11,3,1,0,0,0,0,0,0,0,0,0,0,0,0,0,0,0,0,0,0
53,1,406.33,155.9,118.59,237.18,3,1,0,0,0,0,0,0,0,0,0,0,0,0,0,0,0,0,0,0
53,2,483.14,182.14,107.35,214.7,3,1,0,0,0,0,0,0,0,0,0,0,0,0,0,0,0,0,0,0
53,4,340.9,185.49,94.805,189.61,3,1,0,0,0,0,0,0,0,0,0,0,0,0,0,0,0,0,0,0
54,1,406.92,156.26,118.76,237.51,3,1,0,0,0,0,0,0,0,0,0,0,0,0,0,0,0,0,0,0
54,2,482.07,182.54,107.53,215.07,3,1,0,0,0,0,0,0,0,0,0,0,0,0,0,0,0,0,0,0
54,4,340.18,185.89,95.054,190.11,3,1,0,0,0,0,0,0,0,0,0,0,0,0,0,0,0,0,0,0
55,1,408.15,155.74,118.96,237.91,3,1,0,0,0,0,0,0,0,0,0,0,0,0,0,0,0,0,0,0
55,2,481.68,182.07,107.77,215.54,3,1,0,0,0,0,0,0,0,0,0,0,0,0,0,0,0,0,0,0
55,4,340.09,185.43,95.312,190.62,3,1,0,0,0,0,0,0,0,0,0,0,0,0,0,0,0,0,0,0
56,1,409.7,155.39,119.17,238.34,3,1,0,0,0,0,0,0,0,0,0,0,0,0,0,0,0,0,0,0
56,2,481.61,181.77,108.03,216.05,3,1,0,0,0,0,0,0,0,0,0,0,0,0,0,0,0,0,0,0
56,4,340.3,185.13,95.571,191.14,3,1,0,0,0,0,0,0,0,0,0,0,0,0,0,0,0,0,0,0
57,1,412.23,155.96,119.44,238.88,3,1,0,0,0,0,0,0,0,0,0,0,0,0,0,0,0,0,0,0
57,2,482.56,182.39,108.37,216.73,3,1,0,0,0,0,0,0,0,0,0,0,0,0,0,0,0,0,0,0
57,4,341.43,185.77,95.849,191.7,3,1,0,0,0,0,0,0,0,0,0,0,0,0,0,0,0,0,0,0
58,1,416.69,156.68,119.82,239.64,3,1,0,0,0,0,0,0,0,0,0,0,0,0,0,0,0,0,0,0
58,2,485.55,183.19,108.85,217.71,3,1,0,0,0,0,0,0,0,0,0,0,0,0,0,0,0,0,0,0
58,4,344.45,186.58,96.146,192.29,3,1,0,0,0,0,0,0,0,0,0,0,0,0,0,0,0,0,0,0
59,1,418.27,157.16,120.05,240.1,3,1,0,0,0,0,0,0,0,0,0,0,0,0,0,0,0,0,0,0
59,2,485.46,183.72,109.13,218.26,3,1,0,0,0,0,0,0,0,0,0,0,0,0,0,0,0,0,0,0
59,4,344.64,187.12,96.413,192.83,3,1,0,0,0,0,0,0,0,0,0,0,0,0,0,0,0,0,0,0
60,1,418.16,157.08,120.19,240.38,3,1,0,0,0,0,0,0,0,0,0,0,0,0,0,0,0,0,0,0
60,2,483.58,183.67,109.29,218.57,3,1,0,0,0,0,0,0,0,0,0,0,0,0,0,0,0,0,0,0
60,4,343.18,187.08,96.66,193.32,3,1,0,0,0,0,0,0,0,0,0,0,0,0,0,0,0,0,0,0
61,1,419.15,155.84,120.39,240.79,3,1,1,2,1.8798,0.60834,0.23237,0.46475,3,1,479.35,396.63,120.39,240.79,479.35,238.56,720.13,396.63,517.02,517.02
61,2,482.84,182.47,109.53,219.05,3,1,1,2,0.28096,0.75668,0.28167,0.56334,3,1,537.6,401.53,109.53,219.05,537.6,318.55,756.66,401.53,511.05,511.05
61,4,342.78,185.89,96.921,193.84,3,1,1,0,0.53131,0.73359,0.26566,0.53133,3,1,391.24,379.73,96.921,193.84,391.24,197.4,585.08,379.73,476.65,476.65
61,5,598.58,207.77,77.362,154.72,5,1,2,0,0,0,0,0,0,0,0,0,0,0,0,0,0,0,0,0
62,1,419.79,155.15,120.59,241.17,3,1,0,0,0,0,0,0,0,0,0,0,0,0,0,0,0,0,0,0
62,2,481.72,181.82,109.75,219.51,3,1,0,0,0,0,0,0,0,0,0,0,0,0,0,0,0,0,0,0
62,4,342.03,185.24,97.184,194.37,3,1,0,0,0,0,0,0,0,0,0,0,0,0,0,0,0,0,0,0
62,5,594.63,207.12,77.323,154.65,5,1,0,0,0,0,0,0,0,0,0,0,0,0,0,0,0,0,0,0
63,1,419.6,153.63,120.74,241.48,3,1,0,0,0,0,0,0,0,0,0,0,0,0,0,0,0,0,0,0
63,2,479.72,180.33,109.93,219.85,3,1,0,0,0,0,0,0,0,0,0,0,0,0,0,0,0,0,0,0
63,4,340.46,183.76,97.44,194.88,3,1,0,0,0,0,0,0,0,0,0,0,0,0,0,0,0,0,0,0
63,5,589.76,205.6,77.224,154.45,5,1,0,0,0,0,0,0,0,0,0,0,0,0,0,0,0,0,0,0
64,1,420.68,152.13,120.95,241.9,3,1,0,0,0,0,0,0,0,0,0,0,0,0,0,0,0,0,0,0
64,2,479.05,178.88,110.18,220.37,3,1,0,0,0,0,0,0,0,0,0,0,0,0,0,0,0,0,0,0
64,4,340.14,182.32,97.701,195.4,3,1,0,0,0,0,0,0,0,0,0,0,0,0,0,0,0,0,0,0
64,5,586.48,204.16,77.224,154.45,5,1,0,0,0,0,0,0,0,0,0,0,0,0,0,0,0,0,0,0
65,1,421.96,151.69,121.18,242.36,3,1,0,0,0,0,0,0,0,0,0,0,0,0,0,0,0,0,0,0
65,2,478.56,178.49,110.47,220.93,3,1,0,0,0,0,0,0,0,0,0,0,0,0,0,0,0,0,0,0
65,4,340,181.94,97.968,195.94,3,1,0,0,0,0,0,0,0,0,0,0,0,0,0,0,0,0,0,0
65,5,583.5,203.78,77.245,154.49,5,1,0,0,0,0,0,0,0,0,0,0,0,0,0,0,0,0,0,0
66,1,421.98,150.99,121.34,242.69,3,1,0,0,0,0,0,0,0,0,0,0,0,0,0,0,0,0,0,0
66,2,476.74,177.83,110.66,221.32,3,1,0,0,0,0,0,0,0,0,0,0,0,0,0,0,0,0,0,0
66,4,338.63,181.28,98.22,196.44,3,1,0,0,0,0,0,0,0,0,0,0,0,0,0,0,0,0,0,0
66,5,579.09,203.1,77.172,154.34,5,1,0,0,0,0,0,0,0,0,0,0,0,0,0,0,0,0,0,0
67,1,422.14,150.71,121.53,243.06,3,1,0,0,0,0,0,0,0,0,0,0,0,0,0,0,0,0,0,0
67,2,475.05,177.58,110.88,221.77,3,1,0,0,0,0,0,0,0,0,0,0,0,0,0,0,0,0,0,0
67,4,337.38,181.04,98.486,196.97,3,1,0,0,0,0,0,0,0,0,0,0,0,0,0,0,0,0,0,0
67,5,574.93,202.85,77.124,154.25,5,1,0,0,0,0,0,0,0,0,0,0,0,0,0,0,0,0,0,0
68,1,424.32,151.98,121.83,243.66,3,1,0,0,0,0,0,0,0,0,0,0,0,0,0,0,0,0,0,0
68,2,475.45,178.93,111.26,222.51,3,1,0,0,0,0,0,0,0,0,0,0,0,0,0,0,0,0,0,0
68,4,338.1,182.4,98.771,197.54,3,1,0,0,0,0,0,0,0,0,0,0,0,0,0,0,0,0,0,0
68,5,573.21,204.23,77.229,154.46,5,1,0,0,0,0,0,0,0,0,0,0,0,0,0,0,0,0,0,0
69,1,426.24,153.13,122.12,244.25,3,1,0,0,0,0,0,0,0,0,0,0,0,0,0,0,0,0,0,0
69,2,475.57,180.14,111.61,223.22,3,1,0,0,0,0,0,0,0,0,0,0,0,0,0,0,0,0,0,0
69,4,338.55,183.62,99.054,198.11,3,1,0,0,0,0,0,0,0,0,0,0,0,0,0,0,0,0,0,0
69,5,571.23,205.47,77.315,154.63,5,1,0,0,0,0,0,0,0,0,0,0,0,0,0,0,0,0,0,0
70,1,426.82,152.85,122.34,244.69,3,1,0,0,0,0,0,0,0,0,0,0,0,0,0,0,0,0,0,0
70,2,474.27,179.91,111.88,223.76,3,1,0,0,0,0,0,0,0,0,0,0,0,0,0,0,0,0,0,0
70,4,337.73,183.4,99.324,198.65,3,1,0,0,0,0,0,0,0,0,0,0,0,0,0,0,0,0,0,0
70,5,567.77,205.25,77.309,154.62,5,1,0,0,0,0,0,0,0,0,0,0,0,0,0,0,0,0,0,0
71,1,428.34,154.28,122.62,245.24,3,1,1,2,1.099,0.40858,0.22734,0.45469,3,1,489.65,399.51,122.62,245.24,489.65,244.42,734.89,399.51,522.13,522.13
71,2,473.92,181.39,112.21,224.43,3,1,1,2,-0.69082,0.55476,0.2761,0.55221,3,1,530.03,405.81,112.21,224.43,530.03,305.6,754.46,405.81,518.03,518.03
71,3,407.14,180.52,99.245,198.49,3,1,1,0,0,0,0,0,0,0,0,0,0,0,0,0,0,0,0,0
71,4,337.8,184.89,99.598,199.2,3,1,1,0,-0.30206,0.54899,0.26881,0.53762,3,1,387.6,384.08,99.598,199.2,387.6,188.4,586.8,384.08,483.68,483.68
71,5,565.44,206.75,77.369,154.74,5,1,2,0,-3.1958,0.028013,0.0082638,0.016528,5,1,604.12,361.49,77.369,154.74,604.12,449.38,449.38,361.49,284.12,438.86
72,1,429.15,153.46,122.86,245.72,3,1,0,0,0,0,0,0,0,0,0,0,0,0,0,0,0,0,0,0
72,2,472.82,180.62,112.51,225.02,3,1,0,0,0,0,0,0,0,0,0,0,0,0,0,0,0,0,0,0
72,3,407.01,179.76,99.555,199.11,3,1,0,0,0,0,0,0,0,0,0,0,0,0,0,0,0,0,0,0
72,4,337.19,184.13,99.871,199.74,3,1,0,0,0,0,0,0,0,0,0,0,0,0,0,0,0,0,0,0
72,5,562.35,206,77.385,154.77,5,1,0,0,0,0,0,0,0,0,0,0,0,0,0,0,0,0,0,0
73,1,429.89,154.62,123.1,246.21,3,1,0,0,0,0,0,0,0,0,0,0,0,0,0,0,0,0,0,0
73,2,471.62,181.84,112.8,225.61,3,1,0,0,0,0,0,0,0,0,0,0,0,0,0,0,0,0,0,0
73,3,406.83,180.97,99.864,199.73,3,1,0,0,0,0,0,0,0,0,0,0,0,0,0,0,0,0,0,0
73,4,336.51,185.36,100.14,200.29,3,1,0,0,0,0,0,0,0,0,0,0,0,0,0,0,0,0,0,0
73,5,559.25,207.23,77.4,154.8,5,1,0,0,0,0,0,0,0,0,0,0,0,0,0,0,0,0,0,0
74,1,430.67,155.19,123.35,246.7,3,1,0,0,0,0,0,0,0,0,0,0,0,0,0,0,0,0,0,0
74,2,470.44,182.45,113.1,226.21,3,1,0,0,0,0,0,0,0,0,0,0,0,0,0,0,0,0,0,0
74,3,406.71,181.58,100.17,200.35,3,1,0,0,0,0,0,0,0,0,0,0,0,0,0,0,0,0,0,0
74,4,335.88,185.98,100.41,200.83,3,1,0,0,0,0,0,0,0,0,0,0,0,0,0,0,0,0,0,0
74,5,556.26,207.86,77.419,154.84,5,1,0,0,0,0,0,0,0,0,0,0,0,0,0,0,0,0,0,0
75,1,430.03,154.12,123.52,247.04,3,1,0,0,0,0,0,0,0,0,0,0,0,0,0,0,0,0,0,0
75,2,467.77,181.42,113.32,226.63,3,1,0,0,0,0,0,0,0,0,0,0,0,0,0,0,0,0,0,0
75,3,405.21,180.54,100.44,200.88,3,1,0,0,0,0,0,0,0,0,0,0,0,0,0,0,0,0,0,0
75,4,333.88,184.96,100.67,201.35,3,1,0,0,0,0,0,0,0,0,0,0,0,0,0,0,0,0,0,0
75,5,551.73,206.81,77.349,154.7,5,1,0,0,0,0,0,0,0,0,0,0,0,0,0,0,0,0,0,0
76,1,430.21,153.88,123.74,247.49,3,1,0,0,0,0,0,0,0,0,0,0,0,0,0,0,0,0,0,0
76,2,465.93,181.23,113.59,227.18,3,1,0,0,0,0,0,0,0,0,0,0,0,0,0,0,0,0,0,0
76,3,404.53,180.35,100.74,201.47,3,1,0,0,0,0,0,0,0,0,0,0,0,0,0,0,0,0,0,0
76,4,332.69,184.78,100.94,201.89,3,1,0,0,0,0,0,0,0,0,0,0,0,0,0,0,0,0,0,0
76,5,548.21,206.62,77.34,154.68,5,1,0,0,0,0,0,0,0,0,0,0,0,0,0,0,0,0,0,0
77,1,430.39,154.63,123.96,247.93,3,1,0,0,0,0,0,0,0,0,0,0,0,0,0,0,0,0,0,0
77,2,464.06,182.03,113.86,227.73,3,1,0,0,0,0,0,0,0,0,0,0,0,0,0,0,0,0,0,0
77,3,403.87,181.14,101.03,202.06,3,1,0,0,0,0,0,0,0,0,0,0,0,0,0,0,0,0,0,0
77,4,331.49,185.58,101.21,202.41,3,1,0,0,0,0,0,0,0,0,0,0,0,0,0,0,0,0,0,0
77,5,544.74,207.42,77.33,154.66,5,1,0,0,0,0,0,0,0,0,0,0,0,0,0,0,0,0,0,0
78,1,430.73,153.87,124.21,248.43,3,1,0,0,0,0,0,0,0,0,0,0,0,0,0,0,0,0,0,0
78,2,462.33,181.32,114.17,228.34,3,1,0,0,0,0,0,0,0,0,0,0,0,0,0,0,0,0,0,0
78,3,403.37,180.43,101.34,202.69,3,1,0,0,0,0,0,0,0,0,0,0,0,0,0,0,0,0,0,0
78,4,330.45,184.89,101.48,202.96,3,1,0,0,0,0,0,0,0,0,0,0,0,0,0,0,0,0,0,0
78,5,541.54,206.73,77.342,154.68,5,1,0,0,0,0,0,0,0,0,0,0,0,0,0,0,0,0,0,0
79,1,431.08,153.13,124.46,248.93,3,1,0,0,0,0,0,0,0,0,0,0,0,0,0,0,0,0,0,0
79,2,460.58,180.63,114.47,228.95,3,1,0,0,0,0,0,0,0,0,0,0,0,0,0,0,0,0,0,0
79,3,402.9,179.74,101.66,203.31,3,1,0,0,0,0,0,0,0,0,0,0,0,0,0,0,0,0,0,0
79,4,329.43,184.21,101.75,203.51,3,1,0,0,0,0,0,0,0,0,0,0,0,0,0,0,0,0,0,0
79,5,538.41,206.05,77.357,154.71,5,1,0,0,0,0,0,0,0,0,0,0,0,0,0,0,0,0,0,0
80,1,429.78,152.84,124.62,249.24,3,1,0,0,0,0,0,0,0,0,0,0,0,0,0,0,0,0,0,0
80,2,457.13,180.38,114.68,229.35,3,1,0,0,0,0,0,0,0,0,0,0,0,0,0,0,0,0,0,0
80,3,400.83,179.48,101.91,203.82,3,1,0,0,0,0,0,0,0,0,0,0,0,0,0,0,0,0,0,0
80,4,326.84,183.96,102.02,204.03,3,1,0,0,0,0,0,0,0,0,0,0,0,0,0,0,0,0,0,0
80,5,533.54,205.77,77.273,154.55,5,1,0,0,0,0,0,0,0,0,0,0,0,0,0,0,0,0,0,0
81,1,429.8,152.67,124.86,249.72,3,1,1,2,0.16772,0.26124,0.22115,0.44229,3,1,492.23,402.39,124.86,249.72,492.23,242.51,741.96,402.39,527.26,527.26
81,2,454.99,180.26,114.98,229.96,3,1,1,2,-1.8596,0.41171,0.27276,0.54553,3,1,512.48,410.21,114.98,229.96,512.48,282.53,742.44,410.21,525.19,525.19
81,3,400.07,179.36,102.22,204.44,3,1,1,0,-0.63823,0.453,0.29542,0.59083,3,1,451.18,383.8,102.22,204.44,451.18,246.74,655.62,383.8,486.02,486.02
81,4,325.52,183.85,102.29,204.58,3,1,1,0,-1.178,0.41171,0.2684,0.53679,3,1,376.66,388.43,102.29,204.58,376.66,172.08,581.24,388.43,490.72,490.72
81,5,530.21,205.66,77.278,154.56,5,1,2,0,-3.5977,-0.15797,-0.013327,-0.026654,5,1,568.84,360.22,77.278,154.56,568.84,414.29,414.29,360.22,282.94,437.5
82,1,430.99,152.67,125.18,250.36,3,1,0,0,0,0,0,0,0,0,0,0,0,0,0,0,0,0,0,0
82,2,454.02,180.33,115.36,230.71,3,1,0,0,0,0,0,0,0,0,0,0,0,0,0,0,0,0,0,0
82,3,400.46,179.42,102.57,205.13,3,1,0,0,0,0,0,0,0,0,0,0,0,0,0,0,0,0,0,0
82,4,325.33,183.93,102.57,205.13,3,1,0,0,0,0,0,0,0,0,0,0,0,0,0,0,0,0,0,0
82,5,528.21,205.77,77.353,154.71,5,1,0,0,0,0,0,0,0,0,0,0,0,0,0,0,0,0,0,0
83,1,430.95,151.94,125.43,250.86,3,1,0,0,0,0,0,0,0,0,0,0,0,0,0,0,0,0,0,0
83,2,451.76,179.65,115.66,231.33,3,1,0,0,0,0,0,0,0,0,0,0,0,0,0,0,0,0,0,0
83,3,399.66,178.74,102.88,205.76,3,1,0,0,0,0,0,0,0,0,0,0,0,0,0,0,0,0,0,0
83,4,323.97,183.26,102.84,205.68,3,1,0,0,0,0,0,0,0,0,0,0,0,0,0,0,0,0,0,0
83,5,524.94,205.09,77.361,154.72,5,1,0,0,0,0,0,0,0,0,0,0,0,0,0,0,0,0,0,0
84,1,429.68,150.45,125.61,251.22,3,1,0,0,0,0,0,0,0,0,0,0,0,0,0,0,0,0,0,0
84,2,448.22,178.2,115.9,231.8,3,1,0,0,0,0,0,0,0,0,0,0,0,0,0,0,0,0,0,0
84,3,397.66,177.28,103.15,206.3,3,1,0,0,0,0,0,0,0,0,0,0,0,0,0,0,0,0,0,0
84,4,321.42,181.82,103.11,206.22,3,1,0,0,0,0,0,0,0,0,0,0,0,0,0,0,0,0,0,0
84,5,520.41,203.63,77.302,154.6,5,1,0,0,0,0,0,0,0,0,0,0,0,0,0,0,0,0,0,0
85,1,428.54,150.41,125.8,251.61,3,1,0,0,0,0,0,0,0,0,0,0,0,0,0,0,0,0,0,0
85,2,444.79,178.2,116.15,232.31,3,1,0,0,0,0,0,0,0,0,0,0,0,0,0,0,0,0,0,0
85,3,395.81,177.28,103.43,206.86,3,1,0,0,0,0,0,0,0,0,0,0,0,0,0,0,0,0,0,0
85,4,319.02,181.83,103.38,206.76,3,1,0,0,0,0,0,0,0,0,0,0,0,0,0,0,0,0,0,0
85,5,516.09,203.63,77.255,154.51,5,1,0,0,0,0,0,0,0,0,0,0,0,0,0,0,0,0,0,0
86,1,429.45,149.8,126.12,252.25,3,1,0,0,0,0,0,0,0,0,0,0,0,0,0,0,0,0,0,0
86,2,443.4,177.66,116.53,233.06,3,1,0,0,0,0,0,0,0,0,0,0,0,0,0,0,0,0,0,0
86,3,395.97,176.74,103.77,207.54,3,1,0,0,0,0,0,0,0,0,0,0,0,0,0,0,0,0,0,0
86,4,318.61,181.3,103.65,207.3,3,1,0,0,0,0,0,0,0,0,0,0,0,0,0,0,0,0,0,0
86,5,514.06,203.12,77.323,154.65,5,1,0,0,0,0,0,0,0,0,0,0,0,0,0,0,0,0,0,0
87,1,430.41,149.65,126.46,252.92,3,1,0,0,0,0,0,0,0,0,0,0,0,0,0,0,0,0,0,0
87,2,442.03,177.58,116.93,233.86,3,1,0,0,0,0,0,0,0,0,0,0,0,0,0,0,0,0,0,0
87,3,396.19,176.66,104.13,208.26,3,1,0,0,0,0,0,0,0,0,0,0,0,0,0,0,0,0,0,0
87,4,318.25,181.23,103.93,207.85,3,1,0,0,0,0,0,0,0,0,0,0,0,0,0,0,0,0,0,0
87,5,512.16,203.07,77.402,154.8,5,1,0,0,0,0,0,0,0,0,0,0,0,0,0,0,0,0,0,0
88,1,430.98,149.31,126.78,253.57,3,1,0,0,0,0,0,0,0,0,0,0,0,0,0,0,0,0,0,0
88,2,440.23,177.31,117.31,234.61,3,1,0,0,0,0,0,0,0,0,0,0,0,0,0,0,0,0,0,0
88,3,396.04,176.39,104.47,208.95,3,1,0,0,0,0,0,0,0,0,0,0,0,0,0,0,0,0,0,0
88,4,317.52,180.97,104.2,208.41,3,1,0,0,0,0,0,0,0,0,0,0,0,0,0,0,0,0,0,0
88,5,509.9,202.83,77.462,154.92,5,1,0,0,0,0,0,0,0,0,0,0,0,0,0,0,0,0,0,0
89,1,429.15,149.37,126.95,253.9,3,1,0,0,0,0,0,0,0,0,0,0,0,0,0,0,0,0,0,0
89,2,435.98,177.41,117.54,235.07,3,1,0,0,0,0,0,0,0,0,0,0,0,0,0,0,0,0,0,0
89,3,393.56,176.48,104.73,209.47,3,1,0,0,0,0,0,0,0,0,0,0,0,0,0,0,0,0,0,0
89,4,314.51,181.08,104.47,208.94,3,1,0,0,0,0,0,0,0,0,0,0,0,0,0,0,0,0,0,0
89,5,505.14,202.91,77.389,154.78,5,1,0,0,0,0,0,0,0,0,0,0,0,0,0,0,0,0,0,0
90,1,426.72,146.52,127.09,254.18,3,1,0,0,0,0,0,0,0,0,0,0,0,0,0,0,0,0,0,0
90,2,431.11,174.58,117.74,235.49,3,1,0,0,0,0,0,0,0,0,0,0,0,0,0,0,0,0,0,0
90,3,390.5,173.65,104.98,209.96,3,1,0,0,0,0,0,0,0,0,0,0,0,0,0,0,0,0,0,0
90,4,310.91,178.26,104.73,209.47,3,1,0,0,0,0,0,0,0,0,0,0,0,0,0,0,0,0,0,0
90,5,499.81,200.06,77.293,154.59,5,1,0,0,0,0,0,0,0,0,0,0,0,0,0,0,0,0,0,0
91,1,425.97,145.49,127.34,254.68,3,1,1,2,-0.29454,-0.17726,0.24881,0.49763,3,1,489.64,400.18,127.34,254.68,489.64,234.96,744.32,400.18,527.52,527.52
91,2,427.88,173.61,118.06,236.12,3,1,1,0,-2.6092,-0.0046709,0.30856,0.61711,3,1,486.91,409.73,118.06,236.12,486.91,250.8,723.03,409.73,527.79,527.79
91,3,389.08,172.67,105.28,210.57,3,1,1,0,-0.97485,-0.012625,0.30635,0.6127,3,1,441.72,383.24,105.28,210.57,441.72,231.16,652.29,383.24,488.53,488.53
91,4,308.94,177.3,105.01,210.01,4,1,1,0,-1.5513,-0.069527,0.27132,0.54265,3,1,361.44,387.31,105.01,210.01,361.44,151.43,571.46,387.31,492.32,492.32
92,1,425.94,145.68,127.64,255.28,3,1,0,0,0,0,0,0,0,0,0,0,0,0,0,0,0,0,0,0
92,2,425.35,173.86,118.41,236.83,3,1,0,0,0,0,0,0,0,0,0,0,0,0,0,0,0,0,0,0
92,3,388.38,172.92,105.61,211.22,3,1,0,0,0,0,0,0,0,0,0,0,0,0,0,0,0,0,0,0
92,4,307.69,177.56,105.27,210.55,4,1,0,0,0,0,0,0,0,0,0,0,0,0,0,0,0,0,0,0
93,1,426.79,145.62,128,256.01,3,1,0,0,0,0,0,0,0,0,0,0,0,0,0,0,0,0,0,0
93,2,423.66,173.88,118.83,237.66,3,1,0,0,0,0,0,0,0,0,0,0,0,0,0,0,0,0,0,0
93,3,388.55,172.94,105.97,211.94,3,1,0,0,0,0,0,0,0,0,0,0,0,0,0,0,0,0,0,0
93,4,307.29,177.59,105.54,211.09,4,1,0,0,0,0,0,0,0,0,0,0,0,0,0,0,0,0,0,0
94,1,427.25,145.87,128.36,256.71,3,1,0,0,0,0,0,0,0,0,0,0,0,0,0,0,0,0,0,0
94,2,421.55,174.2,119.23,238.46,3,1,0,0,0,0,0,0,0,0,0,0,0,0,0,0,0,0,0,0
94,3,388.34,173.26,106.33,212.65,3,1,0,0,0,0,0,0,0,0,0,0,0,0,0,0,0,0,0,0
94,4,306.54,177.92,105.82,211.63,4,1,0,0,0,0,0,0,0,0,0,0,0,0,0,0,0,0,0,0
95,1,426.89,146.71,128.66,257.32,3,1,0,0,0,0,0,0,0,0,0,0,0,0,0,0,0,0,0,0
95,2,418.59,175.12,119.59,239.17,3,1,0,0,0,0,0,0,0,0,0,0,0,0,0,0,0,0,0,0
95,3,387.35,174.17,106.65,213.31,3,1,0,0,0,0,0,0,0,0,0,0,0,0,0,0,0,0,0,0
95,4,304.99,178.85,106.09,212.18,4,1,0,0,0,0,0,0,0,0,0,0,0,0,0,0,0,0,0,0
96,1,426.23,147.26,128.94,257.89,3,1,0,0,0,0,0,0,0,0,0,0,0,0,0,0,0,0,0,0
96,2,415.3,175.72,119.92,239.85,3,1,0,0,0,0,0,0,0,0,0,0,0,0,0,0,0,0,0,0
96,3,386.07,174.77,106.97,213.94,3,1,0,0,0,0,0,0,0,0,0,0,0,0,0,0,0,0,0,0
96,4,303.19,179.47,106.35,212.7,4,1,0,0,0,0,0,0,0,0,0,0,0,0,0,0,0,0,0,0
97,1,427.23,147.09,129.34,258.68,3,1,0,0,0,0,0,0,0,0,0,0,0,0,0,0,0,0,0,0
97,2,413.62,175.64,120.35,240.71,3,1,0,0,0,0,0,0,0,0,0,0,0,0,0,0,0,0,0,0
97,3,386.42,174.69,107.34,214.67,3,1,0,0,0,0,0,0,0,0,0,0,0,0,0,0,0,0,0,0
97,4,302.99,179.4,106.61,213.23,4,1,0,0,0,0,0,0,0,0,0,0,0,0,0,0,0,0,0,0
98,1,424.62,145.26,129.52,259.04,3,1,0,0,0,0,0,0,0,0,0,0,0,0,0,0,0,0,0,0
98,2,408.35,173.84,120.61,241.22,3,1,0,0,0,0,0,0,0,0,0,0,0,0,0,0,0,0,0,0
98,3,383.26,172.88,107.6,215.2,3,1,0,0,0,0,0,0,0,0,0,0,0,0,0,0,0,0,0,0
98,4,299.32,177.61,106.89,213.77,4,1,0,0,0,0,0,0,0,0,0,0,0,0,0,0,0,0,0,0
99,1,422.58,145.54,129.74,259.48,3,1,0,0,0,0,0,0,0,0,0,0,0,0,0,0,0,0,0,0
99,2,403.62,174.18,120.9,241.8,3,1,0,0,0,0,0,0,0,0,0,0,0,0,0,0,0,0,0,0
99,3,380.67,173.21,107.88,215.76,3,1,0,0,0,0,0,0,0,0,0,0,0,0,0,0,0,0,0,0
99,4,296.2,177.95,107.16,214.32,4,1,0,0,0,0,0,0,0,0,0,0,0,0,0,0,0,0,0,0
100,1,422.14,146.56,130.07,260.13,3,1,0,0,0,0,0,0,0,0,0,0,0,0,0,0,0,0,0,0
100,2,400.45,175.26,121.27,242.54,3,1,0,0,0,0,0,0,0,0,0,0,0,0,0,0,0,0,0,0
100,3,379.66,174.3,108.21,216.42,3,1,0,0,0,0,0,0,0,0,0,0,0,0,0,0,0,0,0,0
100,4,294.67,179.04,107.42,214.84,4,1,0,0,0,0,0,0,0,0,0,0,0,0,0,0,0,0,0,0
101,1,421.32,145.79,130.37,260.75,4,1,1,2,-0.47711,0.60207,0.29675,0.5935,3,1,486.51,406.54,130.37,260.75,486.51,225.76,747.26,406.54,536.91,536.91
101,2,396.88,174.56,121.62,243.25,4,1,1,2,-3.1016,0.77336,0.35052,0.70103,3,1,457.7,417.81,121.62,243.25,457.7,214.45,700.95,417.81,539.44,539.44
101,3,378.29,173.59,108.53,217.06,3,1,1,0,-1.0721,0.71088,0.32081,0.64163,3,1,432.55,390.65,108.53,217.06,432.55,215.49,649.61,390.65,499.18,499.18
101,4,292.78,178.35,107.68,215.37,4,1,1,0,-1.6324,0.6187,0.2679,0.53581,4,1,346.62,393.72,107.68,215.37,346.62,42.043,346.62,393.72,393.72,546.01
101,6,630.11,180.42,88.363,176.73,5,1,2,0,0,0,0,0,0,0,0,0,0,0,0,0,0,0,0,0
102,1,418.74,145,130.57,261.15,4,1,0,0,0,0,0,0,0,0,0,0,0,0,0,0,0,0,0,0
102,2,391.56,173.81,121.9,243.8,4,1,0,0,0,0,0,0,0,0,0,0,0,0,0,0,0,0,0,0
102,3,375.2,172.84,108.8,217.59,3,1,0,0,0,0,0,0,0,0,0,0,0,0,0,0,0,0,0,0
102,4,289.18,177.61,107.95,215.91,4,1,0,0,0,0,0,0,0,0,0,0,0,0,0,0,0,0,0,0
102,6,626.41,179.67,88.2,176.4,5,1,0,0,0,0,0,0,0,0,0,0,0,0,0,0,0,0,0,0
103,1,416.03,144.43,130.77,261.55,4,1,0,0,0,0,0,0,0,0,0,0,0,0,0,0,0,0,0,0
103,2,386.08,173.28,122.18,244.37,4,1,0,0,0,0,0,0,0,0,0,0,0,0,0,0,0,0,0,0
103,3,372.01,172.31,109.06,218.12,3,1,0,0,0,0,0,0,0,0,0,0,0,0,0,0,0,0,0,0
103,4,285.48,177.09,108.23,216.45,4,1,0,0,0,0,0,0,0,0,0,0,0,0,0,0,0,0,0,0
103,6,622.65,179.15,88.034,176.07,5,1,0,0,0,0,0,0,0,0,0,0,0,0,0,0,0,0,0,0
104,1,414.11,145.17,131.03,262.06,4,1,0,0,0,0,0,0,0,0,0,0,0,0,0,0,0,0,0,0
104,2,381.38,174.08,122.51,245.02,4,1,0,0,0,0,0,0,0,0,0,0,0,0,0,0,0,0,0,0
104,3,369.6,173.11,109.36,218.71,3,1,0,0,0,0,0,0,0,0,0,0,0,0,0,0,0,0,0,0
104,4,282.56,177.9,108.5,216.99,4,1,0,0,0,0,0,0,0,0,0,0,0,0,0,0,0,0,0,0
104,6,620,179.95,87.961,175.92,5,1,0,0,0,0,0,0,0,0,0,0,0,0,0,0,0,0,0,0
105,1,413.71,144.99,131.38,262.76,4,1,0,0,0,0,0,0,0,0,0,0,0,0,0,0,0,0,0,0
105,2,378.14,173.98,122.89,245.78,4,1,0,0,0,0,0,0,0,0,0,0,0,0,0,0,0,0,0,0
105,3,368.69,173,109.68,219.37,3,1,0,0,0,0,0,0,0,0,0,0,0,0,0,0,0,0,0,0
105,4,281.15,177.81,108.74,217.49,4,1,0,0,0,0,0,0,0,0,0,0,0,0,0,0,0,0,0,0
105,6,619.36,179.86,88.044,176.09,5,1,0,0,0,0,0,0,0,0,0,0,0,0,0,0,0,0,0,0
106,1,412.11,145.41,131.66,263.33,4,1,0,0,0,0,0,0,0,0,0,0,0,0,0,0,0,0,0,0
106,2,373.71,174.46,123.23,246.46,4,1,0,0,0,0,0,0,0,0,0,0,0,0,0,0,0,0,0,0
106,3,366.62,173.48,109.99,219.97,3,1,0,0,0,0,0,0,0,0,0,0,0,0,0,0,0,0,0,0
106,4,278.58,178.3,109.01,218.01,4,1,0,0,0,0,0,0,0,0,0,0,0,0,0,0,0,0,0,0
106,6,617.3,180.35,88.013,176.03,5,1,0,0,0,0,0,0,0,0,0,0,0,0,0,0,0,0,0,0
107,1,409.64,146.34,131.9,263.81,4,1,0,0,0,0,0,0,0,0,0,0,0,0,0,0,0,0,0,0
107,2,368.42,175.43,123.55,247.09,4,1,0,0,0,0,0,0,0,0,0,0,0,0,0,0,0,0,0,0
107,3,363.72,174.45,110.27,220.53,3,1,0,0,0,0,0,0,0,0,0,0,0,0,0,0,0,0,0,0
107,4,275.18,179.28,109.28,218.55,4,1,0,0,0,0,0,0,0,0,0,0,0,0,0,0,0,0,0,0
107,6,614.22,181.32,87.903,175.81,5,1,0,0,0,0,0,0,0,0,0,0,0,0,0,0,0,0,0,0
108,1,408.61,145.85,132.24,264.47,4,1,0,0,0,0,0,0,0,0,0,0,0,0,0,0,0,0,0,0
108,2,364.53,175.02,123.92,247.83,4,1,0,0,0,0,0,0,0,0,0,0,0,0,0,0,0,0,0,0
108,3,362.24,174.03,110.59,221.18,3,1,0,0,0,0,0,0,0,0,0,0,0,0,0,0,0,0,0,0
108,4,273.21,178.88,109.53,219.06,4,1,0,0,0,0,0,0,0,0,0,0,0,0,0,0,0,0,0,0
108,6,613.07,180.92,87.947,175.89,5,1,0,0,0,0,0,0,0,0,0,0,0,0,0,0,0,0,0,0
109,1,406.75,146.85,132.53,265.06,4,1,0,0,0,0,0,0,0,0,0,0,0,0,0,0,0,0,0,0
109,2,359.81,176.08,124.27,248.53,4,1,0,0,0,0,0,0,0,0,0,0,0,0,0,0,0,0,0,0
109,3,359.95,175.09,110.9,221.79,3,1,0,0,0,0,0,0,0,0,0,0,0,0,0,0,0,0,0,0
109,4,270.43,179.96,109.8,219.6,4,1,0,0,0,0,0,0,0,0,0,0,0,0,0,0,0,0,0,0
109,6,610.94,181.99,87.915,175.83,5,1,0,0,0,0,0,0,0,0,0,0,0,0,0,0,0,0,0,0
110,1,404.75,146.51,132.82,265.64,4,1,0,0,0,0,0,0,0,0,0,0,0,0,0,0,0,0,0,0
110,2,354.94,175.8,124.61,249.23,4,1,0,0,0,0,0,0,0,0,0,0,0,0,0,0,0,0,0,0
110,3,357.55,174.81,111.2,222.39,3,1,0,0,0,0,0,0,0,0,0,0,0,0,0,0,0,0,0,0
110,4,267.54,179.68,110.06,220.13,4,1,0,0,0,0,0,0,0,0,0,0,0,0,0,0,0,0,0,0
110,6,608.74,181.72,87.874,175.75,5,1,0,0,0,0,0,0,0,0,0,0,0,0,0,0,0,0,0,0
111,1,402.33,146.38,133.1,266.19,4,1,1,2,-1.5611,0.80954,0.28699,0.57399,4,1,468.88,412.57,133.1,266.19,468.88,92.422,468.88,412.57,412.57,600.8
111,2,349.66,175.73,124.96,249.92,4,1,1,2,-4.3676,0.98441,0.34366,0.68731,4,1,412.14,425.65,124.96,249.92,412.14,58.701,412.14,425.65,425.65,602.37
111,4,264.25,179.63,110.34,220.68,4,1,1,0,-2.5217,0.83473,0.26363,0.52727,4,1,319.42,400.31,110.34,220.68,319.42,7.3261,319.42,400.31,400.31,556.36
111,6,606.1,181.65,87.803,175.61,6,1,2,0,-2.1218,0.23956,-0.032266,-0.064533,5,1,650,357.26,87.803,175.61,650,474.39,474.39,357.26,269.46,445.06
112,1,401.64,146.42,133.47,266.94,4,1,0,0,0,0,0,0,0,0,0,0,0,0,0,0,0,0,0,0
112,2,346.07,175.86,125.35,250.69,4,1,0,0,0,0,0,0,0,0,0,0,0,0,0,0,0,0,0,0
112,4,262.71,179.76,110.58,221.16,4,1,0,0,0,0,0,0,0,0,0,0,0,0,0,0,0,0,0,0
112,6,605.73,181.79,87.906,175.81,6,1,0,0,0,0,0,0,0,0,0,0,0,0,0,0,0,0,0,0
113,1,399.94,146.92,133.78,267.56,4,1,0,0,0,0,0,0,0,0,0,0,0,0,0,0,0,0,0,0
113,2,341.49,176.42,125.7,251.39,4,1,0,0,0,0,0,0,0,0,0,0,0,0,0,0,0,0,0,0
113,4,260.2,180.33,110.83,221.66,4,1,0,0,0,0,0,0,0,0,0,0,0,0,0,0,0,0,0,0
113,6,604.14,182.36,87.907,175.81,6,1,0,0,0,0,0,0,0,0,0,0,0,0,0,0,0,0,0,0
114,1,397.34,147.47,134.05,268.11,4,1,0,0,0,0,0,0,0,0,0,0,0,0,0,0,0,0,0,0
114,2,336.02,177.03,126.04,252.07,4,1,0,0,0,0,0,0,0,0,0,0,0,0,0,0,0,0,0,0
114,4,256.81,180.95,111.09,222.19,4,1,0,0,0,0,0,0,0,0,0,0,0,0,0,0,0,0,0,0
114,6,601.54,182.97,87.832,175.66,6,1,0,0,0,0,0,0,0,0,0,0,0,0,0,0,0,0,0,0
115,1,393.58,146.57,134.27,268.54,4,1,0,0,0,0,0,0,0,0,0,0,0,0,0,0,0,0,0,0
115,2,329.41,176.17,126.36,252.73,4,1,0,0,0,0,0,0,0,0,0,0,0,0,0,0,0,0,0,0
115,4,252.26,180.11,111.39,222.77,4,1,0,0,0,0,0,0,0,0,0,0,0,0,0,0,0,0,0,0
115,6,597.57,182.12,87.652,175.3,6,1,0,0,0,0,0,0,0,0,0,0,0,0,0,0,0,0,0,0
116,1,390.92,145.37,134.55,269.11,4,1,0,0,0,0,0,0,0,0,0,0,0,0,0,0,0,0,0,0
116,2,323.87,175.04,126.72,253.43,4,1,0,0,0,0,0,0,0,0,0,0,0,0,0,0,0,0,0,0
116,4,248.84,178.98,111.66,223.31,4,1,0,0,0,0,0,0,0,0,0,0,0,0,0,0,0,0,0,0
116,6,595.06,180.99,87.585,175.17,6,1,0,0,0,0,0,0,0,0,0,0,0,0,0,0,0,0,0,0
117,1,389.34,145.61,134.9,269.8,4,1,0,0,0,0,0,0,0,0,0,0,0,0,0,0,0,0,0,0
117,2,319.4,175.35,127.09,254.17,4,1,0,0,0,0,0,0,0,0,0,0,0,0,0,0,0,0,0,0
117,4,246.54,179.31,111.9,223.8,4,1,0,0,0,0,0,0,0,0,0,0,0,0,0,0,0,0,0,0
117,6,594,181.32,87.629,175.26,6,1,0,0,0,0,0,0,0,0,0,0,0,0,0,0,0,0,0,0
118,1,388.93,144.9,135.3,270.59,4,1,0,0,0,0,0,0,0,0,0,0,0,0,0,0,0,0,0,0
118,2,316.09,174.73,127.46,254.91,4,1,0,0,0,0,0,0,0,0,0,0,0,0,0,0,0,0,0,0
118,4,245.46,178.7,112.1,224.2,4,1,0,0,0,0,0,0,0,0,0,0,0,0,0,0,0,0,0,0
118,6,594.44,180.71,87.783,175.57,6,1,0,0,0,0,0,0,0,0,0,0,0,0,0,0,0,0,0,0
119,1,387.67,144.31,135.65,271.31,4,1,0,0,0,0,0,0,0,0,0,0,0,0,0,0,0,0,0,0
119,2,311.94,174.21,127.82,255.63,4,1,0,0,0,0,0,0,0,0,0,0,0,0,0,0,0,0,0,0
119,4,243.53,178.19,112.32,224.64,4,1,0,0,0,0,0,0,0,0,0,0,0,0,0,0,0,0,0,0
119,6,593.91,180.2,87.862,175.72,6,1,0,0,0,0,0,0,0,0,0,0,0,0,0,0,0,0,0,0
120,1,386.08,144.01,136,272,4,1,0,0,0,0,0,0,0,0,0,0,0,0,0,0,0,0,0,0
120,2,307.48,173.99,128.17,256.34,4,1,0,0,0,0,0,0,0,0,0,0,0,0,0,0,0,0,0,0
120,4,241.31,177.98,112.55,225.09,4,1,0,0,0,0,0,0,0,0,0,0,0,0,0,0,0,0,0,0
120,6,593.05,179.99,87.916,175.83,6,1,0,0,0,0,0,0,0,0,0,0,0,0,0,0,0,0,0,0
121,1,383.35,142.71,136.3,272.59,4,1,1,2,-1.8144,0.18444,0.31742,0.63484,4,1,451.49,415.31,136.3,272.59,451.49,65.987,451.49,415.31,415.31,608.06
121,2,301.88,172.76,128.52,257.04,4,1,1,2,-4.675,0.32644,0.35408,0.70817,4,1,366.14,429.8,128.52,257.04,366.14,2.6292,366.14,429.8,429.8,611.56
121,3,332.58,171.74,114.55,229.09,4,1,1,0,0,0,0,0,0,0,0,0,0,0,0,0,0,0,0,0
121,4,237.94,176.76,112.8,225.61,4,1,1,0,-2.5694,0.12005,0.24566,0.49132,4,1,294.34,402.36,112.8,225.61,294.34,-24.715,294.34,402.36,402.36,561.89
121,6,590.85,178.76,87.871,175.74,6,1,2,0,-1.5757,-0.36927,0.002024,0.004048,6,1,634.79,354.51,87.871,175.74,634.79,634.79,386.25,354.51,230.24,354.51
122,1,380.94,141.35,136.61,273.23,4,1,0,0,0,0,0,0,0,0,0,0,0,0,0,0,0,0,0,0
122,2,296.62,171.46,128.88,257.75,4,1,0,0,0,0,0,0,0,0,0,0,0,0,0,0,0,0,0,0
122,3,329.93,170.44,114.85,229.7,4,1,0,0,0,0,0,0,0,0,0,0,0,0,0,0,0,0,0,0
122,4,234.93,175.47,113.05,226.1,4,1,0,0,0,0,0,0,0,0,0,0,0,0,0,0,0,0,0,0
122,6,589.15,177.48,87.863,175.73,6,1,0,0,0,0,0,0,0,0,0,0,0,0,0,0,0,0,0,0
123,1,379.33,140.69,136.97,273.93,4,1,0,0,0,0,0,0,0,0,0,0,0,0,0,0,0,0,0,0
123,2,292.16,170.88,129.22,258.45,4,1,0,0,0,0,0,0,0,0,0,0,0,0,0,0,0,0,0,0
123,3,328.07,169.86,115.15,230.31,4,1,0,0,0,0,0,0,0,0,0,0,0,0,0,0,0,0,0,0
123,4,232.76,174.9,113.27,226.53,4,1,0,0,0,0,0,0,0,0,0,0,0,0,0,0,0,0,0,0
123,6,588.48,176.91,87.93,175.86,6,1,0,0,0,0,0,0,0,0,0,0,0,0,0,0,0,0,0,0
124,1,375.99,138.69,137.24,274.47,4,1,0,0,0,0,0,0,0,0,0,0,0,0,0,0,0,0,0,0
124,2,285.99,168.94,129.57,259.15,4,1,0,0,0,0,0,0,0,0,0,0,0,0,0,0,0,0,0,0
124,3,324.51,167.91,115.44,230.88,4,1,0,0,0,0,0,0,0,0,0,0,0,0,0,0,0,0,0,0
124,4,228.85,172.97,113.53,227.06,4,1,0,0,0,0,0,0,0,0,0,0,0,0,0,0,0,0,0,0
124,6,585.76,174.97,87.84,175.68,6,1,0,0,0,0,0,0,0,0,0,0,0,0,0,0,0,0,0,0
125,1,372.25,138.61,137.49,274.98,4,1,0,0,0,0,0,0,0,0,0,0,0,0,0,0,0,0,0,0
125,2,279.42,168.91,129.92,259.85,4,1,0,0,0,0,0,0,0,0,0,0,0,0,0,0,0,0,0,0
125,3,320.56,167.89,115.72,231.44,4,1,0,0,0,0,0,0,0,0,0,0,0,0,0,0,0,0,0,0
125,4,224.54,172.95,113.81,227.61,4,1,0,0,0,0,0,0,0,0,0,0,0,0,0,0,0,0,0,0
125,6,582.61,174.95,87.717,175.43,6,1,0,0,0,0,0,0,0,0,0,0,0,0,0,0,0,0,0,0
126,1,368.94,138.6,137.77,275.54,4,1,0,0,0,0,0,0,0,0,0,0,0,0,0,0,0,0,0,0
126,2,273.29,168.96,130.28,260.55,4,1,0,0,0,0,0,0,0,0,0,0,0,0,0,0,0,0,0,0
126,3,317.03,167.93,116,232.01,4,1,0,0,0,0,0,0,0,0,0,0,0,0,0,0,0,0,0,0
126,4,220.69,173.01,114.06,228.13,4,1,0,0,0,0,0,0,0,0,0,0,0,0,0,0,0,0,0,0
126,6,580.08,175,87.639,175.28,6,1,0,0,0,0,0,0,0,0,0,0,0,0,0,0,0,0,0,0
127,1,366.37,138.75,138.09,276.19,4,1,0,0,0,0,0,0,0,0,0,0,0,0,0,0,0,0,0,0
127,2,267.91,169.18,130.63,261.26,4,1,0,0,0,0,0,0,0,0,0,0,0,0,0,0,0,0,0,0
127,3,314.26,168.15,116.31,232.61,4,1,0,0,0,0,0,0,0,0,0,0,0,0,0,0,0,0,0,0
127,4,217.64,173.24,114.3,228.61,4,1,0,0,0,0,0,0,0,0,0,0,0,0,0,0,0,0,0,0
127,6,578.55,175.23,87.642,175.28,6,1,0,0,0,0,0,0,0,0,0,0,0,0,0,0,0,0,0,0
128,1,364.55,138.18,138.44,276.87,4,1,0,0,0,0,0,0,0,0,0,0,0,0,0,0,0,0,0,0
128,2,263.3,168.68,130.96,261.92,4,1,0,0,0,0,0,0,0,0,0,0,0,0,0,0,0,0,0,0
128,3,312.24,167.65,116.6,233.2,4,1,0,0,0,0,0,0,0,0,0,0,0,0,0,0,0,0,0,0
128,4,215.4,172.75,114.5,229,4,1,0,0,0,0,0,0,0,0,0,0,0,0,0,0,0,0,0,0
128,6,577.98,174.74,87.709,175.42,6,1,0,0,0,0,0,0,0,0,0,0,0,0,0,0,0,0,0,0
129,1,361.02,136.91,138.72,277.44,4,1,0,0,0,0,0,0,0,0,0,0,0,0,0,0,0,0,0,0
129,2,256.99,167.48,131.32,262.64,4,1,0,0,0,0,0,0,0,0,0,0,0,0,0,0,0,0,0,0
129,3,308.53,166.44,116.89,233.78,4,1,0,0,0,0,0,0,0,0,0,0,0,0,0,0,0,0,0,0
129,4,211.4,171.56,114.76,229.53,4,1,0,0,0,0,0,0,0,0,0,0,0,0,0,0,0,0,0,0
129,6,575.41,173.55,87.631,175.26,6,1,0,0,0,0,0,0,0,0,0,0,0,0,0,0,0,0,0,0
130,1,357.03,136.96,138.99,277.98,4,1,0,0,0,0,0,0,0,0,0,0,0,0,0,0,0,0,0,0
130,2,250.2,167.58,131.7,263.4,4,1,0,0,0,0,0,0,0,0,0,0,0,0,0,0,0,0,0,0
130,3,304.35,166.54,117.19,234.37,4,1,0,0,0,0,0,0,0,0,0,0,0,0,0,0,0,0,0,0
130,4,206.92,171.67,115.05,230.1,4,1,0,0,0,0,0,0,0,0,0,0,0,0,0,0,0,0,0,0
130,6,572.36,173.65,87.519,175.04,6,1,0,0,0,0,0,0,0,0,0,0,0,0,0,0,0,0,0,0
131,1,354.18,135.65,139.31,278.61,4,1,1,2,-2.8664,0.06364,0.29694,0.59388,4,1,423.83,414.26,139.31,278.61,423.83,29.811,423.83,414.26,414.26,611.27
131,2,244.59,166.34,132.05,264.1,4,1,1,2,-5.6468,0.23752,0.352,0.70399,4,1,310.61,430.44,132.05,264.1,310.61,-62.879,310.61,430.44,430.44,617.18
131,3,301.32,165.3,117.48,234.96,4,1,1,0,-3.073,0.1147,0.29159,0.58319,4,1,360.06,400.26,117.48,234.96,360.06,27.777,360.06,400.26,400.26,566.41
131,4,203.67,170.44,115.28,230.57,4,1,1,0,-3.391,0.041864,0.24895,0.49791,4,1,261.31,401.01,115.28,230.57,261.31,-64.766,261.31,401.01,401.01,564.05
131,6,570.76,172.42,87.512,175.02,6,1,2,0,-2.1157,-0.54578,-0.043063,-0.086126,6,1,614.51,347.44,87.512,175.02,614.51,614.51,366.99,347.44,223.68,347.44
131,7,616.43,193.18,73.593,147.19,5,1,2,0,0,0,0,0,0,0,0,0,0,0,0,0,0,0,0,0
132,1,351.75,135.84,139.64,279.28,4,1,0,0,0,0,0,0,0,0,0,0,0,0,0,0,0,0,0,0
132,2,239.43,166.61,132.39,264.77,4,1,0,0,0,0,0,0,0,0,0,0,0,0,0,0,0,0,0,0
132,3,298.72,165.57,117.78,235.55,4,1,0,0,0,0,0,0,0,0,0,0,0,0,0,0,0,0,0,0
132,4,200.89,170.72,115.5,230.99,4,1,0,0,0,0,0,0,0,0,0,0,0,0,0,0,0,0,0,0
132,6,569.74,172.7,87.547,175.09,6,1,0,0,0,0,0,0,0,0,0,0,0,0,0,0,0,0,0,0
132,7,616.06,193.47,73.625,147.25,5,1,0,0,0,0,0,0,0,0,0,0,0,0,0,0,0,0,0,0
133,1,349.02,136.73,139.96,279.92,4,1,0,0,0,0,0,0,0,0,0,0,0,0,0,0,0,0,0,0
133,2,233.99,167.56,132.72,265.45,4,1,0,0,0,0,0,0,0,0,0,0,0,0,0,0,0,0,0,0
133,3,295.84,166.52,118.07,236.14,4,1,0,0,0,0,0,0,0,0,0,0,0,0,0,0,0,0,0,0
133,4,197.83,171.68,115.71,231.43,4,1,0,0,0,0,0,0,0,0,0,0,0,0,0,0,0,0,0,0
133,6,568.43,173.66,87.558,175.12,6,1,0,0,0,0,0,0,0,0,0,0,0,0,0,0,0,0,0,0
133,7,615.36,194.43,73.634,147.27,5,1,0,0,0,0,0,0,0,0,0,0,0,0,0,0,0,0,0,0
134,1,345.6,136.47,140.25,280.51,4,1,0,0,0,0,0,0,0,0,0,0,0,0,0,0,0,0,0,0
134,2,227.85,167.37,133.08,266.16,4,1,0,0,0,0,0,0,0,0,0,0,0,0,0,0,0,0,0,0
134,3,292.26,166.32,118.36,236.72,4,1,0,0,0,0,0,0,0,0,0,0,0,0,0,0,0,0,0,0
134,4,194.05,171.5,115.96,231.92,4,1,0,0,0,0,0,0,0,0,0,0,0,0,0,0,0,0,0,0
134,6,566.33,173.47,87.511,175.02,6,1,0,0,0,0,0,0,0,0,0,0,0,0,0,0,0,0,0,0
134,7,613.83,194.23,73.587,147.17,5,1,0,0,0,0,0,0,0,0,0,0,0,0,0,0,0,0,0,0
135,1,342.34,137.27,140.56,281.12,4,1,0,0,0,0,0,0,0,0,0,0,0,0,0,0,0,0,0,0
135,2,221.89,168.24,133.43,266.87,4,1,0,0,0,0,0,0,0,0,0,0,0,0,0,0,0,0,0,0
135,3,288.85,167.19,118.65,237.31,4,1,0,0,0,0,0,0,0,0,0,0,0,0,0,0,0,0,0,0
135,4,190.48,172.38,116.2,232.39,4,1,0,0,0,0,0,0,0,0,0,0,0,0,0,0,0,0,0,0
135,6,564.52,174.35,87.485,174.97,6,1,0,0,0,0,0,0,0,0,0,0,0,0,0,0,0,0,0,0
135,7,612.59,195.1,73.561,147.12,5,1,0,0,0,0,0,0,0,0,0,0,0,0,0,0,0,0,0,0
136,1,339.3,138.24,140.87,281.75,4,1,0,0,0,0,0,0,0,0,0,0,0,0,0,0,0,0,0,0
136,2,216.18,169.27,133.78,267.55,4,1,0,0,0,0,0,0,0,0,0,0,0,0,0,0,0,0,0,0
136,3,285.67,168.22,118.95,237.89,4,1,0,0,0,0,0,0,0,0,0,0,0,0,0,0,0,0,0,0
136,4,187.16,173.43,116.42,232.83,4,1,0,0,0,0,0,0,0,0,0,0,0,0,0,0,0,0,0,0
136,6,563.03,175.39,87.482,174.96,6,1,0,0,0,0,0,0,0,0,0,0,0,0,0,0,0,0,0,0
136,7,611.7,196.14,73.556,147.11,5,1,0,0,0,0,0,0,0,0,0,0,0,0,0,0,0,0,0,0
137,1,337.14,140.03,141.21,282.41,4,1,0,0,0,0,0,0,0,0,0,0,0,0,0,0,0,0,0,0
137,2,211.43,171.13,134.07,268.14,4,1,0,0,0,0,0,0,0,0,0,0,0,0,0,0,0,0,0,0
137,3,283.4,170.08,119.22,238.45,4,1,0,0,0,0,0,0,0,0,0,0,0,0,0,0,0,0,0,0
137,4,184.83,175.29,116.58,233.17,4,1,0,0,0,0,0,0,0,0,0,0,0,0,0,0,0,0,0,0
137,6,562.67,177.26,87.555,175.11,6,1,0,0,0,0,0,0,0,0,0,0,0,0,0,0,0,0,0,0
137,7,612.01,198.03,73.628,147.26,5,1,0,0,0,0,0,0,0,0,0,0,0,0,0,0,0,0,0,0
138,1,333.06,140.5,141.49,282.98,4,1,0,0,0,0,0,0,0,0,0,0,0,0,0,0,0,0,0,0
138,2,204.68,171.66,134.45,268.9,4,1,0,0,0,0,0,0,0,0,0,0,0,0,0,0,0,0,0,0
138,3,279.19,170.61,119.52,239.04,4,1,0,0,0,0,0,0,0,0,0,0,0,0,0,0,0,0,0,0
138,4,180.45,175.84,116.85,233.7,4,1,0,0,0,0,0,0,0,0,0,0,0,0,0,0,0,0,0,0
138,6,560.07,177.8,87.472,174.94,6,1,0,0,0,0,0,0,0,0,0,0,0,0,0,0,0,0,0,0
138,7,609.93,198.55,73.545,147.09,5,1,0,0,0,0,0,0,0,0,0,0,0,0,0,0,0,0,0,0
139,1,329.23,139.54,141.8,283.59,4,1,0,0,0,0,0,0,0,0,0,0,0,0,0,0,0,0,0,0
139,2,198.2,170.77,134.83,269.65,4,1,0,0,0,0,0,0,0,0,0,0,0,0,0,0,0,0,0,0
139,3,275.24,169.72,119.83,239.65,4,1,0,0,0,0,0,0,0,0,0,0,0,0,0,0,0,0,0,0
139,4,176.35,174.96,117.11,234.23,4,1,0,0,0,0,0,0,0,0,0,0,0,0,0,0,0,0,0,0
139,6,557.87,176.91,87.421,174.84,6,1,0,0,0,0,0,0,0,0,0,0,0,0,0,0,0,0,0,0
139,7,608.25,197.65,73.494,146.99,5,1,0,0,0,0,0,0,0,0,0,0,0,0,0,0,0,0,0,0
140,1,324.78,139.69,142.09,284.17,4,1,0,0,0,0,0,0,0,0,0,0,0,0,0,0,0,0,0,0
140,2,191.07,170.98,135.23,270.47,4,1,0,0,0,0,0,0,0,0,0,0,0,0,0,0,0,0,0,0
140,3,270.67,169.93,120.14,240.28,4,1,0,0,0,0,0,0,0,0,0,0,0,0,0,0,0,0,0,0
140,4,171.59,175.18,117.41,234.81,4,1,0,0,0,0,0,0,0,0,0,0,0,0,0,0,0,0,0,0
140,6,554.98,177.13,87.321,174.64,6,1,0,0,0,0,0,0,0,0,0,0,0,0,0,0,0,0,0,0
140,7,605.85,197.84,73.393,146.79,5,1,0,0,0,0,0,0,0,0,0,0,0,0,0,0,0,0,0,0
141,1,321.02,139.91,142.39,284.78,4,1,1,2,-3.2297,1.1219,0.30586,0.61172,4,1,392.21,424.69,142.39,284.78,392.21,-10.522,392.21,424.69,424.69,626.05
141,2,184.71,171.27,135.6,271.19,4,1,1,2,-5.868,1.2854,0.35465,0.70929,4,1,252.51,442.46,135.6,271.19,252.51,-131.02,252.51,442.46,442.46,634.23
141,3,266.81,170.21,120.44,240.87,4,1,1,0,-3.3659,1.1637,0.29484,0.58968,4,1,327.03,411.08,120.44,240.87,327.03,-13.612,327.03,411.08,411.08,581.4
141,6,552.99,177.42,87.279,174.56,6,1,2,0,-1.8369,0.52925,-0.027128,-0.054255,6,1,596.63,351.98,87.279,174.56,596.63,596.63,349.77,351.98,228.55,351.98
141,7,604.4,198.11,73.351,146.7,6,1,2,0,-1.2693,0.51972,-0.027863,-0.055726,5,1,641.07,344.82,73.351,146.7,641.07,494.37,494.37,344.82,271.47,418.17
142,1,317.04,141.49,142.68,285.37,4,1,0,0,0,0,0,0,0,0,0,0,0,0,0,0,0,0,0,0
142,2,178.14,172.91,135.97,271.94,4,1,0,0,0,0,0,0,0,0,0,0,0,0,0,0,0,0,0,0
142,3,262.75,171.85,120.73,241.47,4,1,0,0,0,0,0,0,0,0,0,0,0,0,0,0,0,0,0,0
142,6,550.8,179.07,87.222,174.44,6,1,0,0,0,0,0,0,0,0,0,0,0,0,0,0,0,0,0,0
142,7,602.73,199.75,73.294,146.59,6,1,0,0,0,0,0,0,0,0,0,0,0,0,0,0,0,0,0,0
143,1,313.59,141.4,142.99,285.98,4,1,0,0,0,0,0,0,0,0,0,0,0,0,0,0,0,0,0,0
143,2,172.16,172.89,136.31,272.62,4,1,0,0,0,0,0,0,0,0,0,0,0,0,0,0,0,0,0,0
143,3,259.23,171.83,121.02,242.05,4,1,0,0,0,0,0,0,0,0,0,0,0,0,0,0,0,0,0,0
143,6,549.31,179.06,87.211,174.42,6,1,0,0,0,0,0,0,0,0,0,0,0,0,0,0,0,0,0,0
143,7,601.8,199.73,73.283,146.57,6,1,0,0,0,0,0,0,0,0,0,0,0,0,0,0,0,0,0,0
144,1,311.35,141.77,143.32,286.63,4,1,0,0,0,0,0,0,0,0,0,0,0,0,0,0,0,0,0,0
144,2,167.52,173.33,136.57,273.13,4,1,0,0,0,0,0,0,0,0,0,0,0,0,0,0,0,0,0,0
144,3,256.95,172.26,121.29,242.59,4,1,0,0,0,0,0,0,0,0,0,0,0,0,0,0,0,0,0,0
144,6,549.31,179.51,87.306,174.61,6,1,0,0,0,0,0,0,0,0,0,0,0,0,0,0,0,0,0,0
144,7,602.5,200.21,73.378,146.76,6,1,0,0,0,0,0,0,0,0,0,0,0,0,0,0,0,0,0,0
145,1,308.65,143.09,143.62,287.24,4,1,0,0,0,0,0,0,0,0,0,0,0,0,0,0,0,0,0,0
145,2,162.45,174.72,136.83,273.67,4,1,0,0,0,0,0,0,0,0,0,0,0,0,0,0,0,0,0,0
145,3,254.23,173.65,121.56,243.12,4,1,0,0,0,0,0,0,0,0,0,0,0,0,0,0,0,0,0,0
145,6,548.83,180.9,87.36,174.72,6,1,0,0,0,0,0,0,0,0,0,0,0,0,0,0,0,0,0,0
145,7,602.67,201.62,73.435,146.87,6,1,0,0,0,0,0,0,0,0,0,0,0,0,0,0,0,0,0,0
146,1,303.65,142.93,143.9,287.8,4,1,0,0,0,0,0,0,0,0,0,0,0,0,0,0,0,0,0,0
146,2,154.85,174.62,137.26,274.51,4,1,0,0,0,0,0,0,0,0,0,0,0,0,0,0,0,0,0,0
146,3,249.16,173.55,121.87,243.74,4,1,0,0,0,0,0,0,0,0,0,0,0,0,0,0,0,0,0,0
146,6,545.69,180.81,87.231,174.46,6,1,0,0,0,0,0,0,0,0,0,0,0,0,0,0,0,0,0,0
146,7,599.96,201.49,73.307,146.61,6,1,0,0,0,0,0,0,0,0,0,0,0,0,0,0,0,0,0,0
147,1,300,143.41,144.2,288.41,4,1,0,0,0,0,0,0,0,0,0,0,0,0,0,0,0,0,0,0
147,2,148.77,175.16,137.59,275.18,4,1,0,0,0,0,0,0,0,0,0,0,0,0,0,0,0,0,0,0
147,3,245.48,174.08,122.16,244.32,4,1,0,0,0,0,0,0,0,0,0,0,0,0,0,0,0,0,0,0
147,6,544.24,181.36,87.221,174.44,6,1,0,0,0,0,0,0,0,0,0,0,0,0,0,0,0,0,0,0
147,7,599.08,202.03,73.299,146.6,6,1,0,0,0,0,0,0,0,0,0,0,0,0,0,0,0,0,0,0
148,1,294.22,143.25,144.5,288.99,4,1,0,0,0,0,0,0,0,0,0,0,0,0,0,0,0,0,0,0
148,2,140.32,175.06,138.09,276.18,4,1,0,0,0,0,0,0,0,0,0,0,0,0,0,0,0,0,0,0
148,3,239.63,173.99,122.51,245.02,4,1,0,0,0,0,0,0,0,0,0,0,0,0,0,0,0,0,0,0
148,6,540.38,181.27,87.05,174.1,6,1,0,0,0,0,0,0,0,0,0,0,0,0,0,0,0,0,0,0
148,7,595.59,201.9,73.126,146.25,6,1,0,0,0,0,0,0,0,0,0,0,0,0,0,0,0,0,0,0
149,1,288.25,142.77,144.79,289.59,4,1,0,0,0,0,0,0,0,0,0,0,0,0,0,0,0,0,0,0
149,2,131.63,174.64,138.61,277.22,4,1,0,0,0,0,0,0,0,0,0,0,0,0,0,0,0,0,0,0
149,3,233.57,173.56,122.87,245.73,4,1,0,0,0,0,0,0,0,0,0,0,0,0,0,0,0,0,0,0
149,6,536.36,180.85,86.867,173.73,6,1,0,0,0,0,0,0,0,0,0,0,0,0,0,0,0,0,0,0
149,7,591.93,201.42,72.942,145.88,6,1,0,0,0,0,0,0,0,0,0,0,0,0,0,0,0,0,0,0
150,1,284.36,143.67,145.1,290.2,4,1,0,0,0,0,0,0,0,0,0,0,0,0,0,0,0,0,0,0
150,2,125.33,175.61,138.96,277.92,4,1,0,0,0,0,0,0,0,0,0,0,0,0,0,0,0,0,0,0
150,3,229.67,174.53,123.16,246.33,4,1,0,0,0,0,0,0,0,0,0,0,0,0,0,0,0,0,0,0
150,6,534.85,181.83,86.851,173.7,6,1,0,0,0,0,0,0,0,0,0,0,0,0,0,0,0,0,0,0
150,7,590.97,202.4,72.927,145.85,6,1,0,0,0,0,0,0,0,0,0,0,0,0,0,0,0,0,0,0
151,1,281.58,143.03,145.4,290.8,4,1,1,2,-4.009,0.81688,0.30036,0.60071,4,1,354.28,433.83,145.4,290.8,354.28,-56.976,354.28,433.83,433.83,639.46
151,2,120.36,175.03,139.2,278.4,4,1,1,2,-6.4776,1.0314,0.37559,0.75118,4,1,189.96,453.43,139.2,278.4,189.96,-203.76,189.96,453.43,453.43,650.29
151,3,226.94,173.95,123.42,246.84,4,1,1,0,-4.051,0.88637,0.30403,0.60806,4,1,288.65,420.79,123.42,246.84,288.65,-60.434,288.65,420.79,420.79,595.34
151,6,534.66,181.26,86.917,173.83,6,1,2,0,-2.074,0.18557,-0.050881,-0.10176,6,1,578.12,355.09,86.917,173.83,578.12,578.12,332.28,355.09,232.17,355.09
151,7,591.45,201.85,72.999,146,6,1,2,0,-1.5542,0.17266,-0.050118,-0.10024,6,1,627.95,347.85,72.999,146,627.95,627.95,421.48,347.85,244.61,347.85
152,1,280.19,142.75,145.68,291.37,4,1,0,0,0,0,0,0,0,0,0,0,0,0,0,0,0,0,0,0
152,2,117.06,174.82,139.29,278.57,4,1,0,0,0,0,0,0,0,0,0,0,0,0,0,0,0,0,0,0
152,3,225.67,173.74,123.62,247.23,4,1,0,0,0,0,0,0,0,0,0,0,0,0,0,0,0,0,0,0
152,6,536.13,181.06,87.087,174.17,6,1,0,0,0,0,0,0,0,0,0,0,0,0,0,0,0,0,0,0
152,7,593.72,201.7,73.179,146.36,6,1,0,0,0,0,0,0,0,0,0,0,0,0,0,0,0,0,0,0
153,1,277.73,141.69,145.97,291.94,4,1,0,0,0,0,0,0,0,0,0,0,0,0,0,0,0,0,0,0
153,2,112.56,173.83,139.47,278.93,4,1,0,0,0,0,0,0,0,0,0,0,0,0,0,0,0,0,0,0
153,3,223.3,172.74,123.85,247.7,4,1,0,0,0,0,0,0,0,0,0,0,0,0,0,0,0,0,0,0
153,6,536.44,180.07,87.183,174.37,6,1,0,0,0,0,0,0,0,0,0,0,0,0,0,0,0,0,0,0
153,7,594.73,200.74,73.284,146.57,6,1,0,0,0,0,0,0,0,0,0,0,0,0,0,0,0,0,0,0
154,1,274.23,140.6,146.25,292.49,4,1,0,0,0,0,0,0,0,0,0,0,0,0,0,0,0,0,0,0
154,2,106.9,172.8,139.72,279.45,4,1,0,0,0,0,0,0,0,0,0,0,0,0,0,0,0,0,0,0
154,3,219.86,171.71,124.11,248.22,4,1,0,0,0,0,0,0,0,0,0,0,0,0,0,0,0,0,0,0
154,6,535.58,179.05,87.196,174.39,6,1,0,0,0,0,0,0,0,0,0,0,0,0,0,0,0,0,0,0
154,7,594.49,199.73,73.305,146.61,6,1,0,0,0,0,0,0,0,0,0,0,0,0,0,0,0,0,0,0
155,1,269.55,138.7,146.54,293.07,4,1,0,0,0,0,0,0,0,0,0,0,0,0,0,0,0,0,0,0
155,2,99.878,170.96,140.1,280.2,4,1,0,0,0,0,0,0,0,0,0,0,0,0,0,0,0,0,0,0
155,3,215.22,169.87,124.42,248.83,4,1,0,0,0,0,0,0,0,0,0,0,0,0,0,0,0,0,0,0
155,6,533.47,177.22,87.129,174.26,6,1,0,0,0,0,0,0,0,0,0,0,0,0,0,0,0,0,0,0
155,7,592.87,197.88,73.242,146.48,6,1,0,0,0,0,0,0,0,0,0,0,0,0,0,0,0,0,0,0
156,1,265.71,137.74,146.83,293.66,4,1,0,0,0,0,0,0,0,0,0,0,0,0,0,0,0,0,0,0
156,2,93.863,170.06,140.4,280.8,4,1,0,0,0,0,0,0,0,0,0,0,0,0,0,0,0,0,0,0
156,3,211.44,168.96,124.7,249.4,4,1,0,0,0,0,0,0,0,0,0,0,0,0,0,0,0,0,0,0
156,6,532.39,176.32,87.133,174.27,6,1,0,0,0,0,0,0,0,0,0,0,0,0,0,0,0,0,0,0
156,7,592.39,196.99,73.253,146.51,6,1,0,0,0,0,0,0,0,0,0,0,0,0,0,0,0,0,0,0
157,1,261.7,136.94,147.11,294.22,4,1,0,0,0,0,0,0,0,0,0,0,0,0,0,0,0,0,0,0
157,2,87.701,169.33,140.69,281.38,4,1,0,0,0,0,0,0,0,0,0,0,0,0,0,0,0,0,0,0
157,3,207.51,168.23,124.97,249.95,4,1,0,0,0,0,0,0,0,0,0,0,0,0,0,0,0,0,0,0
157,6,531.15,175.6,87.119,174.24,6,1,0,0,0,0,0,0,0,0,0,0,0,0,0,0,0,0,0,0
157,7,591.74,196.26,73.248,146.5,6,1,0,0,0,0,0,0,0,0,0,0,0,0,0,0,0,0,0,0
158,1,257.62,135.78,147.38,294.76,4,1,0,0,0,0,0,0,0,0,0,0,0,0,0,0,0,0,0,0
158,2,81.485,168.22,140.98,281.97,4,1,0,0,0,0,0,0,0,0,0,0,0,0,0,0,0,0,0,0
158,3,203.52,167.12,125.25,250.49,4,1,0,0,0,0,0,0,0,0,0,0,0,0,0,0,0,0,0,0
158,6,529.89,174.49,87.099,174.2,6,1,0,0,0,0,0,0,0,0,0,0,0,0,0,0,0,0,0,0
158,7,591.05,195.16,73.237,146.47,6,1,0,0,0,0,0,0,0,0,0,0,0,0,0,0,0,0,0,0
159,1,252.64,133.55,147.67,295.34,4,1,0,0,0,0,0,0,0,0,0,0,0,0,0,0,0,0,0,0
159,2,74.199,166.05,141.38,282.75,4,1,0,0,0,0,0,0,0,0,0,0,0,0,0,0,0,0,0,0
159,3,198.59,164.95,125.56,251.12,4,1,0,0,0,0,0,0,0,0,0,0,0,0,0,0,0,0,0,0
159,6,527.68,172.33,87.019,174.04,6,1,0,0,0,0,0,0,0,0,0,0,0,0,0,0,0,0,0,0
159,7,589.34,192.97,73.163,146.33,6,1,0,0,0,0,0,0,0,0,0,0,0,0,0,0,0,0,0,0
160,1,245.5,133.49,148.01,296.02,4,1,0,0,0,0,0,0,0,0,0,0,0,0,0,0,0,0,0,0
160,2,64.262,166.06,142.03,284.06,4,1,0,0,0,0,0,0,0,0,0,0,0,0,0,0,0,0,0,0
160,3,191.4,164.96,125.99,251.97,4,1,0,0,0,0,0,0,0,0,0,0,0,0,0,0,0,0,0,0
160,6,523.13,172.35,86.79,173.58,6,1,0,0,0,0,0,0,0,0,0,0,0,0,0,0,0,0,0,0
160,7,585.09,192.93,72.931,145.86,6,1,0,0,0,0,0,0,0,0,0,0,0,0,0,0,0,0,0,0
161,1,239.97,133.41,148.32,296.64,4,1,1,2,-4.3116,-0.54836,0.29058,0.58117,4,1,314.13,430.04,148.32,296.64,314.13,-105.37,314.13,430.04,430.04,639.8
161,2,56.31,166.04,142.49,284.98,4,1,1,2,-6.5494,-0.36427,0.35152,0.70304,4,1,127.56,451.02,142.49,284.98,127.56,-275.47,127.56,451.02,451.02,652.54
161,3,185.91,164.93,126.33,252.66,4,1,1,0,-4.2539,-0.47101,0.29929,0.59857,4,1,249.07,417.6,126.33,252.66,249.07,-108.25,249.07,417.6,417.6,596.26
161,6,520.46,172.34,86.679,173.36,7,1,2,0,-1.7538,-1.1503,-0.044899,-0.089799,6,1,563.8,345.69,86.679,173.36,563.8,563.8,318.64,345.69,223.11,345.69
161,7,582.88,192.88,72.825,145.65,6,1,2,0,-1.213,-1.1489,-0.038704,-0.077408,6,1,619.29,338.53,72.825,145.65,619.29,619.29,413.31,338.53,235.54,338.53
162,1,236.12,134.37,148.58,297.16,4,1,0,0,0,0,0,0,0,0,0,0,0,0,0,0,0,0,0,0
162,2,50.465,167.06,142.73,285.47,4,1,0,0,0,0,0,0,0,0,0,0,0,0,0,0,0,0,0,0
162,3,182.18,165.96,126.59,253.17,4,1,0,0,0,0,0,0,0,0,0,0,0,0,0,0,0,0,0,0
162,6,519.69,173.37,86.682,173.36,7,1,0,0,0,0,0,0,0,0,0,0,0,0,0,0,0,0,0,0
162,7,582.73,193.92,72.841,145.68,6,1,0,0,0,0,0,0,0,0,0,0,0,0,0,0,0,0,0,0
163,1,230.92,134.24,148.88,297.76,4,1,0,0,0,0,0,0,0,0,0,0,0,0,0,0,0,0,0,0
163,2,42.956,167,143.15,286.3,4,1,0,0,0,0,0,0,0,0,0,0,0,0,0,0,0,0,0,0
163,3,177.04,165.89,126.91,253.83,4,1,0,0,0,0,0,0,0,0,0,0,0,0,0,0,0,0,0,0
163,6,517.51,173.31,86.598,173.2,7,1,0,0,0,0,0,0,0,0,0,0,0,0,0,0,0,0,0,0
163,7,581.06,193.83,72.764,145.53,6,1,0,0,0,0,0,0,0,0,0,0,0,0,0,0,0,0,0,0
164,1,225.01,134.1,149.21,298.42,4,1,0,0,0,0,0,0,0,0,0,0,0,0,0,0,0,0,0,0
164,2,34.529,166.92,143.67,287.34,4,1,0,0,0,0,0,0,0,0,0,0,0,0,0,0,0,0,0,0
164,3,171.15,165.81,127.29,254.59,4,1,0,0,0,0,0,0,0,0,0,0,0,0,0,0,0,0,0,0
164,6,514.63,173.23,86.475,172.95,7,1,0,0,0,0,0,0,0,0,0,0,0,0,0,0,0,0,0,0
164,7,578.64,193.73,72.644,145.29,6,1,0,0,0,0,0,0,0,0,0,0,0,0,0,0,0,0,0,0
165,1,217.83,134.26,149.6,299.2,4,1,0,0,0,0,0,0,0,0,0,0,0,0,0,0,0,0,0,0
165,2,24.454,167.16,144.37,288.75,4,1,0,0,0,0,0,0,0,0,0,0,0,0,0,0,0,0,0,0
165,3,163.91,166.05,127.76,255.52,4,1,0,0,0,0,0,0,0,0,0,0,0,0,0,0,0,0,0,0
165,6,510.47,173.49,86.277,172.55,7,1,0,0,0,0,0,0,0,0,0,0,0,0,0,0,0,0,0,0
165,7,574.82,193.92,72.442,144.88,6,1,0,0,0,0,0,0,0,0,0,0,0,0,0,0,0,0,0,0
166,1,211.98,134.77,149.93,299.87,4,1,0,0,0,0,0,0,0,0,0,0,0,0,0,0,0,0,0,0
166,2,16.085,167.74,144.89,289.78,4,1,0,0,0,0,0,0,0,0,0,0,0,0,0,0,0,0,0,0
166,3,158.08,166.63,128.14,256.28,4,1,0,0,0,0,0,0,0,0,0,0,0,0,0,0,0,0,0,0
166,6,507.8,174.08,86.163,172.33,7,1,0,0,0,0,0,0,0,0,0,0,0,0,0,0,0,0,0,0
166,7,572.62,194.48,72.333,144.67,6,1,0,0,0,0,0,0,0,0,0,0,0,0,0,0,0,0,0,0
167,1,207.54,137.09,150.22,300.43,4,1,0,0,0,0,0,0,0,0,0,0,0,0,0,0,0,0,0,0
167,2,9.5722,170.12,145.2,290.4,4,1,0,0,0,0,0,0,0,0,0,0,0,0,0,0,0,0,0,0
167,3,153.75,169,128.43,256.86,4,1,0,0,0,0,0,0,0,0,0,0,0,0,0,0,0,0,0,0
167,6,506.71,176.46,86.142,172.28,7,1,0,0,0,0,0,0,0,0,0,0,0,0,0,0,0,0,0,0
167,7,572.15,196.86,72.326,144.65,6,1,0,0,0,0,0,0,0,0,0,0,0,0,0,0,0,0,0,0
168,1,203.6,136.59,150.47,300.94,4,1,0,0,0,0,0,0,0,0,0,0,0,0,0,0,0,0,0,0
168,2,3.7528,169.67,145.42,290.83,4,1,0,0,0,0,0,0,0,0,0,0,0,0,0,0,0,0,0,0
168,3,149.97,168.55,128.68,257.36,4,1,0,0,0,0,0,0,0,0,0,0,0,0,0,0,0,0,0,0
168,6,506.19,176.02,86.151,172.3,7,1,0,0,0,0,0,0,0,0,0,0,0,0,0,0,0,0,0,0
168,7,572.28,196.43,72.352,144.7,6,1,0,0,0,0,0,0,0,0,0,0,0,0,0,0,0,0,0,0
169,1,198.71,137.8,150.76,301.53,4,1,0,0,0,0,0,0,0,0,0,0,0,0,0,0,0,0,0,0
169,2,-3.3132,170.95,145.78,291.56,4,1,0,0,0,0,0,0,0,0,0,0,0,0,0,0,0,0,0,0
169,3,145.16,169.83,128.99,257.99,4,1,0,0,0,0,0,0,0,0,0,0,0,0,0,0,0,0,0,0
169,6,504.71,177.3,86.104,172.21,7,1,0,0,0,0,0,0,0,0,0,0,0,0,0,0,0,0,0,0
169,7,571.39,197.7,72.318,144.64,6,1,0,0,0,0,0,0,0,0,0,0,0,0,0,0,0,0,0,0
170,1,193.67,137.87,151.07,302.14,4,1,0,0,0,0,0,0,0,0,0,0,0,0,0,0,0,0,0,0
170,2,-10.569,171.08,146.16,292.32,4,1,0,0,0,0,0,0,0,0,0,0,0,0,0,0,0,0,0,0
170,3,140.2,169.96,129.32,258.64,4,1,0,0,0,0,0,0,0,0,0,0,0,0,0,0,0,0,0,0
170,6,503.14,177.45,86.05,172.1,7,1,0,0,0,0,0,0,0,0,0,0,0,0,0,0,0,0,0,0
170,7,570.39,197.83,72.277,144.55,6,1,0,0,0,0,0,0,0,0,0,0,0,0,0,0,0,0,0,0
171,1,188.74,138.22,151.36,302.72,5,1,1,2,-5.0923,1.1504,0.30916,0.61833,4,1,264.42,440.93,151.36,302.72,264.42,-163.68,264.42,440.93,440.93,654.99
171,3,135.37,170.37,129.63,259.27,4,1,1,0,-5.0137,1.2719,0.33839,0.67679,4,1,200.19,429.63,129.63,259.27,200.19,-166.47,200.19,429.63,429.63,612.96
171,4,39.28,176.02,124.6,249.2,4,1,1,0,0,0,0,0,0,0,0,0,0,0,0,0,0,0,0,0
171,6,501.73,177.86,86.001,172,7,1,2,0,-2.011,0.45654,-0.074003,-0.14801,7,1,544.73,349.86,86.001,172,544.73,716.74,372.73,349.86,263.86,263.86
171,7,569.57,198.24,72.244,144.49,7,1,2,0,-1.4717,0.45664,-0.064767,-0.12953,6,1,605.69,342.73,72.244,144.49,605.69,605.69,401.35,342.73,240.56,342.73
172,1,185.09,136.59,151.58,303.15,5,1,0,0,0,0,0,0,0,0,0,0,0,0,0,0,0,0,0,0
172,3,131.9,168.78,129.85,259.69,4,1,0,0,0,0,0,0,0,0,0,0,0,0,0,0,0,0,0,0
172,4,36.373,174.44,124.66,249.32,4,1,0,0,0,0,0,0,0,0,0,0,0,0,0,0,0,0,0,0
172,6,501.68,176.29,86.027,172.05,7,1,0,0,0,0,0,0,0,0,0,0,0,0,0,0,0,0,0,0
172,7,570.22,196.68,72.294,144.59,7,1,0,0,0,0,0,0,0,0,0,0,0,0,0,0,0,0,0,0
173,1,182.14,136.41,151.74,303.47,5,1,0,0,0,0,0,0,0,0,0,0,0,0,0,0,0,0,0,0
173,3,129.19,168.63,129.99,259.97,4,1,0,0,0,0,0,0,0,0,0,0,0,0,0,0,0,0,0,0
173,4,34.372,174.3,124.62,249.24,4,1,0,0,0,0,0,0,0,0,0,0,0,0,0,0,0,0,0,0
173,6,502.37,176.15,86.088,172.18,7,1,0,0,0,0,0,0,0,0,0,0,0,0,0,0,0,0,0,0
173,7,571.68,196.57,72.387,144.77,7,1,0,0,0,0,0,0,0,0,0,0,0,0,0,0,0,0,0,0
174,1,179.01,135.17,151.92,303.83,5,1,0,0,0,0,0,0,0,0,0,0,0,0,0,0,0,0,0,0
174,3,126.3,167.44,130.15,260.3,4,1,0,0,0,0,0,0,0,0,0,0,0,0,0,0,0,0,0,0
174,4,32.172,173.11,124.61,249.22,4,1,0,0,0,0,0,0,0,0,0,0,0,0,0,0,0,0,0,0
174,6,502.96,174.96,86.151,172.3,7,1,0,0,0,0,0,0,0,0,0,0,0,0,0,0,0,0,0,0
174,7,573.04,195.41,72.482,144.96,7,1,0,0,0,0,0,0,0,0,0,0,0,0,0,0,0,0,0,0
175,1,175.69,135.27,152.09,304.18,5,1,0,0,0,0,0,0,0,0,0,0,0,0,0,0,0,0,0,0
175,3,123.19,167.57,130.32,260.63,4,1,0,0,0,0,0,0,0,0,0,0,0,0,0,0,0,0,0,0
175,4,29.752,173.25,124.61,249.22,4,1,0,0,0,0,0,0,0,0,0,0,0,0,0,0,0,0,0,0
175,6,503.35,175.1,86.194,172.39,7,1,0,0,0,0,0,0,0,0,0,0,0,0,0,0,0,0,0,0
175,7,574.18,195.57,72.558,145.12,7,1,0,0,0,0,0,0,0,0,0,0,0,0,0,0,0,0,0,0
176,1,172.1,134.26,152.27,304.54,5,1,0,0,0,0,0,0,0,0,0,0,0,0,0,0,0,0,0,0
176,3,119.8,166.6,130.5,260.99,4,1,0,0,0,0,0,0,0,0,0,0,0,0,0,0,0,0,0,0
176,4,27.013,172.28,124.63,249.27,4,1,0,0,0,0,0,0,0,0,0,0,0,0,0,0,0,0,0,0
176,6,503.5,174.13,86.222,172.44,7,1,0,0,0,0,0,0,0,0,0,0,0,0,0,0,0,0,0,0
176,7,575.04,194.62,72.618,145.24,7,1,0,0,0,0,0,0,0,0,0,0,0,0,0,0,0,0,0,0
177,1,166.72,133.94,152.57,305.14,5,1,0,0,0,0,0,0,0,0,0,0,0,0,0,0,0,0,0,0
177,3,114.48,166.34,130.83,261.66,4,1,0,0,0,0,0,0,0,0,0,0,0,0,0,0,0,0,0,0
177,4,22.052,172.04,124.88,249.77,4,1,0,0,0,0,0,0,0,0,0,0,0,0,0,0,0,0,0,0
177,6,501.89,173.88,86.151,172.3,7,1,0,0,0,0,0,0,0,0,0,0,0,0,0,0,0,0,0,0
177,7,573.98,194.36,72.567,145.13,7,1,0,0,0,0,0,0,0,0,0,0,0,0,0,0,0,0,0,0
178,1,161.13,134.17,152.86,305.73,5,1,0,0,0,0,0,0,0,0,0,0,0,0,0,0,0,0,0,0
178,3,108.93,166.63,131.17,262.34,4,1,0,0,0,0,0,0,0,0,0,0,0,0,0,0,0,0,0,0
178,4,16.856,172.34,125.14,250.29,4,1,0,0,0,0,0,0,0,0,0,0,0,0,0,0,0,0,0,0
178,6,500.08,174.18,86.059,172.12,7,1,0,0,0,0,0,0,0,0,0,0,0,0,0,0,0,0,0,0
178,7,572.69,194.64,72.495,144.99,7,1,0,0,0,0,0,0,0,0,0,0,0,0,0,0,0,0,0,0
179,1,156.28,134.91,153.11,306.22,5,1,0,0,0,0,0,0,0,0,0,0,0,0,0,0,0,0,0,0
179,3,104.18,167.42,131.45,262.89,4,1,0,0,0,0,0,0,0,0,0,0,0,0,0,0,0,0,0,0
179,4,12.593,173.14,125.31,250.62,4,1,0,0,0,0,0,0,0,0,0,0,0,0,0,0,0,0,0,0
179,6,499.07,174.98,86.01,172.02,7,1,0,0,0,0,0,0,0,0,0,0,0,0,0,0,0,0,0,0
179,7,572.25,195.43,72.473,144.95,7,1,0,0,0,0,0,0,0,0,0,0,0,0,0,0,0,0,0,0
180,1,152.92,133.66,153.25,306.51,5,1,0,0,0,0,0,0,0,0,0,0,0,0,0,0,0,0,0,0
180,3,101.05,166.2,131.59,263.18,4,1,0,0,0,0,0,0,0,0,0,0,0,0,0,0,0,0,0,0
180,4,10.237,171.93,125.29,250.57,4,1,0,0,0,0,0,0,0,0,0,0,0,0,0,0,0,0,0,0
180,6,499.61,173.77,86.051,172.1,7,1,0,0,0,0,0,0,0,0,0,0,0,0,0,0,0,0,0,0
180,7,573.52,194.25,72.555,145.11,7,1,0,0,0,0,0,0,0,0,0,0,0,0,0,0,0,0,0,0
181,1,148.13,133.5,153.49,306.97,5,1,1,2,-4.1316,0.12619,0.22059,0.44119,5,1,224.87,440.47,153.49,306.97,224.87,-82.1,-82.1,440.47,286.98,593.95
181,3,96.353,166.08,131.85,263.7,5,1,1,0,-3.9776,0.19844,0.23409,0.46818,4,1,162.28,429.79,131.85,263.7,162.28,-210.65,162.28,429.79,429.79,616.25
181,6,498.73,173.66,86.003,172.01,7,1,2,0,-0.4699,-0.28188,-0.010037,-0.020075,7,1,541.73,345.66,86.003,172.01,541.73,713.74,369.73,345.66,259.66,259.66
181,7,573.2,194.13,72.538,145.08,7,1,2,0,0.1921,-0.21816,0.018646,0.037292,7,1,609.47,339.21,72.538,145.08,609.47,754.55,464.4,339.21,266.67,266.67
182,1,143.15,132.31,153.73,307.45,5,1,0,0,0,0,0,0,0,0,0,0,0,0,0,0,0,0,0,0
182,3,91.462,164.95,132.13,264.25,5,1,0,0,0,0,0,0,0,0,0,0,0,0,0,0,0,0,0,0
182,6,497.71,172.53,85.944,171.89,7,1,0,0,0,0,0,0,0,0,0,0,0,0,0,0,0,0,0,0
182,7,572.73,192.99,72.511,145.02,7,1,0,0,0,0,0,0,0,0,0,0,0,0,0,0,0,0,0,0
183,1,139.34,132.48,153.87,307.74,5,1,0,0,0,0,0,0,0,0,0,0,0,0,0,0,0,0,0,0
183,3,87.83,165.14,132.28,264.56,5,1,0,0,0,0,0,0,0,0,0,0,0,0,0,0,0,0,0,0
183,6,497.85,172.73,85.943,171.89,7,1,0,0,0,0,0,0,0,0,0,0,0,0,0,0,0,0,0,0
183,7,573.51,193.21,72.553,145.11,7,1,0,0,0,0,0,0,0,0,0,0,0,0,0,0,0,0,0,0
184,1,136.87,132.51,153.91,307.81,5,1,0,0,0,0,0,0,0,0,0,0,0,0,0,0,0,0,0,0
184,3,85.657,165.18,132.31,264.62,5,1,0,0,0,0,0,0,0,0,0,0,0,0,0,0,0,0,0,0
184,6,499.35,172.77,86.02,172.04,7,1,0,0,0,0,0,0,0,0,0,0,0,0,0,0,0,0,0,0
184,7,575.78,193.29,72.687,145.37,7,1,0,0,0,0,0,0,0,0,0,0,0,0,0,0,0,0,0,0
185,1,130.69,132.85,154.23,308.46,5,1,0,0,0,0,0,0,0,0,0,0,0,0,0,0,0,0,0,0
185,3,79.448,165.59,132.69,265.38,5,1,0,0,0,0,0,0,0,0,0,0,0,0,0,0,0,0,0,0
185,6,497.28,173.19,85.895,171.79,7,1,0,0,0,0,0,0,0,0,0,0,0,0,0,0,0,0,0,0
185,7,574.09,193.68,72.586,145.17,7,1,0,0,0,0,0,0,0,0,0,0,0,0,0,0,0,0,0,0
186,1,121.95,132.52,154.77,309.54,5,1,0,0,0,0,0,0,0,0,0,0,0,0,0,0,0,0,0,0
186,3,70.451,165.37,133.33,266.66,5,1,0,0,0,0,0,0,0,0,0,0,0,0,0,0,0,0,0,0
186,6,492.82,172.98,85.634,171.27,7,1,0,0,0,0,0,0,0,0,0,0,0,0,0,0,0,0,0,0
186,7,569.76,193.4,72.327,144.65,7,1,0,0,0,0,0,0,0,0,0,0,0,0,0,0,0,0,0,0
187,1,116.32,132.75,155.05,310.1,5,1,0,0,0,0,0,0,0,0,0,0,0,0,0,0,0,0,0,0
187,3,64.837,165.66,133.66,267.31,5,1,0,0,0,0,0,0,0,0,0,0,0,0,0,0,0,0,0,0
187,6,491.39,173.28,85.537,171.07,7,1,0,0,0,0,0,0,0,0,0,0,0,0,0,0,0,0,0,0
187,7,568.75,193.68,72.262,144.52,7,1,0,0,0,0,0,0,0,0,0,0,0,0,0,0,0,0,0,0
188,1,112.17,132.96,155.2,310.4,5,1,0,0,0,0,0,0,0,0,0,0,0,0,0,0,0,0,0,0
188,3,60.827,165.89,133.83,267.66,5,1,0,0,0,0,0,0,0,0,0,0,0,0,0,0,0,0,0,0
188,6,491.39,173.52,85.514,171.03,7,1,0,0,0,0,0,0,0,0,0,0,0,0,0,0,0,0,0,0
188,7,569.31,193.93,72.287,144.57,7,1,0,0,0,0,0,0,0,0,0,0,0,0,0,0,0,0,0,0
189,1,105.73,132.42,155.56,311.13,5,1,0,0,0,0,0,0,0,0,0,0,0,0,0,0,0,0,0,0
189,3,54.314,165.43,134.25,268.5,5,1,0,0,0,0,0,0,0,0,0,0,0,0,0,0,0,0,0,0
189,6,489.33,173.07,85.384,170.77,7,1,0,0,0,0,0,0,0,0,0,0,0,0,0,0,0,0,0,0
189,7,567.58,193.45,72.183,144.37,7,1,0,0,0,0,0,0,0,0,0,0,0,0,0,0,0,0,0,0
190,1,97.717,131.86,156.08,312.15,5,1,0,0,0,0,0,0,0,0,0,0,0,0,0,0,0,0,0,0
190,3,46.067,164.97,134.84,269.68,5,1,0,0,0,0,0,0,0,0,0,0,0,0,0,0,0,0,0,0
190,6,485.9,172.62,85.178,170.36,7,1,0,0,0,0,0,0,0,0,0,0,0,0,0,0,0,0,0,0
190,7,564.32,192.94,71.989,143.98,7,1,0,0,0,0,0,0,0,0,0,0,0,0,0,0,0,0,0,0
191,1,92.292,131.06,156.34,312.68,5,1,1,2,-5.7014,0.51826,0.30588,0.61176,5,1,170.46,443.75,156.34,312.68,170.46,-142.22,-142.22,443.75,287.4,600.09
191,5,199.98,191.01,74.946,149.89,6,1,2,0,0,0,0,0,0,0,0,0,0,0,0,0,0,0,0,0
191,6,484.87,171.89,85.093,170.19,7,1,3,0,-1.6797,-0.23422,-0.10568,-0.21136,7,1,527.42,342.07,85.093,170.19,527.42,697.6,357.23,342.07,256.98,256.98
191,7,563.69,192.2,71.942,143.88,7,1,3,0,-1.2622,-0.19598,-0.076086,-0.15217,7,1,599.66,336.08,71.942,143.88,599.66,743.55,455.78,336.08,264.14,264.14
192,1,86.197,130.28,156.68,313.36,5,1,0,0,0,0,0,0,0,0,0,0,0,0,0,0,0,0,0,0
192,5,196.68,190.3,74.9,149.8,6,1,0,0,0,0,0,0,0,0,0,0,0,0,0,0,0,0,0,0
192,6,483.31,171.18,84.982,169.96,7,1,0,0,0,0,0,0,0,0,0,0,0,0,0,0,0,0,0,0
192,7,562.47,191.47,71.863,143.73,7,1,0,0,0,0,0,0,0,0,0,0,0,0,0,0,0,0,0,0
193,1,81.231,130.74,156.92,313.83,5,1,0,0,0,0,0,0,0,0,0,0,0,0,0,0,0,0,0,0
193,5,194.43,190.79,74.824,149.65,6,1,0,0,0,0,0,0,0,0,0,0,0,0,0,0,0,0,0,0
193,6,482.85,171.7,84.933,169.87,7,1,0,0,0,0,0,0,0,0,0,0,0,0,0,0,0,0,0,0
193,7,562.44,191.99,71.858,143.72,7,1,0,0,0,0,0,0,0,0,0,0,0,0,0,0,0,0,0,0
194,1,76.049,130.62,157.15,314.31,5,1,0,0,0,0,0,0,0,0,0,0,0,0,0,0,0,0,0,0
194,5,192,190.71,74.744,149.49,6,1,0,0,0,0,0,0,0,0,0,0,0,0,0,0,0,0,0,0
194,6,482.18,171.63,84.86,169.72,7,1,0,0,0,0,0,0,0,0,0,0,0,0,0,0,0,0,0,0
194,7,562.16,191.92,71.828,143.66,7,1,0,0,0,0,0,0,0,0,0,0,0,0,0,0,0,0,0,0
195,1,69.87,130.96,157.49,314.98,5,1,0,0,0,0,0,0,0,0,0,0,0,0,0,0,0,0,0,0
195,5,188.71,191.11,74.692,149.38,6,1,0,0,0,0,0,0,0,0,0,0,0,0,0,0,0,0,0,0
195,6,480.67,172.05,84.74,169.48,7,1,0,0,0,0,0,0,0,0,0,0,0,0,0,0,0,0,0,0
195,7,560.94,192.31,71.742,143.48,7,1,0,0,0,0,0,0,0,0,0,0,0,0,0,0,0,0,0,0
196,1,63.873,130.07,157.81,315.62,5,1,0,0,0,0,0,0,0,0,0,0,0,0,0,0,0,0,0,0
196,5,185.62,190.28,74.635,149.27,6,1,0,0,0,0,0,0,0,0,0,0,0,0,0,0,0,0,0,0
196,6,479.39,171.23,84.63,169.26,7,1,0,0,0,0,0,0,0,0,0,0,0,0,0,0,0,0,0,0
196,7,559.94,191.47,71.669,143.34,7,1,0,0,0,0,0,0,0,0,0,0,0,0,0,0,0,0,0,0
197,1,58.423,129.32,158.08,316.16,5,1,0,0,0,0,0,0,0,0,0,0,0,0,0,0,0,0,0,0
197,5,183.04,189.58,74.564,149.13,6,1,0,0,0,0,0,0,0,0,0,0,0,0,0,0,0,0,0,0
197,6,478.65,170.55,84.55,169.1,7,1,0,0,0,0,0,0,0,0,0,0,0,0,0,0,0,0,0,0
197,7,559.54,190.78,71.633,143.27,7,1,0,0,0,0,0,0,0,0,0,0,0,0,0,0,0,0,0,0
198,1,52.474,128.04,158.4,316.79,5,1,0,0,0,0,0,0,0,0,0,0,0,0,0,0,0,0,0,0
198,5,180.05,188.36,74.505,149.01,6,1,0,0,0,0,0,0,0,0,0,0,0,0,0,0,0,0,0,0
198,6,477.51,169.34,84.445,168.89,7,1,0,0,0,0,0,0,0,0,0,0,0,0,0,0,0,0,0,0
198,7,558.68,189.56,71.567,143.13,7,1,0,0,0,0,0,0,0,0,0,0,0,0,0,0,0,0,0,0
199,1,45.688,128.29,158.81,317.62,5,1,0,0,0,0,0,0,0,0,0,0,0,0,0,0,0,0,0,0
199,5,176.37,188.69,74.473,148.95,6,1,0,0,0,0,0,0,0,0,0,0,0,0,0,0,0,0,0,0
199,6,475.73,169.68,84.307,168.61,7,1,0,0,0,0,0,0,0,0,0,0,0,0,0,0,0,0,0,0
199,7,557.09,189.87,71.459,142.92,7,1,0,0,0,0,0,0,0,0,0,0,0,0,0,0,0,0,0,0
200,1,39.883,128.4,159.11,318.23,5,1,0,0,0,0,0,0,0,0,0,0,0,0,0,0,0,0,0,0
200,5,173.57,188.86,74.409,148.82,6,1,0,0,0,0,0,0,0,0,0,0,0,0,0,0,0,0,0,0
200,6,474.82,169.86,84.211,168.42,7,1,0,0,0,0,0,0,0,0,0,0,0,0,0,0,0,0,0,0
200,7,556.45,190.03,71.404,142.81,7,1,0,0,0,0,0,0,0,0,0,0,0,0,0,0,0,0,0,0
201,1,34.853,128.17,159.33,318.65,5,1,1,2,-5.671,0.26945,0.30609,0.61218,5,1,114.52,446.82,159.33,318.65,114.52,-204.14,-204.14,446.82,287.5,606.15
201,5,171.45,188.66,74.316,148.63,6,1,2,0,-2.9389,-0.4094,-0.061443,-0.12289,6,1,208.6,337.29,74.316,148.63,208.6,208.6,-1.5942,337.29,232.19,337.29
201,6,474.59,169.69,84.144,168.29,7,1,3,0,-1.1237,-0.46983,-0.099001,-0.198,7,1,516.66,337.97,84.144,168.29,516.66,684.95,348.37,337.97,253.83,253.83
201,7,556.54,189.85,71.388,142.78,7,1,3,0,-0.80422,-0.40721,-0.059737,-0.11947,7,1,592.23,332.63,71.388,142.78,592.23,735.01,449.46,332.63,261.24,261.24
202,1,28.492,128.34,159.69,319.38,5,1,0,0,0,0,0,0,0,0,0,0,0,0,0,0,0,0,0,0
202,5,168.22,188.9,74.267,148.53,6,1,0,0,0,0,0,0,0,0,0,0,0,0,0,0,0,0,0,0
202,6,473.31,169.94,84.023,168.05,7,1,0,0,0,0,0,0,0,0,0,0,0,0,0,0,0,0,0,0
202,7,555.45,190.09,71.304,142.61,7,1,0,0,0,0,0,0,0,0,0,0,0,0,0,0,0,0,0,0
203,1,20.966,127.66,160.19,320.38,5,1,0,0,0,0,0,0,0,0,0,0,0,0,0,0,0,0,0,0
203,5,164.04,188.33,74.252,148.5,6,1,0,0,0,0,0,0,0,0,0,0,0,0,0,0,0,0,0,0
203,6,471.13,169.37,83.852,167.7,7,1,0,0,0,0,0,0,0,0,0,0,0,0,0,0,0,0,0,0
203,7,553.36,189.47,71.161,142.32,7,1,0,0,0,0,0,0,0,0,0,0,0,0,0,0,0,0,0,0
204,1,15.119,127.8,160.49,320.99,5,1,0,0,0,0,0,0,0,0,0,0,0,0,0,0,0,0,0,0
204,5,161.31,188.54,74.185,148.37,6,1,0,0,0,0,0,0,0,0,0,0,0,0,0,0,0,0,0,0
204,6,470.38,169.59,83.755,167.51,7,1,0,0,0,0,0,0,0,0,0,0,0,0,0,0,0,0,0,0
204,7,552.83,189.68,71.107,142.21,7,1,0,0,0,0,0,0,0,0,0,0,0,0,0,0,0,0,0,0
205,1,11.627,128.07,160.5,321.01,5,1,0,0,0,0,0,0,0,0,0,0,0,0,0,0,0,0,0,0
205,5,160.55,188.75,74.032,148.06,6,1,0,0,0,0,0,0,0,0,0,0,0,0,0,0,0,0,0,0
205,6,471.5,169.85,83.741,167.48,7,1,0,0,0,0,0,0,0,0,0,0,0,0,0,0,0,0,0,0
205,7,554.33,189.96,71.161,142.32,7,1,0,0,0,0,0,0,0,0,0,0,0,0,0,0,0,0,0,0
206,1,6.31,127.54,160.73,321.46,5,1,0,0,0,0,0,0,0,0,0,0,0,0,0,0,0,0,0,0
206,5,158.28,188.26,73.939,147.88,6,1,0,0,0,0,0,0,0,0,0,0,0,0,0,0,0,0,0,0
206,6,471.2,169.38,83.655,167.31,7,1,0,0,0,0,0,0,0,0,0,0,0,0,0,0,0,0,0,0
206,7,554.26,189.48,71.126,142.25,7,1,0,0,0,0,0,0,0,0,0,0,0,0,0,0,0,0,0,0
207,1,0.23319,127.34,161.05,322.11,5,1,0,0,0,0,0,0,0,0,0,0,0,0,0,0,0,0,0,0
207,5,155.42,188.12,73.874,147.75,6,1,0,0,0,0,0,0,0,0,0,0,0,0,0,0,0,0,0,0
207,6,470.37,169.25,83.545,167.09,7,1,0,0,0,0,0,0,0,0,0,0,0,0,0,0,0,0,0,0
207,7,553.58,189.33,71.058,142.12,7,1,0,0,0,0,0,0,0,0,0,0,0,0,0,0,0,0,0,0
208,1,-6.1736,127.4,161.42,322.84,5,1,0,0,0,0,0,0,0,0,0,0,0,0,0,0,0,0,0,0
208,5,152.32,188.24,73.818,147.64,6,1,0,0,0,0,0,0,0,0,0,0,0,0,0,0,0,0,0,0
208,6,469.33,169.39,83.421,166.84,7,1,0,0,0,0,0,0,0,0,0,0,0,0,0,0,0,0,0,0
208,7,552.66,189.45,70.975,141.95,7,1,0,0,0,0,0,0,0,0,0,0,0,0,0,0,0,0,0,0
209,1,-10.436,127.46,161.5,323,5,1,0,0,0,0,0,0,0,0,0,0,0,0,0,0,0,0,0,0
209,5,150.96,188.29,73.684,147.37,6,1,0,0,0,0,0,0,0,0,0,0,0,0,0,0,0,0,0,0
209,6,469.94,169.47,83.37,166.74,7,1,0,0,0,0,0,0,0,0,0,0,0,0,0,0,0,0,0,0
209,7,553.53,189.54,70.986,141.97,7,1,0,0,0,0,0,0,0,0,0,0,0,0,0,0,0,0,0,0
210,1,-16.533,127.03,161.83,323.65,5,1,0,0,0,0,0,0,0,0,0,0,0,0,0,0,0,0,0,0
210,5,148.16,187.92,73.619,147.24,6,1,0,0,0,0,0,0,0,0,0,0,0,0,0,0,0,0,0,0
210,6,469.24,169.13,83.264,166.53,7,1,0,0,0,0,0,0,0,0,0,0,0,0,0,0,0,0,0,0
210,7,552.96,189.17,70.924,141.85,7,1,0,0,0,0,0,0,0,0,0,0,0,0,0,0,0,0,0,0
211,5,144.79,188.37,73.569,147.14,6,1,1,0,-2.4743,-0.23322,-0.084373,-0.16875,6,1,181.58,335.5,73.569,147.14,181.58,181.58,-26.507,335.5,231.46,335.5
211,6,467.98,169.58,83.118,166.24,7,1,2,0,-0.4749,-0.22775,-0.092459,-0.18492,7,1,509.54,335.81,83.118,166.24,509.54,675.78,343.31,335.81,252.7,252.7
211,7,551.74,189.6,70.816,141.63,7,1,2,0,-0.25497,-0.14217,-0.044124,-0.088247,7,1,587.15,331.23,70.816,141.63,587.15,728.78,445.51,331.23,260.41,260.41
212,5,141.55,188.24,73.52,147.04,6,1,0,0,0,0,0,0,0,0,0,0,0,0,0,0,0,0,0,0
212,6,466.9,169.46,82.985,165.97,7,1,0,0,0,0,0,0,0,0,0,0,0,0,0,0,0,0,0,0
212,7,550.7,189.45,70.722,141.44,7,1,0,0,0,0,0,0,0,0,0,0,0,0,0,0,0,0,0,0
213,5,140.25,188.72,73.382,146.76,6,1,0,0,0,0,0,0,0,0,0,0,0,0,0,0,0,0,0,0
213,6,467.62,169.98,82.933,165.87,7,1,0,0,0,0,0,0,0,0,0,0,0,0,0,0,0,0,0,0
213,7,551.63,189.98,70.733,141.47,7,1,0,0,0,0,0,0,0,0,0,0,0,0,0,0,0,0,0,0
214,5,138.59,188.15,73.261,146.52,6,1,0,0,0,0,0,0,0,0,0,0,0,0,0,0,0,0,0,0
214,6,468.03,169.44,82.868,165.74,7,1,0,0,0,0,0,0,0,0,0,0,0,0,0,0,0,0,0,0
214,7,552.21,189.44,70.725,141.45,7,1,0,0,0,0,0,0,0,0,0,0,0,0,0,0,0,0,0,0
215,5,136.49,187.55,73.155,146.31,6,1,0,0,0,0,0,0,0,0,0,0,0,0,0,0,0,0,0,0
215,6,468.03,168.88,82.774,165.55,7,1,0,0,0,0,0,0,0,0,0,0,0,0,0,0,0,0,0,0
215,7,552.31,188.86,70.685,141.37,7,1,0,0,0,0,0,0,0,0,0,0,0,0,0,0,0,0,0,0
216,5,134.73,186.24,73.035,146.07,6,1,0,0,0,0,0,0,0,0,0,0,0,0,0,0,0,0,0,0
216,6,468.37,167.59,82.697,165.39,7,1,0,0,0,0,0,0,0,0,0,0,0,0,0,0,0,0,0,0
216,7,552.76,187.57,70.666,141.33,7,1,0,0,0,0,0,0,0,0,0,0,0,0,0,0,0,0,0,0
217,5,130.23,185.39,73.042,146.08,6,1,0,0,0,0,0,0,0,0,0,0,0,0,0,0,0,0,0,0
217,6,466.23,166.74,82.505,165.01,7,1,0,0,0,0,0,0,0,0,0,0,0,0,0,0,0,0,0,0
217,7,550.47,186.67,70.496,140.99,7,1,0,0,0,0,0,0,0,0,0,0,0,0,0,0,0,0,0,0
218,5,125.25,184.46,73.073,146.15,6,1,0,0,0,0,0,0,0,0,0,0,0,0,0,0,0,0,0,0
218,6,463.7,165.79,82.292,164.58,7,1,0,0,0,0,0,0,0,0,0,0,0,0,0,0,0,0,0,0
218,7,547.74,185.67,70.301,140.6,7,1,0,0,0,0,0,0,0,0,0,0,0,0,0,0,0,0,0,0
219,5,124.56,183.5,72.901,145.8,6,1,0,0,0,0,0,0,0,0,0,0,0,0,0,0,0,0,0,0
219,6,465.05,164.88,82.255,164.51,7,1,0,0,0,0,0,0,0,0,0,0,0,0,0,0,0,0,0,0
219,7,549.27,184.77,70.336,140.67,7,1,0,0,0,0,0,0,0,0,0,0,0,0,0,0,0,0,0,0
220,5,123.34,182.96,72.754,145.51,6,1,0,0,0,0,0,0,0,0,0,0,0,0,0,0,0,0,0,0
220,6,465.94,164.38,82.197,164.39,7,1,0,0,0,0,0,0,0,0,0,0,0,0,0,0,0,0,0,0
220,7,550.27,184.28,70.341,140.68,7,1,0,0,0,0,0,0,0,0,0,0,0,0,0,0,0,0,0,0
221,5,118.65,183.91,72.779,145.56,6,1,1,0,-2.6627,-0.84137,-0.079424,-0.15885,6,1,155.04,329.47,72.779,145.56,155.04,155.04,-50.806,329.47,226.54,329.47
221,6,463.78,165.32,82.003,164.01,7,1,2,0,-0.47997,-0.88957,-0.11326,-0.22653,7,1,504.78,329.32,82.003,164.01,504.78,668.79,340.77,329.32,247.32,247.32
221,7,547.89,185.16,70.168,140.34,7,1,2,0,-0.43027,-0.81402,-0.066663,-0.13333,7,1,582.98,325.5,70.168,140.34,582.98,723.31,442.64,325.5,255.33,255.33
222,5,116.48,184.03,72.674,145.35,6,1,0,0,0,0,0,0,0,0,0,0,0,0,0,0,0,0,0,0
222,6,463.84,165.46,81.899,163.8,7,1,0,0,0,0,0,0,0,0,0,0,0,0,0,0,0,0,0,0
222,7,547.95,185.3,70.116,140.23,7,1,0,0,0,0,0,0,0,0,0,0,0,0,0,0,0,0,0,0
223,5,115.95,184.56,72.488,144.98,6,1,0,0,0,0,0,0,0,0,0,0,0,0,0,0,0,0,0,0
223,6,465.38,166.04,81.86,163.72,7,1,0,0,0,0,0,0,0,0,0,0,0,0,0,0,0,0,0,0
223,7,549.61,185.89,70.15,140.3,7,1,0,0,0,0,0,0,0,0,0,0,0,0,0,0,0,0,0,0
224,5,114.26,184.29,72.359,144.72,6,1,0,0,0,0,0,0,0,0,0,0,0,0,0,0,0,0,0,0
224,6,465.9,165.82,81.773,163.55,7,1,0,0,0,0,0,0,0,0,0,0,0,0,0,0,0,0,0,0
224,7,550.13,185.65,70.122,140.24,7,1,0,0,0,0,0,0,0,0,0,0,0,0,0,0,0,0,0,0
225,5,109.04,184.85,72.413,144.83,6,1,0,0,0,0,0,0,0,0,0,0,0,0,0,0,0,0,0,0
225,6,463.38,166.35,81.558,163.12,7,1,0,0,0,0,0,0,0,0,0,0,0,0,0,0,0,0,0,0
225,7,547.3,186.13,69.92,139.84,7,1,0,0,0,0,0,0,0,0,0,0,0,0,0,0,0,0,0,0
226,5,106.01,184.38,72.351,144.7,6,1,0,0,0,0,0,0,0,0,0,0,0,0,0,0,0,0,0,0
226,6,462.77,165.89,81.419,162.84,7,1,0,0,0,0,0,0,0,0,0,0,0,0,0,0,0,0,0,0
226,7,546.56,185.65,69.823,139.65,7,1,0,0,0,0,0,0,0,0,0,0,0,0,0,0,0,0,0,0
227,5,105.48,183.55,72.164,144.33,6,1,0,0,0,0,0,0,0,0,0,0,0,0,0,0,0,0,0,0
227,6,464.35,165.11,81.376,162.75,7,1,0,0,0,0,0,0,0,0,0,0,0,0,0,0,0,0,0,0
227,7,548.21,184.88,69.851,139.7,7,1,0,0,0,0,0,0,0,0,0,0,0,0,0,0,0,0,0,0
228,5,103.44,181.64,72.05,144.1,6,1,0,0,0,0,0,0,0,0,0,0,0,0,0,0,0,0,0,0
228,6,464.64,163.23,81.271,162.54,7,1,0,0,0,0,0,0,0,0,0,0,0,0,0,0,0,0,0,0
228,7,548.41,182.99,69.8,139.6,7,1,0,0,0,0,0,0,0,0,0,0,0,0,0,0,0,0,0,0
229,5,98.567,181.54,72.088,144.18,6,1,0,0,0,0,0,0,0,0,0,0,0,0,0,0,0,0,0,0
229,6,462.51,163.12,81.068,162.14,7,1,0,0,0,0,0,0,0,0,0,0,0,0,0,0,0,0,0,0
229,7,545.96,182.82,69.615,139.23,7,1,0,0,0,0,0,0,0,0,0,0,0,0,0,0,0,0,0,0
230,5,94.956,180.93,72.061,144.12,6,1,0,0,0,0,0,0,0,0,0,0,0,0,0,0,0,0,0,0
230,6,461.5,162.51,80.909,161.82,7,1,0,0,0,0,0,0,0,0,0,0,0,0,0,0,0,0,0,0
230,7,544.73,182.17,69.49,138.98,7,1,0,0,0,0,0,0,0,0,0,0,0,0,0,0,0,0,0,0
231,5,93.076,181.06,71.942,143.88,6,1,1,0,-2.785,-0.61078,-0.073944,-0.14789,6,1,129.05,324.94,71.942,143.88,129.05,129.05,-74.435,324.94,223.2,324.94
231,6,461.98,162.67,80.813,161.63,7,1,2,0,-0.39912,-0.69831,-0.12643,-0.25285,7,1,502.39,324.3,80.813,161.63,502.39,664.02,340.77,324.3,243.48,243.48
231,7,545.11,182.32,69.448,138.9,7,1,2,0,-0.49877,-0.63106,-0.08176,-0.16352,7,1,579.83,321.22,69.448,138.9,579.83,718.73,440.94,321.22,251.77,251.77
232,5,90.824,180.81,71.837,143.67,6,1,0,0,0,0,0,0,0,0,0,0,0,0,0,0,0,0,0,0
232,6,462.13,162.45,80.694,161.39,7,1,0,0,0,0,0,0,0,0,0,0,0,0,0,0,0,0,0,0
232,7,545.11,182.08,69.38,138.76,7,1,0,0,0,0,0,0,0,0,0,0,0,0,0,0,0,0,0,0
233,5,86.318,180.95,71.859,143.72,6,1,0,0,0,0,0,0,0,0,0,0,0,0,0,0,0,0,0,0
233,6,460.43,162.58,80.502,161,7,1,0,0,0,0,0,0,0,0,0,0,0,0,0,0,0,0,0,0
233,7,543.07,182.17,69.211,138.42,7,1,0,0,0,0,0,0,0,0,0,0,0,0,0,0,0,0,0,0
234,5,84.228,180.98,71.752,143.5,6,1,0,0,0,0,0,0,0,0,0,0,0,0,0,0,0,0,0,0
234,6,460.78,162.64,80.398,160.8,7,1,0,0,0,0,0,0,0,0,0,0,0,0,0,0,0,0,0,0
234,7,543.28,182.21,69.158,138.32,7,1,0,0,0,0,0,0,0,0,0,0,0,0,0,0,0,0,0,0
235,5,83.82,181.71,71.553,143.11,6,1,0,0,0,0,0,0,0,0,0,0,0,0,0,0,0,0,0,0
235,6,462.55,163.42,80.351,160.7,7,1,0,0,0,0,0,0,0,0,0,0,0,0,0,0,0,0,0,0
235,7,545.03,183,69.181,138.36,7,1,0,0,0,0,0,0,0,0,0,0,0,0,0,0,0,0,0,0
236,5,81.396,181.68,71.462,142.92,6,1,0,0,0,0,0,0,0,0,0,0,0,0,0,0,0,0,0,0
236,6,462.63,163.42,80.23,160.46,7,1,0,0,0,0,0,0,0,0,0,0,0,0,0,0,0,0,0,0
236,7,544.92,182.98,69.107,138.21,7,1,0,0,0,0,0,0,0,0,0,0,0,0,0,0,0,0,0,0
237,5,77.049,181.08,71.472,142.94,6,1,0,0,0,0,0,0,0,0,0,0,0,0,0,0,0,0,0,0
237,6,461.11,162.81,80.035,160.07,7,1,0,0,0,0,0,0,0,0,0,0,0,0,0,0,0,0,0,0
237,7,543.03,182.32,68.937,137.87,7,1,0,0,0,0,0,0,0,0,0,0,0,0,0,0,0,0,0,0
238,5,74.187,181.08,71.407,142.81,6,1,0,0,0,0,0,0,0,0,0,0,0,0,0,0,0,0,0,0
238,6,460.87,162.82,79.9,159.8,7,1,0,0,0,0,0,0,0,0,0,0,0,0,0,0,0,0,0,0
238,7,542.55,182.31,68.843,137.69,7,1,0,0,0,0,0,0,0,0,0,0,0,0,0,0,0,0,0,0
239,5,73.044,180.93,71.249,142.5,6,1,0,0,0,0,0,0,0,0,0,0,0,0,0,0,0,0,0,0
239,6,462.07,162.71,79.827,159.65,7,1,0,0,0,0,0,0,0,0,0,0,0,0,0,0,0,0,0,0
239,7,543.63,182.2,68.829,137.66,7,1,0,0,0,0,0,0,0,0,0,0,0,0,0,0,0,0,0,0
240,5,71.253,180.77,71.126,142.25,6,1,0,0,0,0,0,0,0,0,0,0,0,0,0,0,0,0,0,0
240,6,462.74,162.58,79.729,159.46,7,1,0,0,0,0,0,0,0,0,0,0,0,0,0,0,0,0,0,0
240,7,544.13,182.06,68.783,137.57,7,1,0,0,0,0,0,0,0,0,0,0,0,0,0,0,0,0,0,0
241,5,68.863,180.98,71.037,142.07,6,1,1,0,-2.4237,-0.20044,-0.092552,-0.1851,6,1,104.38,323.05,71.037,142.07,104.38,104.38,-96.541,323.05,222.59,323.05
241,6,462.92,162.81,79.61,159.22,7,1,2,0,0.080824,-0.22934,-0.11858,-0.23717,7,1,502.73,322.03,79.61,159.22,502.73,661.95,343.51,322.03,242.42,242.42
241,7,544.09,182.27,68.709,137.42,7,1,2,0,-0.093107,-0.15514,-0.071901,-0.1438,7,1,578.44,319.69,68.709,137.42,578.44,715.86,441.02,319.69,250.98,250.98
242,5,66.754,180.59,70.936,141.87,6,1,0,0,0,0,0,0,0,0,0,0,0,0,0,0,0,0,0,0
242,6,463.37,162.46,79.507,159.01,7,1,0,0,0,0,0,0,0,0,0,0,0,0,0,0,0,0,0,0
242,7,544.33,181.9,68.652,137.3,7,1,0,0,0,0,0,0,0,0,0,0,0,0,0,0,0,0,0,0
243,5,62.315,179.64,70.965,141.93,6,1,0,0,0,0,0,0,0,0,0,0,0,0,0,0,0,0,0,0
243,6,461.94,161.49,79.322,158.64,7,1,0,0,0,0,0,0,0,0,0,0,0,0,0,0,0,0,0,0
243,7,542.51,180.88,68.488,136.98,7,1,0,0,0,0,0,0,0,0,0,0,0,0,0,0,0,0,0,0
244,5,59.386,178.97,70.909,141.82,6,1,0,0,0,0,0,0,0,0,0,0,0,0,0,0,0,0,0,0
244,6,461.74,160.83,79.185,158.37,7,1,0,0,0,0,0,0,0,0,0,0,0,0,0,0,0,0,0,0
244,7,542.02,180.2,68.389,136.78,7,1,0,0,0,0,0,0,0,0,0,0,0,0,0,0,0,0,0,0
245,5,59.276,179.05,70.695,141.39,6,1,0,0,0,0,0,0,0,0,0,0,0,0,0,0,0,0,0,0
245,6,463.82,160.97,79.146,158.29,7,1,0,0,0,0,0,0,0,0,0,0,0,0,0,0,0,0,0,0
245,7,544.02,180.35,68.416,136.83,7,1,0,0,0,0,0,0,0,0,0,0,0,0,0,0,0,0,0,0
246,5,58.944,178,70.491,140.98,6,1,0,0,0,0,0,0,0,0,0,0,0,0,0,0,0,0,0,0
246,6,465.71,159.98,79.094,158.19,7,1,0,0,0,0,0,0,0,0,0,0,0,0,0,0,0,0,0,0
246,7,545.82,179.37,68.428,136.86,7,1,0,0,0,0,0,0,0,0,0,0,0,0,0,0,0,0,0,0
247,5,56.5,178.66,70.408,140.82,6,1,0,0,0,0,0,0,0,0,0,0,0,0,0,0,0,0,0,0
247,6,465.91,160.66,78.971,157.94,7,1,0,0,0,0,0,0,0,0,0,0,0,0,0,0,0,0,0,0
247,7,545.76,180.02,68.346,136.69,7,1,0,0,0,0,0,0,0,0,0,0,0,0,0,0,0,0,0,0
248,5,54.301,178.68,70.312,140.62,6,1,0,0,0,0,0,0,0,0,0,0,0,0,0,0,0,0,0,0
248,6,466.33,160.7,78.859,157.72,7,1,0,0,0,0,0,0,0,0,0,0,0,0,0,0,0,0,0,0
248,7,545.93,180.04,68.277,136.55,7,1,0,0,0,0,0,0,0,0,0,0,0,0,0,0,0,0,0,0
249,5,52.79,179.61,70.176,140.35,6,1,0,0,0,0,0,0,0,0,0,0,0,0,0,0,0,0,0,0
249,6,467.29,161.67,78.766,157.53,7,1,0,0,0,0,0,0,0,0,0,0,0,0,0,0,0,0,0,0
249,7,546.69,181.01,68.233,136.47,7,1,0,0,0,0,0,0,0,0,0,0,0,0,0,0,0,0,0,0
250,5,51.807,180.43,70.012,140.02,6,1,0,0,0,0,0,0,0,0,0,0,0,0,0,0,0,0,0,0
250,6,468.69,162.54,78.695,157.39,7,1,0,0,0,0,0,0,0,0,0,0,0,0,0,0,0,0,0,0
250,7,547.94,181.87,68.215,136.43,7,1,0,0,0,0,0,0,0,0,0,0,0,0,0,0,0,0,0,0
251,5,50.478,180.76,69.871,139.74,6,1,1,0,-1.7028,-0.19677,-0.1282,-0.2564,6,1,85.413,320.51,69.871,139.74,85.413,85.413,-112.21,320.51,221.69,320.51
251,6,469.84,162.91,78.616,157.23,7,1,2,0,0.80762,-0.09357,-0.093838,-0.18768,7,1,509.15,320.14,78.616,157.23,509.15,666.38,351.92,320.14,241.53,241.53
251,7,548.91,182.23,68.185,136.37,7,1,2,0,0.63404,-0.0069467,-0.044882,-0.089764,7,1,583,318.6,68.185,136.37,583,719.37,446.63,318.6,250.41,250.41
252,5,49.227,180.4,69.725,139.45,6,1,0,0,0,0,0,0,0,0,0,0,0,0,0,0,0,0,0,0
252,6,471.05,162.59,78.539,157.08,7,1,0,0,0,0,0,0,0,0,0,0,0,0,0,0,0,0,0,0
252,7,549.95,181.9,68.155,136.31,7,1,0,0,0,0,0,0,0,0,0,0,0,0,0,0,0,0,0,0
253,5,46.217,180.45,69.68,139.36,6,1,0,0,0,0,0,0,0,0,0,0,0,0,0,0,0,0,0,0
253,6,470.87,162.64,78.401,156.8,7,1,0,0,0,0,0,0,0,0,0,0,0,0,0,0,0,0,0,0
253,7,549.46,181.93,68.048,136.1,7,1,0,0,0,0,0,0,0,0,0,0,0,0,0,0,0,0,0,0
254,5,42.118,180.52,69.697,139.39,6,1,0,0,0,0,0,0,0,0,0,0,0,0,0,0,0,0,0,0
254,6,469.85,162.7,78.225,156.45,7,1,0,0,0,0,0,0,0,0,0,0,0,0,0,0,0,0,0,0
254,7,548.05,181.94,67.89,135.78,7,1,0,0,0,0,0,0,0,0,0,0,0,0,0,0,0,0,0,0
255,5,40.847,179.92,69.55,139.1,6,1,0,0,0,0,0,0,0,0,0,0,0,0,0,0,0,0,0,0
255,6,471.04,162.14,78.141,156.28,7,1,0,0,0,0,0,0,0,0,0,0,0,0,0,0,0,0,0,0
255,7,549.06,181.37,67.852,135.7,7,1,0,0,0,0,0,0,0,0,0,0,0,0,0,0,0,0,0,0
256,5,39.763,178.67,69.397,138.79,6,1,0,0,0,0,0,0,0,0,0,0,0,0,0,0,0,0,0,0
256,6,472.42,160.93,78.07,156.14,7,1,0,0,0,0,0,0,0,0,0,0,0,0,0,0,0,0,0,0
256,7,550.28,180.16,67.828,135.66,7,1,0,0,0,0,0,0,0,0,0,0,0,0,0,0,0,0,0,0
257,5,39.025,178.02,69.225,138.45,6,1,0,0,0,0,0,0,0,0,0,0,0,0,0,0,0,0,0,0
257,6,474.07,160.34,78.013,156.03,7,1,0,0,0,0,0,0,0,0,0,0,0,0,0,0,0,0,0,0
257,7,551.81,179.56,67.821,135.64,7,1,0,0,0,0,0,0,0,0,0,0,0,0,0,0,0,0,0,0
258,5,36.939,177.27,69.127,138.25,6,1,0,0,0,0,0,0,0,0,0,0,0,0,0,0,0,0,0,0
258,6,474.65,159.61,77.903,155.81,7,1,0,0,0,0,0,0,0,0,0,0,0,0,0,0,0,0,0,0
258,7,552.16,178.81,67.747,135.49,7,1,0,0,0,0,0,0,0,0,0,0,0,0,0,0,0,0,0,0
259,5,34.892,176.79,69.03,138.06,6,1,0,0,0,0,0,0,0,0,0,0,0,0,0,0,0,0,0,0
259,6,475.29,159.15,77.798,155.6,7,1,0,0,0,0,0,0,0,0,0,0,0,0,0,0,0,0,0,0
259,7,552.58,178.34,67.678,135.36,7,1,0,0,0,0,0,0,0,0,0,0,0,0,0,0,0,0,0,0
260,5,34.741,176.39,68.823,137.65,6,1,0,0,0,0,0,0,0,0,0,0,0,0,0,0,0,0,0,0
260,6,477.4,158.81,77.757,155.51,7,1,0,0,0,0,0,0,0,0,0,0,0,0,0,0,0,0,0,0
260,7,554.61,178,67.689,135.38,7,1,0,0,0,0,0,0,0,0,0,0,0,0,0,0,0,0,0,0
261,6,477.83,159.35,77.643,155.29,7,1,2,0,0.84051,-0.68382,-0.093741,-0.18748,7,1,516.65,314.64,77.643,155.29,516.65,671.94,361.37,314.64,236.99,236.99
261,7,554.81,178.52,67.607,135.21,7,1,2,0,0.65992,-0.61734,-0.053472,-0.10694,7,1,588.61,313.73,67.607,135.21,588.61,723.83,453.4,313.73,246.12,246.12
262,6,476.59,159.89,77.454,154.91,7,1,0,0,0,0,0,0,0,0,0,0,0,0,0,0,0,0,0,0
262,7,553.18,179.01,67.429,134.86,7,1,0,0,0,0,0,0,0,0,0,0,0,0,0,0,0,0,0,0
263,6,476.77,159.77,77.326,154.65,7,1,0,0,0,0,0,0,0,0,0,0,0,0,0,0,0,0,0,0
263,7,553.11,178.86,67.328,134.66,7,1,0,0,0,0,0,0,0,0,0,0,0,0,0,0,0,0,0,0
264,6,478.02,159.89,77.242,154.48,7,1,0,0,0,0,0,0,0,0,0,0,0,0,0,0,0,0,0,0
264,7,554.21,178.97,67.284,134.57,7,1,0,0,0,0,0,0,0,0,0,0,0,0,0,0,0,0,0,0
265,6,479.07,160.07,77.149,154.3,7,1,0,0,0,0,0,0,0,0,0,0,0,0,0,0,0,0,0,0
265,7,555.11,179.13,67.229,134.46,7,1,0,0,0,0,0,0,0,0,0,0,0,0,0,0,0,0,0,0
266,6,479.5,160.1,77.029,154.06,7,1,0,0,0,0,0,0,0,0,0,0,0,0,0,0,0,0,0,0
266,7,555.31,179.14,67.138,134.28,7,1,0,0,0,0,0,0,0,0,0,0,0,0,0,0,0,0,0,0
267,6,479.99,159.88,76.918,153.84,7,1,0,0,0,0,0,0,0,0,0,0,0,0,0,0,0,0,0,0
267,7,555.61,178.89,67.055,134.11,7,1,0,0,0,0,0,0,0,0,0,0,0,0,0,0,0,0,0,0
268,6,480.59,158.96,76.81,153.62,7,1,0,0,0,0,0,0,0,0,0,0,0,0,0,0,0,0,0,0
268,7,556.02,177.95,66.976,133.95,7,1,0,0,0,0,0,0,0,0,0,0,0,0,0,0,0,0,0,0
269,6,480.53,158.54,76.667,153.33,7,1,0,0,0,0,0,0,0,0,0,0,0,0,0,0,0,0,0,0
269,7,555.73,177.5,66.855,133.71,7,1,0,0,0,0,0,0,0,0,0,0,0,0,0,0,0,0,0,0
270,6,480.19,158.03,76.515,153.03,7,1,0,0,0,0,0,0,0,0,0,0,0,0,0,0,0,0,0,0
270,7,555.12,176.95,66.72,133.44,7,1,0,0,0,0,0,0,0,0,0,0,0,0,0,0,0,0,0,0
271,6,480.57,158.02,76.392,152.78,7,1,1,0,0.41066,-0.47115,-0.11652,-0.23304,7,1,518.77,310.81,76.392,152.78,518.77,671.55,365.98,310.81,234.41,234.41
271,7,555.32,176.91,66.623,133.25,7,1,1,0,0.2226,-0.43812,-0.087822,-0.17564,7,1,588.63,310.16,66.623,133.25,588.63,721.87,455.38,310.16,243.54,243.54
272,6,481.99,158.32,76.315,152.63,7,1,0,0,0,0,0,0,0,0,0,0,0,0,0,0,0,0,0,0
272,7,556.65,177.21,66.583,133.17,7,1,0,0,0,0,0,0,0,0,0,0,0,0,0,0,0,0,0,0
273,6,483.96,158.14,76.266,152.53,7,1,0,0,0,0,0,0,0,0,0,0,0,0,0,0,0,0,0,0
273,7,558.59,177.02,66.576,133.15,7,1,0,0,0,0,0,0,0,0,0,0,0,0,0,0,0,0,0,0
274,6,485.55,157.66,76.194,152.39,7,1,0,0,0,0,0,0,0,0,0,0,0,0,0,0,0,0,0,0
274,7,560.13,176.54,66.542,133.08,7,1,0,0,0,0,0,0,0,0,0,0,0,0,0,0,0,0,0,0
275,6,486.56,158.11,76.104,152.21,7,1,0,0,0,0,0,0,0,0,0,0,0,0,0,0,0,0,0,0
275,7,561.04,176.97,66.482,132.96,7,1,0,0,0,0,0,0,0,0,0,0,0,0,0,0,0,0,0,0
276,6,487.5,158.35,76.011,152.02,7,1,0,0,0,0,0,0,0,0,0,0,0,0,0,0,0,0,0,0
276,7,561.88,177.19,66.418,132.84,7,1,0,0,0,0,0,0,0,0,0,0,0,0,0,0,0,0,0,0
277,6,488.29,158.32,75.905,151.81,7,1,0,0,0,0,0,0,0,0,0,0,0,0,0,0,0,0,0,0
277,7,562.57,177.14,66.338,132.68,7,1,0,0,0,0,0,0,0,0,0,0,0,0,0,0,0,0,0,0
278,6,488.08,157.77,75.756,151.51,7,1,0,0,0,0,0,0,0,0,0,0,0,0,0,0,0,0,0,0
278,7,562.15,176.55,66.205,132.41,7,1,0,0,0,0,0,0,0,0,0,0,0,0,0,0,0,0,0,0
279,6,488.92,157.53,75.656,151.31,7,1,0,0,0,0,0,0,0,0,0,0,0,0,0,0,0,0,0,0
279,7,562.9,176.28,66.131,132.26,7,1,0,0,0,0,0,0,0,0,0,0,0,0,0,0,0,0,0,0
280,6,490.69,157.08,75.593,151.19,7,1,0,0,0,0,0,0,0,0,0,0,0,0,0,0,0,0,0,0
280,7,564.67,175.83,66.104,132.21,7,1,0,0,0,0,0,0,0,0,0,0,0,0,0,0,0,0,0,0
281,6,492.7,157.03,75.548,151.1,7,1,1,0,0.95755,-0.31322,-0.093667,-0.18733,7,1,530.47,308.13,75.548,151.1,530.47,681.57,379.37,308.13,232.58,232.58
281,7,566.71,175.78,66.097,132.19,7,1,1,0,0.88209,-0.27251,-0.064499,-0.129,7,1,599.75,307.98,66.097,132.19,599.75,731.95,467.56,307.98,241.88,241.88
282,6,493.63,156.75,75.447,150.89,7,1,0,0,0,0,0,0,0,0,0,0,0,0,0,0,0,0,0,0
282,7,567.56,175.48,66.022,132.04,7,1,0,0,0,0,0,0,0,0,0,0,0,0,0,0,0,0,0,0
283,6,492.4,156.52,75.247,150.49,7,1,0,0,0,0,0,0,0,0,0,0,0,0,0,0,0,0,0,0
283,7,566.06,175.19,65.826,131.65,7,1,0,0,0,0,0,0,0,0,0,0,0,0,0,0,0,0,0,0
284,6,491.72,156.4,75.077,150.15,7,1,0,0,0,0,0,0,0,0,0,0,0,0,0,0,0,0,0,0
284,7,565.16,175.02,65.662,131.32,7,1,0,0,0,0,0,0,0,0,0,0,0,0,0,0,0,0,0,0
285,6,494.48,156.88,75.065,150.13,7,1,0,0,0,0,0,0,0,0,0,0,0,0,0,0,0,0,0,0
285,7,568.04,175.52,65.695,131.39,7,1,0,0,0,0,0,0,0,0,0,0,0,0,0,0,0,0,0,0
286,6,496.4,157.66,75.016,150.03,7,1,0,0,0,0,0,0,0,0,0,0,0,0,0,0,0,0,0,0
286,7,570.01,176.29,65.68,131.36,7,1,0,0,0,0,0,0,0,0,0,0,0,0,0,0,0,0,0,0
287,6,496.88,158.09,74.9,149.8,7,1,0,0,0,0,0,0,0,0,0,0,0,0,0,0,0,0,0,0
287,7,570.41,176.7,65.583,131.17,7,1,0,0,0,0,0,0,0,0,0,0,0,0,0,0,0,0,0,0
288,6,495.95,158.46,74.717,149.43,7,1,0,0,0,0,0,0,0,0,0,0,0,0,0,0,0,0,0,0
288,7,569.25,177.02,65.404,130.81,7,1,0,0,0,0,0,0,0,0,0,0,0,0,0,0,0,0,0,0
289,6,495.84,159.82,74.572,149.14,7,1,0,0,0,0,0,0,0,0,0,0,0,0,0,0,0,0,0,0
289,7,568.99,178.34,65.271,130.54,7,1,0,0,0,0,0,0,0,0,0,0,0,0,0,0,0,0,0,0
290,6,496.93,160.41,74.485,148.97,7,1,0,0,0,0,0,0,0,0,0,0,0,0,0,0,0,0,0,0
290,7,570.06,178.91,65.208,130.42,7,1,0,0,0,0,0,0,0,0,0,0,0,0,0,0,0,0,0,0
291,6,497.37,160.32,74.367,148.73,7,1,1,0,0.49442,0.26784,-0.11361,-0.22722,7,1,534.55,309.05,74.367,148.73,534.55,683.28,385.82,309.05,234.68,234.68
291,7,570.4,178.79,65.107,130.21,7,1,1,0,0.41747,0.28091,-0.093863,-0.18773,7,1,602.95,309,65.107,130.21,602.95,733.17,472.74,309,243.9,243.9
292,6,497.71,160.08,74.241,148.48,7,1,0,0,0,0,0,0,0,0,0,0,0,0,0,0,0,0,0,0
292,7,570.64,178.52,64.998,130,7,1,0,0,0,0,0,0,0,0,0,0,0,0,0,0,0,0,0,0
293,6,497.67,160.03,74.102,148.2,7,1,0,0,0,0,0,0,0,0,0,0,0,0,0,0,0,0,0,0
293,7,570.47,178.44,64.871,129.74,7,1,0,0,0,0,0,0,0,0,0,0,0,0,0,0,0,0,0,0
294,6,496.18,159.42,73.895,147.79,7,1,0,0,0,0,0,0,0,0,0,0,0,0,0,0,0,0,0,0
294,7,568.7,177.76,64.661,129.32,7,1,0,0,0,0,0,0,0,0,0,0,0,0,0,0,0,0,0,0
295,6,496.22,158.2,73.759,147.52,7,1,0,0,0,0,0,0,0,0,0,0,0,0,0,0,0,0,0,0
295,7,568.63,176.51,64.538,129.08,7,1,0,0,0,0,0,0,0,0,0,0,0,0,0,0,0,0,0,0
296,6,496.9,157.41,73.654,147.31,7,1,0,0,0,0,0,0,0,0,0,0,0,0,0,0,0,0,0,0
296,7,569.24,175.7,64.451,128.9,7,1,0,0,0,0,0,0,0,0,0,0,0,0,0,0,0,0,0,0
297,6,496.87,156.58,73.512,147.02,7,1,0,0,0,0,0,0,0,0,0,0,0,0,0,0,0,0,0,0
297,7,569.08,174.82,64.322,128.64,7,1,0,0,0,0,0,0,0,0,0,0,0,0,0,0,0,0,0,0
298,6,498.2,156.9,73.44,146.88,7,1,0,0,0,0,0,0,0,0,0,0,0,0,0,0,0,0,0,0
298,7,570.41,175.14,64.274,128.55,7,1,0,0,0,0,0,0,0,0,0,0,0,0,0,0,0,0,0,0
299,6,500.6,157.3,73.418,146.84,7,1,0,0,0,0,0,0,0,0,0,0,0,0,0,0,0,0,0,0
299,7,572.92,175.54,64.287,128.57,7,1,0,0,0,0,0,0,0,0,0,0,0,0,0,0,0,0,0,0
300,6,501.71,157.24,73.336,146.67,7,1,0,0,0,0,0,0,0,0,0,0,0,0,0,0,0,0,0,0
300,7,574.03,175.46,64.228,128.46,7,1,0,0,0,0,0,0,0,0,0,0,0,0,0,0,0,0,0,0
