1,1,165.79,161.97,99.181,198.36,5,1,1,2,0,0,0,0,0,0,0,0,0,0,0,0,0,0,0,0
1,2,490.39,160.93,93.809,187.62,5,1,2,2,0,0,0,0,0,0,0,0,0,0,0,0,0,0,0,0
1,3,606.39,175.8,57.647,115.29,3,1,3,2,0,0,0,0,0,0,0,0,0,0,0,0,0,0,0,0
1,4,716.03,191.35,55.516,111.03,7,1,4,2,0,0,0,0,0,0,0,0,0,0,0,0,0,0,0,0
2,1,158.68,161.81,98.969,197.94,5,1,0,0,0,0,0,0,0,0,0,0,0,0,0,0,0,0,0,0
2,2,484.62,160.73,93.901,187.8,5,1,0,0,0,0,0,0,0,0,0,0,0,0,0,0,0,0,0,0
2,3,606.65,175.98,57.755,115.51,3,1,0,0,0,0,0,0,0,0,0,0,0,0,0,0,0,0,0,0
2,4,716.62,191.51,55.337,110.67,7,1,0,0,0,0,0,0,0,0,0,0,0,0,0,0,0,0,0,0
3,1,152.07,162.63,98.7,197.4,5,1,0,0,0,0,0,0,0,0,0,0,0,0,0,0,0,0,0,0
3,2,479.14,161.38,93.979,187.96,5,1,0,0,0,0,0,0,0,0,0,0,0,0,0,0,0,0,0,0
3,3,607.23,176.4,57.858,115.72,3,1,0,0,0,0,0,0,0,0,0,0,0,0,0,0,0,0,0,0
3,4,717.54,192.02,55.163,110.33,7,1,0,0,0,0,0,0,0,0,0,0,0,0,0,0,0,0,0,0
4,1,145.26,163.43,98.449,196.9,5,1,0,0,0,0,0,0,0,0,0,0,0,0,0,0,0,0,0,0
4,2,473.46,162.06,94.046,188.09,5,1,0,0,0,0,0,0,0,0,0,0,0,0,0,0,0,0,0,0
4,3,607.56,177.02,57.946,115.89,3,1,0,0,0,0,0,0,0,0,0,0,0,0,0,0,0,0,0,0
4,4,718.16,192.7,54.971,109.94,7,1,0,0,0,0,0,0,0,0,0,0,0,0,0,0,0,0,0,0
5,1,138.93,163.92,98.117,196.23,5,1,0,0,0,0,0,0,0,0,0,0,0,0,0,0,0,0,0,0
5,2,467.95,162.43,94.063,188.13,5,1,0,0,0,0,0,0,0,0,0,0,0,0,0,0,0,0,0,0
5,3,608.04,177.41,58.01,116.02,3,1,0,0,0,0,0,0,0,0,0,0,0,0,0,0,0,0,0,0
5,4,718.89,193.12,54.762,109.52,7,1,0,0,0,0,0,0,0,0,0,0,0,0,0,0,0,0,0,0
6,1,132.59,164.56,97.786,195.57,5,1,0,0,0,0,0,0,0,0,0,0,0,0,0,0,0,0,0,0
6,2,462.4,162.95,94.072,188.14,5,1,0,0,0,0,0,0,0,0,0,0,0,0,0,0,0,0,0,0
6,3,608.45,177.9,58.067,116.13,3,1,0,0,0,0,0,0,0,0,0,0,0,0,0,0,0,0,0,0
6,4,719.53,193.66,54.548,109.1,7,1,0,0,0,0,0,0,0,0,0,0,0,0,0,0,0,0,0,0
7,1,126.74,165.25,97.435,194.87,5,1,0,0,0,0,0,0,0,0,0,0,0,0,0,0,0,0,0,0
7,2,457.24,163.5,94.108,188.22,5,1,0,0,0,0,0,0,0,0,0,0,0,0,0,0,0,0,0,0
7,3,609.35,178.44,58.152,116.3,3,1,0,0,0,0,0,0,0,0,0,0,0,0,0,0,0,0,0,0
7,4,720.74,194.25,54.369,108.74,7,1,0,0,0,0,0,0,0,0,0,0,0,0,0,0,0,0,0,0
8,1,120.74,164.92,97.095,194.19,5,1,0,0,0,0,0,0,0,0,0,0,0,0,0,0,0,0,0,0
8,2,451.91,163.05,94.131,188.26,5,1,0,0,0,0,0,0,0,0,0,0,0,0,0,0,0,0,0,0
8,3,610.04,177.97,58.223,116.45,3,1,0,0,0,0,0,0,0,0,0,0,0,0,0,0,0,0,0,0
8,4,721.69,193.82,54.176,108.35,7,1,0,0,0,0,0,0,0,0,0,0,0,0,0,0,0,0,0,0
9,1,114.94,165.49,96.744,193.49,5,1,0,0,0,0,0,0,0,0,0,0,0,0,0,0,0,0,0,0
9,2,446.69,163.49,94.156,188.31,5,1,0,0,0,0,0,0,0,0,0,0,0,0,0,0,0,0,0,0
9,3,610.88,178.39,58.3,116.6,3,1,0,0,0,0,0,0,0,0,0,0,0,0,0,0,0,0,0,0
9,4,722.79,194.28,53.991,107.98,7,1,0,0,0,0,0,0,0,0,0,0,0,0,0,0,0,0,0,0
10,1,109.16,165.73,96.397,192.79,5,1,0,0,0,0,0,0,0,0,0,0,0,0,0,0,0,0,0,0
10,2,441.46,163.59,94.181,188.36,5,1,0,0,0,0,0,0,0,0,0,0,0,0,0,0,0,0,0,0
10,3,611.7,178.48,58.377,116.75,3,1,0,0,0,0,0,0,0,0,0,0,0,0,0,0,0,0,0,0
10,4,723.87,194.42,53.806,107.61,7,1,0,0,0,0,0,0,0,0,0,0,0,0,0,0,0,0,0,0
11,1,103.11,165.66,96.082,192.16,5,1,1,2,-6.3009,-0.2284,-0.3275,-0.65501,5,1,151.15,357.83,96.082,192.16,151.15,-41.017,-41.017,357.83,261.74,453.91
11,2,436,163.41,94.206,188.41,5,1,2,2,-5.3696,0.35819,0.030012,0.060023,5,1,483.1,351.82,94.206,188.41,483.1,294.69,294.69,351.82,257.61,446.03
11,3,612.27,178.28,58.444,116.89,3,1,3,2,0.67636,0.41806,0.074731,0.14946,3,1,641.5,295.17,58.444,116.89,641.5,524.61,758.38,295.17,353.61,353.61
11,4,724.63,194.26,53.609,107.22,7,1,4,2,0.8076,-0.07072,-0.19323,-0.38646,7,1,751.43,301.48,53.609,107.22,751.43,858.65,644.22,301.48,247.87,247.87
12,1,97.224,166.5,95.758,191.52,5,1,0,0,0,0,0,0,0,0,0,0,0,0,0,0,0,0,0,0
12,2,430.63,164.12,94.233,188.47,5,1,0,0,0,0,0,0,0,0,0,0,0,0,0,0,0,0,0,0
12,3,612.97,178.98,58.516,117.03,3,1,0,0,0,0,0,0,0,0,0,0,0,0,0,0,0,0,0,0
12,4,725.52,195,53.419,106.84,7,1,0,0,0,0,0,0,0,0,0,0,0,0,0,0,0,0,0,0
13,1,91.349,166.87,95.435,190.87,5,1,0,0,0,0,0,0,0,0,0,0,0,0,0,0,0,0,0,0
13,2,425.22,164.37,94.256,188.51,5,1,0,0,0,0,0,0,0,0,0,0,0,0,0,0,0,0,0,0
13,3,613.62,179.21,58.584,117.17,3,1,0,0,0,0,0,0,0,0,0,0,0,0,0,0,0,0,0,0
13,4,726.35,195.27,53.226,106.45,7,1,0,0,0,0,0,0,0,0,0,0,0,0,0,0,0,0,0,0
14,1,85.408,167.55,95.129,190.26,5,1,0,0,0,0,0,0,0,0,0,0,0,0,0,0,0,0,0,0
14,2,419.76,164.93,94.285,188.57,5,1,0,0,0,0,0,0,0,0,0,0,0,0,0,0,0,0,0,0
14,3,614.23,179.76,58.653,117.31,3,1,0,0,0,0,0,0,0,0,0,0,0,0,0,0,0,0,0,0
14,4,727.1,195.86,53.033,106.07,7,1,0,0,0,0,0,0,0,0,0,0,0,0,0,0,0,0,0,0
15,1,80.05,168.12,94.781,189.56,5,1,0,0,0,0,0,0,0,0,0,0,0,0,0,0,0,0,0,0
15,2,414.69,165.37,94.322,188.64,5,1,0,0,0,0,0,0,0,0,0,0,0,0,0,0,0,0,0,0
15,3,615.32,180.18,58.744,117.49,3,1,0,0,0,0,0,0,0,0,0,0,0,0,0,0,0,0,0,0
15,4,728.43,196.33,52.871,105.74,7,1,0,0,0,0,0,0,0,0,0,0,0,0,0,0,0,0,0,0
16,1,74.605,168.17,94.445,188.89,5,1,0,0,0,0,0,0,0,0,0,0,0,0,0,0,0,0,0,0
16,2,409.52,165.29,94.356,188.71,5,1,0,0,0,0,0,0,0,0,0,0,0,0,0,0,0,0,0,0
16,3,616.31,180.08,58.829,117.66,3,1,0,0,0,0,0,0,0,0,0,0,0,0,0,0,0,0,0,0
16,4,729.61,196.28,52.702,105.4,7,1,0,0,0,0,0,0,0,0,0,0,0,0,0,0,0,0,0,0
17,1,68.996,168.57,94.127,188.25,5,1,0,0,0,0,0,0,0,0,0,0,0,0,0,0,0,0,0,0
17,2,404.19,165.56,94.386,188.77,5,1,0,0,0,0,0,0,0,0,0,0,0,0,0,0,0,0,0,0
17,3,617.11,180.34,58.904,117.81,3,1,0,0,0,0,0,0,0,0,0,0,0,0,0,0,0,0,0,0
17,4,730.56,196.58,52.521,105.04,7,1,0,0,0,0,0,0,0,0,0,0,0,0,0,0,0,0,0,0
18,1,63.78,168.72,93.782,187.56,5,1,0,0,0,0,0,0,0,0,0,0,0,0,0,0,0,0,0,0
18,2,399.11,165.58,94.42,188.84,5,1,0,0,0,0,0,0,0,0,0,0,0,0,0,0,0,0,0,0
18,3,618.24,180.34,58.994,117.99,3,1,0,0,0,0,0,0,0,0,0,0,0,0,0,0,0,0,0,0
18,4,731.87,196.63,52.361,104.72,7,1,0,0,0,0,0,0,0,0,0,0,0,0,0,0,0,0,0,0
19,1,57.51,168.99,93.526,187.05,5,1,0,0,0,0,0,0,0,0,0,0,0,0,0,0,0,0,0,0
19,2,393.25,165.76,94.441,188.88,5,1,0,0,0,0,0,0,0,0,0,0,0,0,0,0,0,0,0,0
19,3,618.42,180.5,59.039,118.08,3,1,0,0,0,0,0,0,0,0,0,0,0,0,0,0,0,0,0,0
19,4,732.02,196.83,52.143,104.29,7,1,0,0,0,0,0,0,0,0,0,0,0,0,0,0,0,0,0,0
20,1,51.783,169.63,93.233,186.47,5,1,0,0,0,0,0,0,0,0,0,0,0,0,0,0,0,0,0,0
20,2,387.74,166.28,94.47,188.94,5,1,0,0,0,0,0,0,0,0,0,0,0,0,0,0,0,0,0,0
20,3,619.06,181.02,59.105,118.21,3,1,0,0,0,0,0,0,0,0,0,0,0,0,0,0,0,0,0,0
20,4,732.69,197.39,51.953,103.91,7,1,0,0,0,0,0,0,0,0,0,0,0,0,0,0,0,0,0,0
21,1,46.859,170.02,92.882,185.76,5,1,1,2,-5.7604,-0.27157,-0.31894,-0.63788,5,1,93.3,355.78,92.882,185.76,93.3,-92.464,-92.464,355.78,262.9,448.66
21,2,382.77,166.53,94.508,189.02,5,1,2,2,-5.3039,0.30488,0.030755,0.06151,5,1,430.03,355.55,94.508,189.02,430.03,241.01,241.01,355.55,261.04,450.05
21,3,620.37,181.25,59.204,118.41,3,1,3,2,0.8575,0.38045,0.07634,0.15268,3,1,649.97,299.65,59.204,118.41,649.97,531.56,768.38,299.65,358.86,358.86
21,5,705.96,181.31,55.387,110.77,3,0,4,2,0,0,0,0,0,0,0,0,0,0,0,0,0,0,0,0
21,6,724.29,160.69,117.9,235.79,5,0,5,0,0,0,0,0,0,0,0,0,0,0,0,0,0,0,0,0
22,1,42.112,170.26,92.523,185.05,5,1,0,0,0,0,0,0,0,0,0,0,0,0,0,0,0,0,0,0
22,2,377.89,166.64,94.547,189.09,5,1,0,0,0,0,0,0,0,0,0,0,0,0,0,0,0,0,0,0
22,3,621.82,181.33,59.311,118.62,3,1,0,0,0,0,0,0,0,0,0,0,0,0,0,0,0,0,0,0
22,5,707.11,181.39,55.49,110.98,3,0,0,0,0,0,0,0,0,0,0,0,0,0,0,0,0,0,0,0
22,6,717.93,160.85,117.79,235.59,5,0,0,0,0,0,0,0,0,0,0,0,0,0,0,0,0,0,0,0
23,1,37.323,170.44,92.173,184.35,5,1,0,0,0,0,0,0,0,0,0,0,0,0,0,0,0,0,0,0
23,2,372.94,166.67,94.586,189.17,5,1,0,0,0,0,0,0,0,0,0,0,0,0,0,0,0,0,0,0
23,3,623.2,181.34,59.416,118.83,3,1,0,0,0,0,0,0,0,0,0,0,0,0,0,0,0,0,0,0
23,5,708.19,181.41,55.59,111.18,3,0,0,0,0,0,0,0,0,0,0,0,0,0,0,0,0,0,0,0
23,6,711.48,160.94,117.68,235.36,5,0,0,0,0,0,0,0,0,0,0,0,0,0,0,0,0,0,0,0
24,1,32.784,170.83,91.804,183.61,5,1,0,0,0,0,0,0,0,0,0,0,0,0,0,0,0,0,0,0
24,2,368.1,166.93,94.618,189.24,5,1,0,0,0,0,0,0,0,0,0,0,0,0,0,0,0,0,0,0
24,3,624.74,181.57,59.524,119.05,3,1,0,0,0,0,0,0,0,0,0,0,0,0,0,0,0,0,0,0
24,5,709.42,181.64,55.696,111.39,3,0,0,0,0,0,0,0,0,0,0,0,0,0,0,0,0,0,0,0
24,6,705.2,161.25,117.58,235.16,5,0,0,0,0,0,0,0,0,0,0,0,0,0,0,0,0,0,0,0
25,1,28.108,171.02,91.454,182.91,5,1,0,0,0,0,0,0,0,0,0,0,0,0,0,0,0,0,0,0
25,2,363.15,166.98,94.654,189.31,5,1,0,0,0,0,0,0,0,0,0,0,0,0,0,0,0,0,0,0
25,3,626.16,181.6,59.63,119.26,3,1,0,0,0,0,0,0,0,0,0,0,0,0,0,0,0,0,0,0
25,5,710.52,181.66,55.798,111.6,3,0,0,0,0,0,0,0,0,0,0,0,0,0,0,0,0,0,0,0
25,6,698.79,161.35,117.46,234.93,5,0,0,0,0,0,0,0,0,0,0,0,0,0,0,0,0,0,0,0
26,1,22.586,171.53,91.18,182.36,5,1,0,0,0,0,0,0,0,0,0,0,0,0,0,0,0,0,0,0
26,2,357.6,167.38,94.69,189.38,5,1,0,0,0,0,0,0,0,0,0,0,0,0,0,0,0,0,0,0
26,3,626.88,181.98,59.702,119.4,3,1,0,0,0,0,0,0,0,0,0,0,0,0,0,0,0,0,0,0
26,5,710.8,182.05,55.856,111.71,3,0,0,0,0,0,0,0,0,0,0,0,0,0,0,0,0,0,0,0
26,6,691.57,161.84,117.25,234.51,5,0,0,0,0,0,0,0,0,0,0,0,0,0,0,0,0,0,0,0
27,1,18.569,171.97,90.785,181.57,5,1,0,0,0,0,0,0,0,0,0,0,0,0,0,0,0,0,0,0
27,2,353,167.67,94.722,189.44,5,1,0,0,0,0,0,0,0,0,0,0,0,0,0,0,0,0,0,0
27,3,628.79,182.24,59.831,119.66,3,1,0,0,0,0,0,0,0,0,0,0,0,0,0,0,0,0,0,0
27,5,712.43,182.31,55.985,111.97,3,0,0,0,0,0,0,0,0,0,0,0,0,0,0,0,0,0,0,0
27,6,685.69,162.16,117.19,234.39,5,0,0,0,0,0,0,0,0,0,0,0,0,0,0,0,0,0,0,0
28,1,13.636,172.59,90.47,180.94,5,1,0,0,0,0,0,0,0,0,0,0,0,0,0,0,0,0,0,0
28,2,347.77,168.17,94.754,189.51,5,1,0,0,0,0,0,0,0,0,0,0,0,0,0,0,0,0,0,0
28,3,629.92,182.72,59.921,119.84,3,1,0,0,0,0,0,0,0,0,0,0,0,0,0,0,0,0,0,0
28,5,713.17,182.78,56.067,112.13,3,0,0,0,0,0,0,0,0,0,0,0,0,0,0,0,0,0,0,0
28,6,678.95,162.73,117.03,234.06,5,0,0,0,0,0,0,0,0,0,0,0,0,0,0,0,0,0,0,0
29,1,9.5451,173.06,90.09,180.18,5,1,0,0,0,0,0,0,0,0,0,0,0,0,0,0,0,0,0,0
29,2,343.04,168.5,94.783,189.57,5,1,0,0,0,0,0,0,0,0,0,0,0,0,0,0,0,0,0,0
29,3,631.71,183.01,60.044,120.09,3,1,0,0,0,0,0,0,0,0,0,0,0,0,0,0,0,0,0,0
29,5,714.65,183.07,56.189,112.38,3,0,0,0,0,0,0,0,0,0,0,0,0,0,0,0,0,0,0,0
29,6,672.92,163.1,116.95,233.9,5,0,0,0,0,0,0,0,0,0,0,0,0,0,0,0,0,0,0,0
30,1,4.5948,173.63,89.788,179.58,5,1,0,0,0,0,0,0,0,0,0,0,0,0,0,0,0,0,0,0
30,2,337.73,168.95,94.817,189.63,5,1,0,0,0,0,0,0,0,0,0,0,0,0,0,0,0,0,0,0
30,3,632.81,183.45,60.134,120.27,3,1,0,0,0,0,0,0,0,0,0,0,0,0,0,0,0,0,0,0
30,5,715.32,183.51,56.269,112.54,3,0,0,0,0,0,0,0,0,0,0,0,0,0,0,0,0,0,0,0
30,6,666.12,163.62,116.78,233.56,5,0,0,0,0,0,0,0,0,0,0,0,0,0,0,0,0,0,0,0
31,2,331.87,167.92,94.851,189.7,5,1,1,2,-5.0537,0.30434,0.033372,0.066745,5,1,379.3,357.63,94.851,189.7,379.3,189.6,189.6,357.63,262.77,452.48
31,3,633.23,182.42,60.186,120.37,3,1,2,2,1.3713,0.41451,0.1,0.20001,3,1,663.32,302.79,60.186,120.37,663.32,542.95,783.69,302.79,362.98,362.98
31,6,658.61,162.7,116.52,233.04,5,1,3,0,-6.6023,0.027625,-0.13526,-0.27051,5,1,716.87,395.75,116.52,233.04,716.87,483.83,483.83,395.75,279.22,512.27
31,7,709.26,147.48,131.93,263.86,5,1,3,0,0,0,0,0,0,0,0,0,0,0,0,0,0,0,0,0
32,2,325.9,168.39,94.891,189.78,5,1,0,0,0,0,0,0,0,0,0,0,0,0,0,0,0,0,0,0
32,3,633.55,182.88,60.235,120.47,3,1,0,0,0,0,0,0,0,0,0,0,0,0,0,0,0,0,0,0
32,6,651.01,163.28,116.26,232.52,5,1,0,0,0,0,0,0,0,0,0,0,0,0,0,0,0,0,0,0
32,7,700.85,148.04,131.74,263.48,5,1,0,0,0,0,0,0,0,0,0,0,0,0,0,0,0,0,0,0
33,2,320.42,168.68,94.924,189.85,5,1,0,0,0,0,0,0,0,0,0,0,0,0,0,0,0,0,0,0
33,3,634.47,183.15,60.312,120.62,3,1,0,0,0,0,0,0,0,0,0,0,0,0,0,0,0,0,0,0
33,6,644.08,163.65,116.07,232.13,5,1,0,0,0,0,0,0,0,0,0,0,0,0,0,0,0,0,0,0
33,7,693.17,148.38,131.64,263.28,5,1,0,0,0,0,0,0,0,0,0,0,0,0,0,0,0,0,0,0
34,2,314.7,169.08,94.961,189.92,5,1,0,0,0,0,0,0,0,0,0,0,0,0,0,0,0,0,0,0
34,3,635.14,183.55,60.375,120.75,3,1,0,0,0,0,0,0,0,0,0,0,0,0,0,0,0,0,0,0
34,6,636.88,164.15,115.84,231.69,5,1,0,0,0,0,0,0,0,0,0,0,0,0,0,0,0,0,0,0
34,7,685.19,148.86,131.5,263,5,1,0,0,0,0,0,0,0,0,0,0,0,0,0,0,0,0,0,0
35,2,309.34,169.68,94.998,190,5,1,0,0,0,0,0,0,0,0,0,0,0,0,0,0,0,0,0,0
35,3,636.28,184.13,60.465,120.93,3,1,0,0,0,0,0,0,0,0,0,0,0,0,0,0,0,0,0,0
35,6,630.18,164.82,115.68,231.36,5,1,0,0,0,0,0,0,0,0,0,0,0,0,0,0,0,0,0,0
35,7,677.75,149.5,131.44,262.87,5,1,0,0,0,0,0,0,0,0,0,0,0,0,0,0,0,0,0,0
36,2,304.65,169.63,95.021,190.04,5,1,0,0,0,0,0,0,0,0,0,0,0,0,0,0,0,0,0,0
36,3,638.27,184.04,60.599,121.2,3,1,0,0,0,0,0,0,0,0,0,0,0,0,0,0,0,0,0,0
36,6,624.33,164.8,115.6,231.2,5,1,0,0,0,0,0,0,0,0,0,0,0,0,0,0,0,0,0,0
36,7,671.23,149.44,131.49,262.98,5,1,0,0,0,0,0,0,0,0,0,0,0,0,0,0,0,0,0,0
37,2,299.63,169.96,95.052,190.1,5,1,0,0,0,0,0,0,0,0,0,0,0,0,0,0,0,0,0,0
37,3,639.88,184.34,60.715,121.43,3,1,0,0,0,0,0,0,0,0,0,0,0,0,0,0,0,0,0,0
37,6,618.09,165.19,115.48,230.96,5,1,0,0,0,0,0,0,0,0,0,0,0,0,0,0,0,0,0,0
37,7,664.28,149.78,131.49,262.98,5,1,0,0,0,0,0,0,0,0,0,0,0,0,0,0,0,0,0,0
38,2,294.32,170.39,95.088,190.18,5,1,0,0,0,0,0,0,0,0,0,0,0,0,0,0,0,0,0,0
38,3,641.15,184.75,60.813,121.63,3,1,0,0,0,0,0,0,0,0,0,0,0,0,0,0,0,0,0,0
38,6,611.52,165.68,115.32,230.64,5,1,0,0,0,0,0,0,0,0,0,0,0,0,0,0,0,0,0,0
38,7,656.95,150.24,131.43,262.87,5,1,0,0,0,0,0,0,0,0,0,0,0,0,0,0,0,0,0,0
39,2,289.08,170.04,95.123,190.25,5,1,0,0,0,0,0,0,0,0,0,0,0,0,0,0,0,0,0,0
39,3,642.55,184.37,60.919,121.84,3,1,0,0,0,0,0,0,0,0,0,0,0,0,0,0,0,0,0,0
39,6,605.07,165.39,115.18,230.35,5,1,0,0,0,0,0,0,0,0,0,0,0,0,0,0,0,0,0,0
39,7,649.75,149.92,131.39,262.79,5,1,0,0,0,0,0,0,0,0,0,0,0,0,0,0,0,0,0,0
40,2,283.29,169.82,95.173,190.35,5,1,0,0,0,0,0,0,0,0,0,0,0,0,0,0,0,0,0,0
40,3,643.28,184.14,60.99,121.98,3,1,0,0,0,0,0,0,0,0,0,0,0,0,0,0,0,0,0,0
40,6,597.98,165.27,114.97,229.94,5,1,0,0,0,0,0,0,0,0,0,0,0,0,0,0,0,0,0,0
40,7,641.86,149.78,131.27,262.54,5,1,0,0,0,0,0,0,0,0,0,0,0,0,0,0,0,0,0,0
41,2,277.67,169.82,95.217,190.43,5,1,1,2,-5.2681,0.24018,0.035065,0.07013,5,1,325.28,360.26,95.217,190.43,325.28,134.85,134.85,360.26,265.04,455.48
41,4,756.13,201.5,48.773,97.547,7,1,2,2,0,0,0,0,0,0,0,0,0,0,0,0,0,0,0,0
41,5,721.32,184.23,57.072,114.14,3,0,3,0,0,0,0,0,0,0,0,0,0,0,0,0,0,0,0,0
41,6,591.14,165.36,114.78,229.56,5,1,4,0,-6.64,-0.071114,-0.1546,-0.3092,5,1,648.53,394.92,114.78,229.56,648.53,418.97,418.97,394.92,280.14,509.7
41,7,634.22,149.84,131.17,262.34,5,1,4,0,-7.3307,0.1047,-0.050047,-0.10009,5,1,699.8,412.18,131.17,262.34,699.8,437.47,437.47,412.18,281.01,543.35
42,2,272.61,170.23,95.243,190.49,5,1,0,0,0,0,0,0,0,0,0,0,0,0,0,0,0,0,0,0
42,4,757.53,201.93,48.649,97.298,7,1,0,0,0,0,0,0,0,0,0,0,0,0,0,0,0,0,0,0
42,5,722.5,184.61,57.181,114.36,3,0,0,0,0,0,0,0,0,0,0,0,0,0,0,0,0,0,0,0
42,6,584.93,165.82,114.65,229.3,5,1,0,0,0,0,0,0,0,0,0,0,0,0,0,0,0,0,0,0
42,7,627.27,150.27,131.15,262.3,5,1,0,0,0,0,0,0,0,0,0,0,0,0,0,0,0,0,0,0
43,2,267.47,169.69,95.276,190.55,5,1,0,0,0,0,0,0,0,0,0,0,0,0,0,0,0,0,0,0
43,4,758.84,201.41,48.525,97.05,7,1,0,0,0,0,0,0,0,0,0,0,0,0,0,0,0,0,0,0
43,5,723.62,184.04,57.29,114.58,3,0,0,0,0,0,0,0,0,0,0,0,0,0,0,0,0,0,0,0
43,6,578.68,165.34,114.52,229.03,5,1,0,0,0,0,0,0,0,0,0,0,0,0,0,0,0,0,0,0
43,7,620.26,149.75,131.13,262.26,5,1,0,0,0,0,0,0,0,0,0,0,0,0,0,0,0,0,0,0
44,2,261.91,170.33,95.322,190.64,5,1,0,0,0,0,0,0,0,0,0,0,0,0,0,0,0,0,0,0
44,4,759.52,202.08,48.371,96.742,7,1,0,0,0,0,0,0,0,0,0,0,0,0,0,0,0,0,0,0
44,5,724.16,184.66,57.366,114.73,3,0,0,0,0,0,0,0,0,0,0,0,0,0,0,0,0,0,0,0
44,6,571.98,166.06,114.34,228.68,5,1,0,0,0,0,0,0,0,0,0,0,0,0,0,0,0,0,0,0
44,7,612.75,150.44,131.04,262.09,5,1,0,0,0,0,0,0,0,0,0,0,0,0,0,0,0,0,0,0
45,2,256.34,169.8,95.369,190.74,5,1,0,0,0,0,0,0,0,0,0,0,0,0,0,0,0,0,0,0
45,4,760.2,201.59,48.218,96.437,7,1,0,0,0,0,0,0,0,0,0,0,0,0,0,0,0,0,0,0
45,5,724.71,184.13,57.444,114.89,3,0,0,0,0,0,0,0,0,0,0,0,0,0,0,0,0,0,0,0
45,6,565.3,165.61,114.17,228.33,5,1,0,0,0,0,0,0,0,0,0,0,0,0,0,0,0,0,0,0
45,7,605.28,149.97,130.96,261.92,5,1,0,0,0,0,0,0,0,0,0,0,0,0,0,0,0,0,0,0
46,2,250.02,169.9,95.442,190.88,5,1,0,0,0,0,0,0,0,0,0,0,0,0,0,0,0,0,0,0
46,4,759.76,201.73,48.012,96.025,7,1,0,0,0,0,0,0,0,0,0,0,0,0,0,0,0,0,0,0
46,5,724.23,184.24,57.463,114.93,3,0,0,0,0,0,0,0,0,0,0,0,0,0,0,0,0,0,0,0
46,6,557.83,165.82,113.92,227.84,5,1,0,0,0,0,0,0,0,0,0,0,0,0,0,0,0,0,0,0
46,7,596.95,150.17,130.78,261.55,5,1,0,0,0,0,0,0,0,0,0,0,0,0,0,0,0,0,0,0
47,2,244.15,169.63,95.499,191,5,1,0,0,0,0,0,0,0,0,0,0,0,0,0,0,0,0,0,0
47,4,759.98,201.5,47.839,95.678,7,1,0,0,0,0,0,0,0,0,0,0,0,0,0,0,0,0,0,0
47,5,724.38,183.97,57.516,115.03,3,0,0,0,0,0,0,0,0,0,0,0,0,0,0,0,0,0,0,0
47,6,550.89,165.65,113.72,227.43,5,1,0,0,0,0,0,0,0,0,0,0,0,0,0,0,0,0,0,0
47,7,589.18,149.97,130.65,261.31,5,1,0,0,0,0,0,0,0,0,0,0,0,0,0,0,0,0,0,0
48,2,238.5,169.83,95.552,191.1,5,1,0,0,0,0,0,0,0,0,0,0,0,0,0,0,0,0,0,0
48,4,760.55,201.74,47.684,95.367,7,1,0,0,0,0,0,0,0,0,0,0,0,0,0,0,0,0,0,0
48,5,724.86,184.17,57.59,115.18,3,0,0,0,0,0,0,0,0,0,0,0,0,0,0,0,0,0,0,0
48,6,544.21,165.93,113.54,227.08,5,1,0,0,0,0,0,0,0,0,0,0,0,0,0,0,0,0,0,0
48,7,581.7,150.23,130.57,261.13,5,1,0,0,0,0,0,0,0,0,0,0,0,0,0,0,0,0,0,0
49,2,232.86,169.81,95.608,191.22,5,1,0,0,0,0,0,0,0,0,0,0,0,0,0,0,0,0,0,0
49,4,761.14,201.75,47.533,95.065,7,1,0,0,0,0,0,0,0,0,0,0,0,0,0,0,0,0,0,0
49,5,725.38,184.14,57.667,115.33,3,0,0,0,0,0,0,0,0,0,0,0,0,0,0,0,0,0,0,0
49,6,537.59,165.99,113.37,226.74,5,1,0,0,0,0,0,0,0,0,0,0,0,0,0,0,0,0,0,0
49,7,574.27,150.27,130.49,260.97,5,1,0,0,0,0,0,0,0,0,0,0,0,0,0,0,0,0,0,0
50,2,227.62,169.94,95.64,191.28,5,1,0,0,0,0,0,0,0,0,0,0,0,0,0,0,0,0,0,0
50,4,762.28,201.91,47.406,94.812,7,1,0,0,0,0,0,0,0,0,0,0,0,0,0,0,0,0,0,0
50,5,726.43,184.25,57.772,115.54,3,0,0,0,0,0,0,0,0,0,0,0,0,0,0,0,0,0,0,0
50,6,531.38,166.19,113.22,226.45,5,1,0,0,0,0,0,0,0,0,0,0,0,0,0,0,0,0,0,0
50,7,567.26,150.43,130.44,260.89,5,1,0,0,0,0,0,0,0,0,0,0,0,0,0,0,0,0,0,0
51,2,221.38,170.29,95.724,191.45,5,1,1,2,-5.6976,0.10518,0.05406,0.10812,5,1,269.25,361.74,95.724,191.45,269.25,77.798,77.798,361.74,266.01,457.46
51,3,654.93,184.47,61.969,123.94,3,1,2,2,0,0,0,0,0,0,0,0,0,0,0,0,0,0,0,0
51,4,762.02,202.3,47.216,94.432,7,1,3,2,0.36688,-0.29118,-0.16183,-0.32367,7,1,785.63,296.73,47.216,94.432,785.63,880.06,691.2,296.73,249.52,249.52
51,5,726.17,184.61,57.806,115.61,3,0,4,2,0.39393,0.12553,0.066661,0.13332,3,1,755.08,300.22,57.806,115.61,755.08,639.47,870.69,300.22,358.03,358.03
51,6,524.2,166.64,113.01,226.02,5,1,5,0,-6.8806,-0.28939,-0.18649,-0.37297,5,1,580.7,392.66,113.01,226.02,580.7,354.69,354.69,392.66,279.65,505.67
51,7,559.24,150.87,130.3,260.6,5,1,5,0,-7.6507,-0.14008,-0.10029,-0.20057,5,1,624.39,411.47,130.3,260.6,624.39,363.79,363.79,411.47,281.17,541.77
52,2,215.32,170.91,95.805,191.61,5,1,0,0,0,0,0,0,0,0,0,0,0,0,0,0,0,0,0,0
52,3,655.62,185.1,62.042,124.08,3,1,0,0,0,0,0,0,0,0,0,0,0,0,0,0,0,0,0,0
52,4,762.04,202.97,47.041,94.082,7,1,0,0,0,0,0,0,0,0,0,0,0,0,0,0,0,0,0,0
52,5,726.19,185.24,57.856,115.71,3,0,0,0,0,0,0,0,0,0,0,0,0,0,0,0,0,0,0,0
52,6,517.24,167.36,112.81,225.63,5,1,0,0,0,0,0,0,0,0,0,0,0,0,0,0,0,0,0,0
52,7,551.45,151.57,130.18,260.36,5,1,0,0,0,0,0,0,0,0,0,0,0,0,0,0,0,0,0,0
53,2,210.11,170.6,95.843,191.69,5,1,0,0,0,0,0,0,0,0,0,0,0,0,0,0,0,0,0,0
53,3,657.32,184.76,62.171,124.34,3,1,0,0,0,0,0,0,0,0,0,0,0,0,0,0,0,0,0,0
53,4,763.26,202.68,46.923,93.846,7,1,0,0,0,0,0,0,0,0,0,0,0,0,0,0,0,0,0,0
53,5,727.35,184.9,57.971,115.94,3,0,0,0,0,0,0,0,0,0,0,0,0,0,0,0,0,0,0,0
53,6,511.15,167.11,112.68,225.36,5,1,0,0,0,0,0,0,0,0,0,0,0,0,0,0,0,0,0,0
53,7,544.56,151.29,130.15,260.3,5,1,0,0,0,0,0,0,0,0,0,0,0,0,0,0,0,0,0,0
54,2,204.5,170.34,95.902,191.8,5,1,0,0,0,0,0,0,0,0,0,0,0,0,0,0,0,0,0,0
54,3,658.58,184.49,62.277,124.55,3,1,0,0,0,0,0,0,0,0,0,0,0,0,0,0,0,0,0,0
54,4,763.93,202.46,46.781,93.561,7,1,0,0,0,0,0,0,0,0,0,0,0,0,0,0,0,0,0,0
54,5,728,184.63,58.058,116.12,3,0,0,0,0,0,0,0,0,0,0,0,0,0,0,0,0,0,0,0
54,6,504.69,166.94,112.52,225.04,5,1,0,0,0,0,0,0,0,0,0,0,0,0,0,0,0,0,0,0
54,7,537.28,151.09,130.08,260.16,5,1,0,0,0,0,0,0,0,0,0,0,0,0,0,0,0,0,0,0
55,2,199.47,169.74,95.929,191.86,5,1,0,0,0,0,0,0,0,0,0,0,0,0,0,0,0,0,0,0
55,3,660.52,183.84,62.419,124.84,3,1,0,0,0,0,0,0,0,0,0,0,0,0,0,0,0,0,0,0
55,4,765.38,201.88,46.675,93.35,7,1,0,0,0,0,0,0,0,0,0,0,0,0,0,0,0,0,0,0
55,5,729.4,183.99,58.187,116.37,3,0,0,0,0,0,0,0,0,0,0,0,0,0,0,0,0,0,0,0
55,6,498.79,166.39,112.39,224.78,5,1,0,0,0,0,0,0,0,0,0,0,0,0,0,0,0,0,0,0
55,7,530.58,150.5,130.06,260.12,5,1,0,0,0,0,0,0,0,0,0,0,0,0,0,0,0,0,0,0
56,2,193.85,169.75,95.986,191.97,5,1,0,0,0,0,0,0,0,0,0,0,0,0,0,0,0,0,0,0
56,3,661.79,183.84,62.525,125.05,3,1,0,0,0,0,0,0,0,0,0,0,0,0,0,0,0,0,0,0
56,4,766.02,201.93,46.532,93.064,7,1,0,0,0,0,0,0,0,0,0,0,0,0,0,0,0,0,0,0
56,5,730.04,183.99,58.273,116.55,3,0,0,0,0,0,0,0,0,0,0,0,0,0,0,0,0,0,0,0
56,6,492.35,166.48,112.23,224.45,5,1,0,0,0,0,0,0,0,0,0,0,0,0,0,0,0,0,0,0
56,7,523.31,150.57,129.98,259.97,5,1,0,0,0,0,0,0,0,0,0,0,0,0,0,0,0,0,0,0
57,2,187.41,170.06,96.091,192.18,5,1,0,0,0,0,0,0,0,0,0,0,0,0,0,0,0,0,0,0
57,3,662.15,184.16,62.58,125.16,3,1,0,0,0,0,0,0,0,0,0,0,0,0,0,0,0,0,0,0
57,4,765.54,202.29,46.339,92.677,7,1,0,0,0,0,0,0,0,0,0,0,0,0,0,0,0,0,0,0
57,5,729.64,184.33,58.3,116.6,3,0,0,0,0,0,0,0,0,0,0,0,0,0,0,0,0,0,0,0
57,6,485.19,166.9,112.02,224.04,5,1,0,0,0,0,0,0,0,0,0,0,0,0,0,0,0,0,0,0
57,7,515.3,150.97,129.84,259.69,5,1,0,0,0,0,0,0,0,0,0,0,0,0,0,0,0,0,0,0
58,2,182.09,170.36,96.13,192.26,5,1,0,0,0,0,0,0,0,0,0,0,0,0,0,0,0,0,0,0
58,3,663.79,184.44,62.706,125.41,3,1,0,0,0,0,0,0,0,0,0,0,0,0,0,0,0,0,0,0
58,4,766.58,202.62,46.215,92.43,7,1,0,0,0,0,0,0,0,0,0,0,0,0,0,0,0,0,0,0
58,5,730.67,184.61,58.409,116.82,3,0,0,0,0,0,0,0,0,0,0,0,0,0,0,0,0,0,0,0
58,6,479.08,167.27,111.87,223.74,5,1,0,0,0,0,0,0,0,0,0,0,0,0,0,0,0,0,0,0
58,7,508.36,151.32,129.79,259.58,5,1,0,0,0,0,0,0,0,0,0,0,0,0,0,0,0,0,0,0
59,2,176.46,169.68,96.194,192.39,5,1,0,0,0,0,0,0,0,0,0,0,0,0,0,0,0,0,0,0
59,3,665.12,183.74,62.818,125.64,3,1,0,0,0,0,0,0,0,0,0,0,0,0,0,0,0,0,0,0
59,4,767.23,201.98,46.077,92.153,7,1,0,0,0,0,0,0,0,0,0,0,0,0,0,0,0,0,0,0
59,5,731.36,183.92,58.5,117,3,0,0,0,0,0,0,0,0,0,0,0,0,0,0,0,0,0,0,0
59,6,472.71,166.67,111.71,223.43,5,1,0,0,0,0,0,0,0,0,0,0,0,0,0,0,0,0,0,0
59,7,501.16,150.69,129.72,259.44,5,1,0,0,0,0,0,0,0,0,0,0,0,0,0,0,0,0,0,0
60,2,170.23,169.76,96.286,192.57,5,1,0,0,0,0,0,0,0,0,0,0,0,0,0,0,0,0,0,0
60,3,665.76,183.83,62.887,125.77,3,1,0,0,0,0,0,0,0,0,0,0,0,0,0,0,0,0,0,0
60,4,767.03,202.11,45.897,91.795,7,1,0,0,0,0,0,0,0,0,0,0,0,0,0,0,0,0,0,0
60,5,731.25,184.01,58.543,117.09,3,0,0,0,0,0,0,0,0,0,0,0,0,0,0,0,0,0,0,0
60,6,465.83,166.86,111.52,223.04,5,1,0,0,0,0,0,0,0,0,0,0,0,0,0,0,0,0,0,0
60,7,493.42,150.86,129.6,259.2,5,1,0,0,0,0,0,0,0,0,0,0,0,0,0,0,0,0,0,0
61,2,165.19,170.3,96.317,192.63,5,1,1,2,-5.6005,0.044355,0.059806,0.11961,5,1,213.35,362.93,96.317,192.63,213.35,20.72,20.72,362.93,266.62,459.25
61,3,667.83,184.33,63.045,126.09,3,1,2,2,1.3372,0.12325,0.10704,0.21408,3,1,699.35,310.42,63.045,126.09,699.35,573.26,825.44,310.42,373.46,373.46
61,5,732.75,184.51,58.683,117.37,3,1,4,2,0.68953,0.08819,0.086935,0.17387,3,1,762.09,301.88,58.683,117.37,762.09,644.72,879.45,301.88,360.56,360.56
61,6,460.05,167.45,111.39,222.79,5,1,5,0,-6.4942,-0.31908,-0.16192,-0.32384,5,1,515.75,390.24,111.39,222.79,515.75,292.96,292.96,390.24,278.85,501.64
61,7,486.81,151.42,129.58,259.16,5,1,5,0,-7.2791,-0.16715,-0.072908,-0.14582,5,1,551.6,410.58,129.58,259.16,551.6,292.44,292.44,410.58,281,540.16
62,2,159.83,170.65,96.366,192.73,5,1,0,0,0,0,0,0,0,0,0,0,0,0,0,0,0,0,0,0
62,3,669.55,184.65,63.183,126.37,3,1,0,0,0,0,0,0,0,0,0,0,0,0,0,0,0,0,0,0
62,5,733.83,184.83,58.8,117.6,3,1,0,0,0,0,0,0,0,0,0,0,0,0,0,0,0,0,0,0
62,6,454,167.87,111.25,222.51,5,1,0,0,0,0,0,0,0,0,0,0,0,0,0,0,0,0,0,0
62,7,479.92,151.8,129.53,259.07,5,1,0,0,0,0,0,0,0,0,0,0,0,0,0,0,0,0,0,0
63,2,153.69,170.49,96.463,192.93,5,1,0,0,0,0,0,0,0,0,0,0,0,0,0,0,0,0,0,0
63,3,670.4,184.5,63.269,126.54,3,1,0,0,0,0,0,0,0,0,0,0,0,0,0,0,0,0,0,0
63,5,733.93,184.69,58.86,117.72,3,1,0,0,0,0,0,0,0,0,0,0,0,0,0,0,0,0,0,0
63,6,447.29,167.81,111.08,222.16,5,1,0,0,0,0,0,0,0,0,0,0,0,0,0,0,0,0,0,0
63,7,472.35,151.73,129.44,258.87,5,1,0,0,0,0,0,0,0,0,0,0,0,0,0,0,0,0,0,0
64,2,147.5,171.13,96.564,193.13,5,1,0,0,0,0,0,0,0,0,0,0,0,0,0,0,0,0,0,0
64,3,671.22,185.14,63.354,126.71,3,1,0,0,0,0,0,0,0,0,0,0,0,0,0,0,0,0,0,0
64,5,733.99,185.35,58.917,117.83,3,1,0,0,0,0,0,0,0,0,0,0,0,0,0,0,0,0,0,0
64,6,440.57,168.55,110.91,221.81,5,1,0,0,0,0,0,0,0,0,0,0,0,0,0,0,0,0,0,0
64,7,464.78,152.45,129.34,258.67,5,1,0,0,0,0,0,0,0,0,0,0,0,0,0,0,0,0,0,0
65,2,141.92,170.44,96.627,193.25,5,1,0,0,0,0,0,0,0,0,0,0,0,0,0,0,0,0,0,0
65,3,672.76,184.42,63.483,126.97,3,1,0,0,0,0,0,0,0,0,0,0,0,0,0,0,0,0,0,0
65,5,734.85,184.64,59.023,118.05,3,1,0,0,0,0,0,0,0,0,0,0,0,0,0,0,0,0,0,0
65,6,434.4,167.93,110.76,221.52,5,1,0,0,0,0,0,0,0,0,0,0,0,0,0,0,0,0,0,0
65,7,457.76,151.8,129.28,258.56,5,1,0,0,0,0,0,0,0,0,0,0,0,0,0,0,0,0,0,0
66,2,135.71,170.31,96.733,193.47,5,1,0,0,0,0,0,0,0,0,0,0,0,0,0,0,0,0,0,0
66,3,673.61,184.3,63.571,127.14,3,1,0,0,0,0,0,0,0,0,0,0,0,0,0,0,0,0,0,0
66,5,734.93,184.52,59.083,118.17,3,1,0,0,0,0,0,0,0,0,0,0,0,0,0,0,0,0,0,0
66,6,427.73,167.9,110.59,221.18,5,1,0,0,0,0,0,0,0,0,0,0,0,0,0,0,0,0,0,0
66,7,450.22,151.75,129.19,258.37,5,1,0,0,0,0,0,0,0,0,0,0,0,0,0,0,0,0,0,0
67,2,129.56,169.68,96.838,193.68,5,1,0,0,0,0,0,0,0,0,0,0,0,0,0,0,0,0,0,0
67,3,674.59,183.69,63.669,127.34,3,1,0,0,0,0,0,0,0,0,0,0,0,0,0,0,0,0,0,0
67,5,735.14,183.92,59.153,118.31,3,1,0,0,0,0,0,0,0,0,0,0,0,0,0,0,0,0,0,0
67,6,421.15,167.37,110.43,220.86,5,1,0,0,0,0,0,0,0,0,0,0,0,0,0,0,0,0,0,0
67,7,442.78,151.2,129.11,258.21,5,1,0,0,0,0,0,0,0,0,0,0,0,0,0,0,0,0,0,0
68,2,124.66,169.52,96.855,193.71,5,1,0,0,0,0,0,0,0,0,0,0,0,0,0,0,0,0,0,0
68,3,676.92,183.46,63.847,127.69,3,1,0,0,0,0,0,0,0,0,0,0,0,0,0,0,0,0,0,0
68,5,736.83,183.69,59.31,118.62,3,1,0,0,0,0,0,0,0,0,0,0,0,0,0,0,0,0,0,0
68,6,415.59,167.26,110.3,220.61,5,1,0,0,0,0,0,0,0,0,0,0,0,0,0,0,0,0,0,0
68,7,436.37,151.05,129.08,258.16,5,1,0,0,0,0,0,0,0,0,0,0,0,0,0,0,0,0,0,0
69,2,119.43,169.84,96.888,193.78,5,1,0,0,0,0,0,0,0,0,0,0,0,0,0,0,0,0,0,0
69,3,678.86,183.74,64,128,3,1,0,0,0,0,0,0,0,0,0,0,0,0,0,0,0,0,0,0
69,5,738.09,183.98,59.44,118.88,3,1,0,0,0,0,0,0,0,0,0,0,0,0,0,0,0,0,0,0
69,6,409.77,167.64,110.16,220.32,5,1,0,0,0,0,0,0,0,0,0,0,0,0,0,0,0,0,0,0
69,7,429.68,151.41,129.03,258.05,5,1,0,0,0,0,0,0,0,0,0,0,0,0,0,0,0,0,0,0
70,2,113.46,169.95,96.976,193.95,5,1,0,0,0,0,0,0,0,0,0,0,0,0,0,0,0,0,0,0
70,3,680.06,183.85,64.111,128.22,3,1,0,0,0,0,0,0,0,0,0,0,0,0,0,0,0,0,0,0
70,5,738.5,184.09,59.522,119.04,3,1,0,0,0,0,0,0,0,0,0,0,0,0,0,0,0,0,0,0
70,6,403.39,167.85,110,220,5,1,0,0,0,0,0,0,0,0,0,0,0,0,0,0,0,0,0,0
70,7,422.43,151.59,128.95,257.9,5,1,0,0,0,0,0,0,0,0,0,0,0,0,0,0,0,0,0,0
71,2,107.62,169.99,97.057,194.11,5,1,1,2,-5.7189,0.029403,0.074058,0.14812,5,1,156.15,364.1,97.057,194.11,156.15,-37.961,-37.961,364.1,267.04,461.16
71,3,681.41,183.87,64.233,128.47,3,1,2,2,1.4298,0.10614,0.11979,0.23959,3,1,713.53,312.34,64.233,128.47,713.53,585.06,841.99,312.34,376.57,376.57
71,5,739.08,184.13,59.615,119.23,3,1,3,0,0.68809,0.061538,0.093977,0.18795,3,1,768.88,303.36,59.615,119.23,768.88,649.65,888.11,303.36,362.97,362.97
71,7,415.31,151.69,128.88,257.75,5,1,4,0,-7.1747,-0.20074,-0.070076,-0.14015,5,1,479.75,409.44,128.88,257.75,479.75,221.99,221.99,409.44,280.56,538.31
72,2,101.82,169.96,97.138,194.28,5,1,0,0,0,0,0,0,0,0,0,0,0,0,0,0,0,0,0,0
72,3,682.84,183.83,64.362,128.72,3,1,0,0,0,0,0,0,0,0,0,0,0,0,0,0,0,0,0,0
72,5,739.73,184.09,59.716,119.43,3,1,0,0,0,0,0,0,0,0,0,0,0,0,0,0,0,0,0,0
72,7,408.25,151.72,128.81,257.63,5,1,0,0,0,0,0,0,0,0,0,0,0,0,0,0,0,0,0,0
73,2,95.982,169.93,97.222,194.44,5,1,0,0,0,0,0,0,0,0,0,0,0,0,0,0,0,0,0,0
73,3,684.26,183.79,64.491,128.98,3,1,0,0,0,0,0,0,0,0,0,0,0,0,0,0,0,0,0,0
73,5,740.36,184.06,59.815,119.63,3,1,0,0,0,0,0,0,0,0,0,0,0,0,0,0,0,0,0,0
73,7,401.17,151.75,128.75,257.5,5,1,0,0,0,0,0,0,0,0,0,0,0,0,0,0,0,0,0,0
74,2,89.821,170.1,97.331,194.66,5,1,0,0,0,0,0,0,0,0,0,0,0,0,0,0,0,0,0,0
74,3,685.36,183.95,64.603,129.21,3,1,0,0,0,0,0,0,0,0,0,0,0,0,0,0,0,0,0,0
74,5,740.62,184.23,59.894,119.79,3,1,0,0,0,0,0,0,0,0,0,0,0,0,0,0,0,0,0,0
74,7,393.88,151.98,128.68,257.35,5,1,0,0,0,0,0,0,0,0,0,0,0,0,0,0,0,0,0,0
75,2,83.909,170.28,97.421,194.84,5,1,0,0,0,0,0,0,0,0,0,0,0,0,0,0,0,0,0,0
75,3,686.74,184.12,64.732,129.46,3,1,0,0,0,0,0,0,0,0,0,0,0,0,0,0,0,0,0,0
75,5,741.18,184.41,59.992,119.98,3,1,0,0,0,0,0,0,0,0,0,0,0,0,0,0,0,0,0,0
75,7,386.81,152.23,128.61,257.23,5,1,0,0,0,0,0,0,0,0,0,0,0,0,0,0,0,0,0,0
76,2,78.182,170.42,97.494,194.99,5,1,0,0,0,0,0,0,0,0,0,0,0,0,0,0,0,0,0,0
76,3,688.29,184.24,64.871,129.74,3,1,0,0,0,0,0,0,0,0,0,0,0,0,0,0,0,0,0,0
76,5,741.92,184.54,60.1,120.2,3,1,0,0,0,0,0,0,0,0,0,0,0,0,0,0,0,0,0,0
76,7,379.88,152.42,128.55,257.1,5,1,0,0,0,0,0,0,0,0,0,0,0,0,0,0,0,0,0,0
77,2,72.189,170.34,97.59,195.18,5,1,0,0,0,0,0,0,0,0,0,0,0,0,0,0,0,0,0,0
77,3,689.62,184.15,64.999,130,3,1,0,0,0,0,0,0,0,0,0,0,0,0,0,0,0,0,0,0
77,5,742.41,184.46,60.196,120.39,3,1,0,0,0,0,0,0,0,0,0,0,0,0,0,0,0,0,0,0
77,7,372.78,152.4,128.49,256.97,5,1,0,0,0,0,0,0,0,0,0,0,0,0,0,0,0,0,0,0
78,2,66.678,170.6,97.648,195.3,5,1,0,0,0,0,0,0,0,0,0,0,0,0,0,0,0,0,0,0
78,3,691.45,184.37,65.161,130.32,3,1,0,0,0,0,0,0,0,0,0,0,0,0,0,0,0,0,0,0
78,5,743.44,184.69,60.325,120.65,3,1,0,0,0,0,0,0,0,0,0,0,0,0,0,0,0,0,0,0
78,7,366.06,152.71,128.43,256.86,5,1,0,0,0,0,0,0,0,0,0,0,0,0,0,0,0,0,0,0
79,2,60.729,171.41,97.739,195.48,5,1,0,0,0,0,0,0,0,0,0,0,0,0,0,0,0,0,0,0
79,3,692.84,185.17,65.294,130.59,3,1,0,0,0,0,0,0,0,0,0,0,0,0,0,0,0,0,0,0
79,5,743.97,185.5,60.424,120.85,3,1,0,0,0,0,0,0,0,0,0,0,0,0,0,0,0,0,0,0
79,7,359.04,153.58,128.37,256.74,5,1,0,0,0,0,0,0,0,0,0,0,0,0,0,0,0,0,0,0
80,2,54.716,171.22,97.839,195.68,5,1,0,0,0,0,0,0,0,0,0,0,0,0,0,0,0,0,0,0
80,3,694.21,184.97,65.43,130.86,3,1,0,0,0,0,0,0,0,0,0,0,0,0,0,0,0,0,0,0
80,5,744.47,185.3,60.525,121.05,3,1,0,0,0,0,0,0,0,0,0,0,0,0,0,0,0,0,0,0
80,7,352,153.45,128.31,256.62,5,1,0,0,0,0,0,0,0,0,0,0,0,0,0,0,0,0,0,0
81,2,48.911,171.3,97.921,195.84,5,1,1,2,-5.8249,0.3444,0.08597,0.17194,5,1,97.872,367.14,97.921,195.84,97.872,-97.97,-97.97,367.14,269.22,465.06
81,3,695.8,185.03,65.582,131.16,3,1,2,2,1.5178,0.42832,0.13591,0.27182,3,1,728.6,316.19,65.582,131.16,728.6,597.43,859.76,316.19,381.77,381.77
81,5,745.2,185.37,60.64,121.28,3,1,3,0,0.66958,0.37224,0.10324,0.20647,3,1,775.52,306.66,60.64,121.28,775.52,654.24,896.8,306.66,367.3,367.3
81,7,345.14,153.59,128.26,256.51,5,1,4,0,-7.0353,0.1078,-0.061901,-0.1238,5,1,409.27,410.1,128.26,256.51,409.27,152.75,152.75,410.1,281.85,538.36
82,2,42.757,171.55,98.033,196.07,5,1,0,0,0,0,0,0,0,0,0,0,0,0,0,0,0,0,0,0
82,3,697.08,185.28,65.715,131.43,3,1,0,0,0,0,0,0,0,0,0,0,0,0,0,0,0,0,0,0
82,5,745.57,185.64,60.736,121.47,3,1,0,0,0,0,0,0,0,0,0,0,0,0,0,0,0,0,0,0
82,7,338.05,153.91,128.2,256.41,5,1,0,0,0,0,0,0,0,0,0,0,0,0,0,0,0,0,0,0
83,2,36.987,171.75,98.112,196.22,5,1,0,0,0,0,0,0,0,0,0,0,0,0,0,0,0,0,0,0
83,3,698.73,185.45,65.874,131.75,3,1,0,0,0,0,0,0,0,0,0,0,0,0,0,0,0,0,0,0
83,5,746.36,185.81,60.857,121.71,3,1,0,0,0,0,0,0,0,0,0,0,0,0,0,0,0,0,0,0
83,7,331.25,154.16,128.15,256.3,5,1,0,0,0,0,0,0,0,0,0,0,0,0,0,0,0,0,0,0
84,2,31.304,172.3,98.186,196.37,5,1,0,0,0,0,0,0,0,0,0,0,0,0,0,0,0,0,0,0
84,3,700.51,185.96,66.045,132.09,3,1,0,0,0,0,0,0,0,0,0,0,0,0,0,0,0,0,0,0
84,5,747.27,186.34,60.989,121.98,3,1,0,0,0,0,0,0,0,0,0,0,0,0,0,0,0,0,0,0
84,7,324.54,154.76,128.1,256.21,5,1,0,0,0,0,0,0,0,0,0,0,0,0,0,0,0,0,0,0
85,2,25.674,172.54,98.254,196.51,5,1,0,0,0,0,0,0,0,0,0,0,0,0,0,0,0,0,0,0
85,3,702.34,186.16,66.221,132.44,3,1,0,0,0,0,0,0,0,0,0,0,0,0,0,0,0,0,0,0
85,5,748.23,186.55,61.126,122.25,3,1,0,0,0,0,0,0,0,0,0,0,0,0,0,0,0,0,0,0
85,7,317.89,155.04,128.05,256.11,5,1,0,0,0,0,0,0,0,0,0,0,0,0,0,0,0,0,0,0
86,2,18.956,172.74,98.415,196.83,5,1,0,0,0,0,0,0,0,0,0,0,0,0,0,0,0,0,0,0
86,3,703.14,186.38,66.331,132.66,3,1,0,0,0,0,0,0,0,0,0,0,0,0,0,0,0,0,0,0
86,5,748.06,186.79,61.194,122.39,3,1,0,0,0,0,0,0,0,0,0,0,0,0,0,0,0,0,0,0
86,7,310.52,155.32,128.01,256.02,5,1,0,0,0,0,0,0,0,0,0,0,0,0,0,0,0,0,0,0
87,2,13.022,172.54,98.505,197.01,5,1,0,0,0,0,0,0,0,0,0,0,0,0,0,0,0,0,0,0
87,3,704.67,186.16,66.489,132.98,3,1,0,0,0,0,0,0,0,0,0,0,0,0,0,0,0,0,0,0
87,5,748.68,186.58,61.31,122.62,3,1,0,0,0,0,0,0,0,0,0,0,0,0,0,0,0,0,0,0
87,7,303.7,155.18,127.96,255.92,5,1,0,0,0,0,0,0,0,0,0,0,0,0,0,0,0,0,0,0
88,2,7.217,172.8,98.586,197.17,5,1,0,0,0,0,0,0,0,0,0,0,0,0,0,0,0,0,0,0
88,3,706.36,186.4,66.662,133.32,3,1,0,0,0,0,0,0,0,0,0,0,0,0,0,0,0,0,0,0
88,5,749.46,186.82,61.44,122.88,3,1,0,0,0,0,0,0,0,0,0,0,0,0,0,0,0,0,0,0
88,7,297,155.49,127.91,255.83,5,1,0,0,0,0,0,0,0,0,0,0,0,0,0,0,0,0,0,0
89,2,1.2087,172.2,98.685,197.37,5,1,0,0,0,0,0,0,0,0,0,0,0,0,0,0,0,0,0,0
89,3,707.87,185.78,66.826,133.65,3,1,0,0,0,0,0,0,0,0,0,0,0,0,0,0,0,0,0,0
89,5,750.04,186.22,61.56,123.12,3,1,0,0,0,0,0,0,0,0,0,0,0,0,0,0,0,0,0,0
89,7,290.18,154.95,127.87,255.74,5,1,0,0,0,0,0,0,0,0,0,0,0,0,0,0,0,0,0,0
90,2,-3.6302,171.81,98.677,197.35,5,1,0,0,0,0,0,0,0,0,0,0,0,0,0,0,0,0,0,0
90,3,710.44,185.29,67.06,134.12,3,1,0,0,0,0,0,0,0,0,0,0,0,0,0,0,0,0,0,0
90,5,751.76,185.75,61.751,123.5,3,1,0,0,0,0,0,0,0,0,0,0,0,0,0,0,0,0,0,0
90,7,284.15,154.58,127.81,255.61,5,1,0,0,0,0,0,0,0,0,0,0,0,0,0,0,0,0,0,0
91,3,712.05,185.86,67.234,134.47,3,1,1,2,1.7027,0.35443,0.16585,0.3317,3,1,745.67,320.33,67.234,134.47,745.67,611.2,880.14,320.33,387.57,387.57
91,5,752.43,186.33,61.878,123.76,3,1,2,0,0.77502,0.28272,0.12396,0.24792,3,1,783.37,310.09,61.878,123.76,783.37,659.61,907.12,310.09,371.96,371.96
91,7,277.45,155.23,127.76,255.51,5,1,3,0,-6.7908,0.0052074,-0.048875,-0.097749,5,1,341.33,410.74,127.76,255.51,341.33,85.821,85.821,410.74,282.99,538.5
92,3,714.83,186.37,67.488,134.98,3,1,0,0,0,0,0,0,0,0,0,0,0,0,0,0,0,0,0,0
92,5,754.35,186.85,62.086,124.17,3,1,0,0,0,0,0,0,0,0,0,0,0,0,0,0,0,0,0,0
92,7,271.62,155.86,127.68,255.36,5,1,0,0,0,0,0,0,0,0,0,0,0,0,0,0,0,0,0,0
93,3,717.29,185.78,67.725,135.45,3,1,0,0,0,0,0,0,0,0,0,0,0,0,0,0,0,0,0,0
93,5,755.91,186.27,62.275,124.55,3,1,0,0,0,0,0,0,0,0,0,0,0,0,0,0,0,0,0,0
93,7,265.57,155.39,127.61,255.22,5,1,0,0,0,0,0,0,0,0,0,0,0,0,0,0,0,0,0,0
94,3,719.86,185.37,67.976,135.95,3,1,0,0,0,0,0,0,0,0,0,0,0,0,0,0,0,0,0,0
94,5,757.59,185.88,62.477,124.95,3,1,0,0,0,0,0,0,0,0,0,0,0,0,0,0,0,0,0,0
94,7,259.6,155.1,127.54,255.08,5,1,0,0,0,0,0,0,0,0,0,0,0,0,0,0,0,0,0,0
95,3,722.11,185.49,68.207,136.41,3,1,0,0,0,0,0,0,0,0,0,0,0,0,0,0,0,0,0,0
95,5,758.91,186,62.656,125.31,3,1,0,0,0,0,0,0,0,0,0,0,0,0,0,0,0,0,0,0
95,7,253.45,155.33,127.47,254.94,5,1,0,0,0,0,0,0,0,0,0,0,0,0,0,0,0,0,0,0
96,3,724.13,185.67,68.428,136.86,3,1,0,0,0,0,0,0,0,0,0,0,0,0,0,0,0,0,0,0
96,5,759.98,186.2,62.824,125.65,3,1,0,0,0,0,0,0,0,0,0,0,0,0,0,0,0,0,0,0
96,7,247.15,155.61,127.41,254.82,5,1,0,0,0,0,0,0,0,0,0,0,0,0,0,0,0,0,0,0
97,3,725.79,185.72,68.626,137.25,3,1,0,0,0,0,0,0,0,0,0,0,0,0,0,0,0,0,0,0
97,5,760.65,186.27,62.968,125.94,3,1,0,0,0,0,0,0,0,0,0,0,0,0,0,0,0,0,0,0
97,7,240.61,155.76,127.36,254.71,5,1,0,0,0,0,0,0,0,0,0,0,0,0,0,0,0,0,0,0
98,3,728.55,185.76,68.901,137.8,3,1,0,0,0,0,0,0,0,0,0,0,0,0,0,0,0,0,0,0
98,5,762.48,186.32,63.188,126.38,3,1,0,0,0,0,0,0,0,0,0,0,0,0,0,0,0,0,0,0
98,7,234.91,155.93,127.26,254.52,5,1,0,0,0,0,0,0,0,0,0,0,0,0,0,0,0,0,0,0
99,3,730.48,185.78,69.127,138.25,3,1,0,0,0,0,0,0,0,0,0,0,0,0,0,0,0,0,0,0
99,5,763.43,186.36,63.358,126.72,3,1,0,0,0,0,0,0,0,0,0,0,0,0,0,0,0,0,0,0
99,7,228.62,156.07,127.2,254.4,5,1,0,0,0,0,0,0,0,0,0,0,0,0,0,0,0,0,0,0
100,3,731.74,185.72,69.307,138.61,3,1,0,0,0,0,0,0,0,0,0,0,0,0,0,0,0,0,0,0
100,5,763.64,186.32,63.481,126.96,3,1,0,0,0,0,0,0,0,0,0,0,0,0,0,0,0,0,0,0
100,7,221.89,156.09,127.15,254.31,5,1,0,0,0,0,0,0,0,0,0,0,0,0,0,0,0,0,0,0
101,3,734.16,186,69.574,139.15,2,1,1,2,2.2313,0.45388,0.22963,0.45926,3,1,768.95,325.14,69.574,139.15,768.95,629.8,908.09,325.14,394.72,394.72
101,5,765.08,186.61,63.687,127.37,3,1,2,0,1.2474,0.36122,0.17573,0.35145,3,1,796.93,313.98,63.687,127.37,796.93,669.55,924.3,313.98,377.67,377.67
101,7,216.01,156.49,127.07,254.14,5,1,3,0,-6.2348,-0.028611,-0.067034,-0.13407,5,1,279.55,410.63,127.07,254.14,279.55,25.408,25.408,410.63,283.56,537.7
102,3,735.92,185.83,69.799,139.6,2,1,0,0,0,0,0,0,0,0,0,0,0,0,0,0,0,0,0,0
102,5,765.81,186.46,63.853,127.71,3,1,0,0,0,0,0,0,0,0,0,0,0,0,0,0,0,0,0,0
102,7,209.68,156.44,127.01,254.02,5,1,0,0,0,0,0,0,0,0,0,0,0,0,0,0,0,0,0,0
103,3,737.6,185.78,70.022,140.04,2,1,0,0,0,0,0,0,0,0,0,0,0,0,0,0,0,0,0,0
103,5,766.46,186.43,64.014,128.03,3,1,0,0,0,0,0,0,0,0,0,0,0,0,0,0,0,0,0,0
103,7,203.33,156.49,126.95,253.9,5,1,0,0,0,0,0,0,0,0,0,0,0,0,0,0,0,0,0,0
104,3,739.67,185.64,70.275,140.55,2,1,0,0,0,0,0,0,0,0,0,0,0,0,0,0,0,0,0,0
104,5,767.49,186.3,64.204,128.41,3,1,0,0,0,0,0,0,0,0,0,0,0,0,0,0,0,0,0,0
104,7,197.29,156.47,126.87,253.75,5,1,0,0,0,0,0,0,0,0,0,0,0,0,0,0,0,0,0,0
105,3,741.83,185.93,70.54,141.08,2,1,0,0,0,0,0,0,0,0,0,0,0,0,0,0,0,0,0,0
105,5,768.62,186.62,64.404,128.81,3,1,0,0,0,0,0,0,0,0,0,0,0,0,0,0,0,0,0,0
105,7,191.36,156.9,126.79,253.57,5,1,0,0,0,0,0,0,0,0,0,0,0,0,0,0,0,0,0,0
106,3,742.23,185.71,70.682,141.36,2,1,0,0,0,0,0,0,0,0,0,0,0,0,0,0,0,0,0,0
106,5,767.89,186.42,64.485,128.97,3,1,0,0,0,0,0,0,0,0,0,0,0,0,0,0,0,0,0,0
106,7,184.15,156.73,126.79,253.57,5,1,0,0,0,0,0,0,0,0,0,0,0,0,0,0,0,0,0,0
107,3,743.71,185.61,70.909,141.82,2,1,0,0,0,0,0,0,0,0,0,0,0,0,0,0,0,0,0,0
107,5,768.3,186.34,64.646,129.29,3,1,0,0,0,0,0,0,0,0,0,0,0,0,0,0,0,0,0,0
107,7,177.74,156.73,126.74,253.49,5,1,0,0,0,0,0,0,0,0,0,0,0,0,0,0,0,0,0,0
108,3,743.68,185.71,71.029,142.06,2,1,0,0,0,0,0,0,0,0,0,0,0,0,0,0,0,0,0,0
108,5,767.11,186.46,64.704,129.41,3,1,0,0,0,0,0,0,0,0,0,0,0,0,0,0,0,0,0,0
108,7,170.24,156.86,126.77,253.55,5,1,0,0,0,0,0,0,0,0,0,0,0,0,0,0,0,0,0,0
109,3,744.76,185.66,71.231,142.46,2,1,0,0,0,0,0,0,0,0,0,0,0,0,0,0,0,0,0,0
109,5,767.1,186.43,64.84,129.68,3,1,0,0,0,0,0,0,0,0,0,0,0,0,0,0,0,0,0,0
109,7,163.62,156.89,126.74,253.49,5,1,0,0,0,0,0,0,0,0,0,0,0,0,0,0,0,0,0,0
110,3,747.23,186.39,71.542,143.08,2,1,0,0,0,0,0,0,0,0,0,0,0,0,0,0,0,0,0,0
110,5,768.53,187.17,65.078,130.16,3,1,0,0,0,0,0,0,0,0,0,0,0,0,0,0,0,0,0,0
110,7,158.04,157.77,126.64,253.29,5,1,0,0,0,0,0,0,0,0,0,0,0,0,0,0,0,0,0,0
111,7,151.64,157.26,126.6,253.19,5,1,1,0,-6.5502,0.030775,-0.040252,-0.080504,5,1,214.94,410.45,126.6,253.19,214.94,-38.249,-38.249,410.45,283.85,537.05
111,8,721.15,96.206,185.27,370.54,1,0,2,0,0,0,0,0,0,0,0,0,0,0,0,0,0,0,0,0
112,7,145.03,156.15,126.57,253.15,5,1,0,0,0,0,0,0,0,0,0,0,0,0,0,0,0,0,0,0
112,8,714.1,95.194,185.09,370.19,1,0,0,0,0,0,0,0,0,0,0,0,0,0,0,0,0,0,0,0
113,7,138.69,155.94,126.53,253.06,5,1,0,0,0,0,0,0,0,0,0,0,0,0,0,0,0,0,0,0
113,8,707.42,95.038,184.99,369.98,1,0,0,0,0,0,0,0,0,0,0,0,0,0,0,0,0,0,0,0
114,7,131.92,156.3,126.52,253.05,5,1,0,0,0,0,0,0,0,0,0,0,0,0,0,0,0,0,0,0
114,8,700.19,95.527,184.77,369.54,1,0,0,0,0,0,0,0,0,0,0,0,0,0,0,0,0,0,0,0
115,7,125.33,156.12,126.52,253.03,5,1,0,0,0,0,0,0,0,0,0,0,0,0,0,0,0,0,0,0
115,8,693.26,95.438,184.63,369.25,1,0,0,0,0,0,0,0,0,0,0,0,0,0,0,0,0,0,0,0
116,7,119.29,155.5,126.46,252.91,5,1,0,0,0,0,0,0,0,0,0,0,0,0,0,0,0,0,0,0
116,8,686.91,94.813,184.59,369.18,1,0,0,0,0,0,0,0,0,0,0,0,0,0,0,0,0,0,0,0
117,7,113.15,154.9,126.41,252.82,5,1,0,0,0,0,0,0,0,0,0,0,0,0,0,0,0,0,0,0
117,8,680.47,94.225,184.54,369.08,1,0,0,0,0,0,0,0,0,0,0,0,0,0,0,0,0,0,0,0
118,7,106.57,154.56,126.4,252.8,5,1,0,0,0,0,0,0,0,0,0,0,0,0,0,0,0,0,0,0
118,8,673.51,93.973,184.39,368.78,1,0,0,0,0,0,0,0,0,0,0,0,0,0,0,0,0,0,0,0
119,7,99.701,154.84,126.42,252.84,5,1,0,0,0,0,0,0,0,0,0,0,0,0,0,0,0,0,0,0
119,8,666.22,94.399,184.17,368.35,1,0,0,0,0,0,0,0,0,0,0,0,0,0,0,0,0,0,0,0
120,7,93.563,154.79,126.37,252.74,5,1,0,0,0,0,0,0,0,0,0,0,0,0,0,0,0,0,0,0
120,8,659.71,94.371,184.11,368.21,1,0,0,0,0,0,0,0,0,0,0,0,0,0,0,0,0,0,0,0
121,7,87.559,154.86,126.3,252.61,5,1,1,0,-6.4175,-0.24905,-0.026949,-0.053898,5,1,150.71,407.46,126.3,252.61,150.71,-101.9,-101.9,407.46,281.16,533.77
121,8,653.28,94.441,184.05,368.09,2,1,2,0,-6.8278,-0.3682,-0.11722,-0.23443,1,1,745.31,462.54,184.05,368.09,745.31,1113.4,1113.4,462.54,646.58,278.49
122,7,80.776,154.76,126.32,252.64,5,1,0,0,0,0,0,0,0,0,0,0,0,0,0,0,0,0,0,0
122,8,646.08,94.467,183.85,367.71,2,1,0,0,0,0,0,0,0,0,0,0,0,0,0,0,0,0,0,0
123,7,74.314,154.43,126.3,252.61,5,1,0,0,0,0,0,0,0,0,0,0,0,0,0,0,0,0,0,0
123,8,639.19,94.22,183.72,367.44,2,1,0,0,0,0,0,0,0,0,0,0,0,0,0,0,0,0,0,0
124,7,68.282,155.5,126.25,252.5,5,1,0,0,0,0,0,0,0,0,0,0,0,0,0,0,0,0,0,0
124,8,632.74,95.292,183.68,367.35,2,1,0,0,0,0,0,0,0,0,0,0,0,0,0,0,0,0,0,0
125,7,61.681,155.32,126.25,252.51,5,1,0,0,0,0,0,0,0,0,0,0,0,0,0,0,0,0,0,0
125,8,625.7,95.206,183.52,367.04,2,1,0,0,0,0,0,0,0,0,0,0,0,0,0,0,0,0,0,0
126,7,55.38,155.53,126.22,252.44,5,1,0,0,0,0,0,0,0,0,0,0,0,0,0,0,0,0,0,0
126,8,618.9,95.479,183.4,366.8,2,1,0,0,0,0,0,0,0,0,0,0,0,0,0,0,0,0,0,0
127,7,48.969,155.43,126.21,252.42,5,1,0,0,0,0,0,0,0,0,0,0,0,0,0,0,0,0,0,0
127,8,612.05,95.444,183.3,366.59,2,1,0,0,0,0,0,0,0,0,0,0,0,0,0,0,0,0,0,0
128,7,42.008,154.79,126.25,252.51,5,1,0,0,0,0,0,0,0,0,0,0,0,0,0,0,0,0,0,0
128,8,604.67,94.946,183.09,366.18,2,1,0,0,0,0,0,0,0,0,0,0,0,0,0,0,0,0,0,0
129,7,35.684,154.69,126.23,252.47,5,1,0,0,0,0,0,0,0,0,0,0,0,0,0,0,0,0,0,0
129,8,597.85,94.898,182.99,365.98,2,1,0,0,0,0,0,0,0,0,0,0,0,0,0,0,0,0,0,0
130,7,30.163,154.62,126.12,252.25,5,1,0,0,0,0,0,0,0,0,0,0,0,0,0,0,0,0,0,0
130,8,591.68,94.782,183,366,2,1,0,0,0,0,0,0,0,0,0,0,0,0,0,0,0,0,0,0
131,7,23.862,153.88,126.1,252.21,5,1,1,0,-6.3719,-0.11445,-0.020001,-0.040003,5,1,86.914,406.09,126.1,252.21,86.914,-165.29,-165.29,406.09,279.99,532.19
131,8,584.84,94.096,182.9,365.8,3,1,2,0,-6.8934,-0.23744,-0.11207,-0.22414,2,1,676.29,459.89,182.9,365.8,676.29,676.29,1193.6,459.89,718.55,459.89
132,7,18.39,154.13,125.99,251.98,5,1,0,0,0,0,0,0,0,0,0,0,0,0,0,0,0,0,0,0
132,8,578.61,94.293,182.9,365.79,3,1,0,0,0,0,0,0,0,0,0,0,0,0,0,0,0,0,0,0
133,7,12.381,154.74,125.94,251.88,5,1,0,0,0,0,0,0,0,0,0,0,0,0,0,0,0,0,0,0
133,8,571.96,94.923,182.84,365.68,3,1,0,0,0,0,0,0,0,0,0,0,0,0,0,0,0,0,0,0
134,7,8.1136,155.08,125.69,251.39,5,1,0,0,0,0,0,0,0,0,0,0,0,0,0,0,0,0,0,0
134,8,566.59,95.06,182.99,365.97,3,1,0,0,0,0,0,0,0,0,0,0,0,0,0,0,0,0,0,0
135,7,2.078,154.37,125.64,251.28,5,1,0,0,0,0,0,0,0,0,0,0,0,0,0,0,0,0,0,0
135,8,559.79,94.388,182.89,365.78,3,1,0,0,0,0,0,0,0,0,0,0,0,0,0,0,0,0,0,0
136,7,-4.2397,155.22,125.62,251.25,5,1,0,0,0,0,0,0,0,0,0,0,0,0,0,0,0,0,0,0
136,8,552.79,95.302,182.78,365.55,3,1,0,0,0,0,0,0,0,0,0,0,0,0,0,0,0,0,0,0
137,7,-11.311,155.97,125.69,251.38,5,1,0,0,0,0,0,0,0,0,0,0,0,0,0,0,0,0,0,0
137,8,545.2,96.208,182.57,365.14,3,1,0,0,0,0,0,0,0,0,0,0,0,0,0,0,0,0,0,0
138,7,-17.223,156.28,125.63,251.27,5,1,0,0,0,0,0,0,0,0,0,0,0,0,0,0,0,0,0,0
138,8,538.47,96.534,182.51,365.02,3,1,0,0,0,0,0,0,0,0,0,0,0,0,0,0,0,0,0,0
139,7,-23.409,156.31,125.6,251.21,5,1,0,0,0,0,0,0,0,0,0,0,0,0,0,0,0,0,0,0
139,8,531.49,96.611,182.41,364.82,3,1,0,0,0,0,0,0,0,0,0,0,0,0,0,0,0,0,0,0
140,7,-29.291,156.44,125.53,251.07,5,1,0,0,0,0,0,0,0,0,0,0,0,0,0,0,0,0,0,0
140,8,524.66,96.772,182.32,364.63,3,1,0,0,0,0,0,0,0,0,0,0,0,0,0,0,0,0,0,0
141,8,518.26,96.028,182.3,364.59,3,1,1,0,-6.8355,0.10345,-0.080574,-0.16115,3,1,609.41,460.62,182.3,364.59,609.41,244.82,974.01,460.62,642.92,642.92
142,8,510.02,96.257,182.02,364.04,3,1,0,0,0,0,0,0,0,0,0,0,0,0,0,0,0,0,0,0
143,8,503.05,96.454,181.92,363.85,3,1,0,0,0,0,0,0,0,0,0,0,0,0,0,0,0,0,0,0
144,8,495.32,97.075,181.73,363.47,3,1,0,0,0,0,0,0,0,0,0,0,0,0,0,0,0,0,0,0
145,8,487.67,97.116,181.56,363.12,3,1,0,0,0,0,0,0,0,0,0,0,0,0,0,0,0,0,0,0
146,8,480.57,96.805,181.46,362.92,3,1,0,0,0,0,0,0,0,0,0,0,0,0,0,0,0,0,0,0
147,8,472.94,96.909,181.31,362.63,3,1,0,0,0,0,0,0,0,0,0,0,0,0,0,0,0,0,0,0
148,8,463.17,97.123,180.93,361.85,3,1,0,0,0,0,0,0,0,0,0,0,0,0,0,0,0,0,0,0
149,8,455.8,97.405,180.8,361.61,3,1,0,0,0,0,0,0,0,0,0,0,0,0,0,0,0,0,0,0
150,8,448.12,97.546,180.66,361.32,3,1,0,0,0,0,0,0,0,0,0,0,0,0,0,0,0,0,0,0
151,5,751.44,182.38,72.228,144.46,3,1,1,0,0,0,0,0,0,0,0,0,0,0,0,0,0,0,0,0
151,8,441.1,97.584,180.58,361.17,4,1,2,0,-7.8651,-0.21554,-0.1725,-0.345,3,1,531.39,458.75,180.58,361.17,531.39,170.22,892.56,458.75,639.34,639.34
152,5,751.74,182,72.513,145.03,3,1,0,0,0,0,0,0,0,0,0,0,0,0,0,0,0,0,0,0
152,8,434.56,97.333,180.56,361.11,4,1,0,0,0,0,0,0,0,0,0,0,0,0,0,0,0,0,0,0
153,5,750.57,182.04,72.691,145.38,3,1,0,0,0,0,0,0,0,0,0,0,0,0,0,0,0,0,0,0
153,8,427.07,97.518,180.43,360.87,4,1,0,0,0,0,0,0,0,0,0,0,0,0,0,0,0,0,0,0
154,5,750.23,182.11,72.93,145.86,3,1,0,0,0,0,0,0,0,0,0,0,0,0,0,0,0,0,0,0
154,8,420.13,97.733,180.35,360.7,4,1,0,0,0,0,0,0,0,0,0,0,0,0,0,0,0,0,0,0
155,5,749.27,182.03,73.127,146.25,3,1,0,0,0,0,0,0,0,0,0,0,0,0,0,0,0,0,0,0
155,8,412.79,97.797,180.23,360.46,4,1,0,0,0,0,0,0,0,0,0,0,0,0,0,0,0,0,0,0
156,5,748.34,181.84,73.331,146.66,3,1,0,0,0,0,0,0,0,0,0,0,0,0,0,0,0,0,0,0
156,8,405.46,97.753,180.12,360.25,4,1,0,0,0,0,0,0,0,0,0,0,0,0,0,0,0,0,0,0
157,5,746.34,181.36,73.456,146.91,3,1,0,0,0,0,0,0,0,0,0,0,0,0,0,0,0,0,0,0
157,8,397.45,97.424,179.96,359.93,4,1,0,0,0,0,0,0,0,0,0,0,0,0,0,0,0,0,0,0
158,5,745.42,181.48,73.661,147.32,3,1,0,0,0,0,0,0,0,0,0,0,0,0,0,0,0,0,0,0
158,8,390.17,97.697,179.84,359.69,4,1,0,0,0,0,0,0,0,0,0,0,0,0,0,0,0,0,0,0
159,5,744.64,181.33,73.883,147.77,3,1,0,0,0,0,0,0,0,0,0,0,0,0,0,0,0,0,0,0
159,8,382.98,97.696,179.74,359.47,4,1,0,0,0,0,0,0,0,0,0,0,0,0,0,0,0,0,0,0
160,5,743.87,181.68,74.11,148.22,3,1,0,0,0,0,0,0,0,0,0,0,0,0,0,0,0,0,0,0
160,8,375.81,98.199,179.63,359.26,4,1,0,0,0,0,0,0,0,0,0,0,0,0,0,0,0,0,0,0
161,5,742.57,181.94,74.3,148.6,3,1,1,0,-0.93727,0.33893,0.197,0.394,3,1,779.72,330.54,74.3,148.6,779.72,631.12,928.32,330.54,404.84,404.84
161,8,368.3,98.603,179.51,359.02,5,1,2,0,-7.4331,-0.14246,-0.11786,-0.23571,4,1,458.06,457.62,179.51,359.02,458.06,-49.667,458.06,457.62,457.62,711.48
162,5,741.28,181.97,74.492,148.98,3,1,0,0,0,0,0,0,0,0,0,0,0,0,0,0,0,0,0,0
162,8,360.84,98.787,179.38,358.76,5,1,0,0,0,0,0,0,0,0,0,0,0,0,0,0,0,0,0,0
163,5,739.61,181.79,74.656,149.31,3,1,0,0,0,0,0,0,0,0,0,0,0,0,0,0,0,0,0,0
163,8,353.15,98.757,179.23,358.47,5,1,0,0,0,0,0,0,0,0,0,0,0,0,0,0,0,0,0,0
164,5,739.56,181.52,74.949,149.9,3,1,0,0,0,0,0,0,0,0,0,0,0,0,0,0,0,0,0,0
164,8,346.55,98.666,179.13,358.26,5,1,0,0,0,0,0,0,0,0,0,0,0,0,0,0,0,0,0,0
165,5,736.79,182.07,75.042,150.08,3,1,0,0,0,0,0,0,0,0,0,0,0,0,0,0,0,0,0,0
165,8,338.17,99.345,178.99,357.97,5,1,0,0,0,0,0,0,0,0,0,0,0,0,0,0,0,0,0,0
166,5,735.61,181.65,75.257,150.51,3,1,0,0,0,0,0,0,0,0,0,0,0,0,0,0,0,0,0,0
166,8,330.89,99.08,178.86,357.72,5,1,0,0,0,0,0,0,0,0,0,0,0,0,0,0,0,0,0,0
167,5,734.35,182.81,75.471,150.94,3,1,0,0,0,0,0,0,0,0,0,0,0,0,0,0,0,0,0,0
167,8,323.58,100.4,178.73,357.46,5,1,0,0,0,0,0,0,0,0,0,0,0,0,0,0,0,0,0,0
168,5,731.62,183.35,75.577,151.15,3,1,0,0,0,0,0,0,0,0,0,0,0,0,0,0,0,0,0,0
168,8,315.34,101.07,178.6,357.2,5,1,0,0,0,0,0,0,0,0,0,0,0,0,0,0,0,0,0,0
169,5,729.75,183.47,75.75,151.5,3,1,0,0,0,0,0,0,0,0,0,0,0,0,0,0,0,0,0,0
169,8,307.73,101.34,178.46,356.92,5,1,0,0,0,0,0,0,0,0,0,0,0,0,0,0,0,0,0,0
170,5,728.73,183.54,75.993,151.99,3,1,0,0,0,0,0,0,0,0,0,0,0,0,0,0,0,0,0,0
170,8,300.74,101.58,178.32,356.65,5,1,0,0,0,0,0,0,0,0,0,0,0,0,0,0,0,0,0,0
171,3,734.38,180.91,88.793,177.59,4,1,1,2,0,0,0,0,0,0,0,0,0,0,0,0,0,0,0,0
171,5,727.32,183.63,76.211,152.42,4,1,2,0,-1.5291,0.62554,0.18574,0.37148,3,1,765.43,336.05,76.211,152.42,765.43,613.01,917.85,336.05,412.26,412.26
171,8,293.54,101.84,178.18,356.37,5,1,3,0,-7.5964,0.14307,-0.1319,-0.26379,5,1,382.63,458.21,178.18,356.37,382.63,26.259,26.259,458.21,280.03,636.39
172,3,731.39,181.12,89.077,178.15,4,1,0,0,0,0,0,0,0,0,0,0,0,0,0,0,0,0,0,0
172,5,725.24,183.87,76.381,152.76,4,1,0,0,0,0,0,0,0,0,0,0,0,0,0,0,0,0,0,0
172,8,285.94,102.24,178.05,356.09,5,1,0,0,0,0,0,0,0,0,0,0,0,0,0,0,0,0,0,0
173,3,728.68,180.48,89.399,178.8,4,1,0,0,0,0,0,0,0,0,0,0,0,0,0,0,0,0,0,0
173,5,723.49,183.27,76.583,153.17,4,1,0,0,0,0,0,0,0,0,0,0,0,0,0,0,0,0,0,0
173,8,278.63,101.8,177.91,355.81,5,1,0,0,0,0,0,0,0,0,0,0,0,0,0,0,0,0,0,0
174,3,724.05,180.59,89.56,179.12,4,1,0,0,0,0,0,0,0,0,0,0,0,0,0,0,0,0,0,0
174,5,719.89,183.41,76.653,153.31,4,1,0,0,0,0,0,0,0,0,0,0,0,0,0,0,0,0,0,0
174,8,270.06,102.03,177.82,355.63,5,1,0,0,0,0,0,0,0,0,0,0,0,0,0,0,0,0,0,0
175,3,721.41,180.4,89.903,179.81,4,1,0,0,0,0,0,0,0,0,0,0,0,0,0,0,0,0,0,0
175,5,718.32,183.26,76.875,153.75,4,1,0,0,0,0,0,0,0,0,0,0,0,0,0,0,0,0,0,0
175,8,263.01,102.05,177.66,355.33,5,1,0,0,0,0,0,0,0,0,0,0,0,0,0,0,0,0,0,0
176,3,718,180.44,90.187,180.37,4,1,0,0,0,0,0,0,0,0,0,0,0,0,0,0,0,0,0,0
176,5,716.03,183.33,77.051,154.1,4,1,0,0,0,0,0,0,0,0,0,0,0,0,0,0,0,0,0,0
176,8,255.5,102.27,177.54,355.07,5,1,0,0,0,0,0,0,0,0,0,0,0,0,0,0,0,0,0,0
177,3,716.83,179.7,90.679,181.36,4,1,0,0,0,0,0,0,0,0,0,0,0,0,0,0,0,0,0,0
177,5,716.02,182.63,77.401,154.8,4,1,0,0,0,0,0,0,0,0,0,0,0,0,0,0,0,0,0,0
177,8,249.71,101.84,177.33,354.66,5,1,0,0,0,0,0,0,0,0,0,0,0,0,0,0,0,0,0,0
178,3,713.2,179.77,90.961,181.92,4,1,0,0,0,0,0,0,0,0,0,0,0,0,0,0,0,0,0,0
178,5,713.62,182.74,77.577,155.15,4,1,0,0,0,0,0,0,0,0,0,0,0,0,0,0,0,0,0,0
178,8,242.27,102.09,177.2,354.4,5,1,0,0,0,0,0,0,0,0,0,0,0,0,0,0,0,0,0,0
179,3,709.54,179.77,91.246,182.49,4,1,0,0,0,0,0,0,0,0,0,0,0,0,0,0,0,0,0,0
179,5,711.24,182.77,77.759,155.52,4,1,0,0,0,0,0,0,0,0,0,0,0,0,0,0,0,0,0,0
179,8,234.93,102.27,177.07,354.13,5,1,0,0,0,0,0,0,0,0,0,0,0,0,0,0,0,0,0,0
180,3,706.08,180.49,91.556,183.11,4,1,0,0,0,0,0,0,0,0,0,0,0,0,0,0,0,0,0,0
180,5,709.11,183.53,77.965,155.93,4,1,0,0,0,0,0,0,0,0,0,0,0,0,0,0,0,0,0,0
180,8,227.84,103.2,176.92,353.85,5,1,0,0,0,0,0,0,0,0,0,0,0,0,0,0,0,0,0,0
181,3,700.41,180.39,91.669,183.34,4,1,1,0,-3.0916,0.53174,0.30617,0.61235,4,1,746.25,363.72,91.669,183.34,746.25,486.96,746.25,363.72,363.72,493.36
181,8,219.24,103.16,176.87,353.73,5,1,2,0,-7.3385,-0.16197,-0.13851,-0.27702,5,1,307.68,456.89,176.87,353.73,307.68,-46.054,-46.054,456.89,280.03,633.76
182,3,696.53,179.2,91.958,183.92,4,1,0,0,0,0,0,0,0,0,0,0,0,0,0,0,0,0,0,0
182,8,212.03,102.15,176.75,353.5,5,1,0,0,0,0,0,0,0,0,0,0,0,0,0,0,0,0,0,0
183,3,692.09,180.19,92.198,184.4,4,1,0,0,0,0,0,0,0,0,0,0,0,0,0,0,0,0,0,0
183,8,204.53,103.29,176.65,353.3,5,1,0,0,0,0,0,0,0,0,0,0,0,0,0,0,0,0,0,0
184,3,687.36,180.37,92.416,184.83,4,1,0,0,0,0,0,0,0,0,0,0,0,0,0,0,0,0,0,0
184,8,196.93,103.6,176.56,353.12,5,1,0,0,0,0,0,0,0,0,0,0,0,0,0,0,0,0,0,0
185,3,682.34,180.55,92.61,185.22,4,1,0,0,0,0,0,0,0,0,0,0,0,0,0,0,0,0,0,0
185,8,189.21,103.91,176.49,352.97,5,1,0,0,0,0,0,0,0,0,0,0,0,0,0,0,0,0,0,0
186,3,677.56,181.25,92.827,185.65,4,1,0,0,0,0,0,0,0,0,0,0,0,0,0,0,0,0,0,0
186,8,181.82,104.74,176.39,352.77,5,1,0,0,0,0,0,0,0,0,0,0,0,0,0,0,0,0,0,0
187,3,672.22,181.11,93.003,186.01,4,1,0,0,0,0,0,0,0,0,0,0,0,0,0,0,0,0,0,0
187,8,174.05,104.69,176.34,352.68,5,1,0,0,0,0,0,0,0,0,0,0,0,0,0,0,0,0,0,0
188,3,668.53,181.44,93.333,186.67,4,1,0,0,0,0,0,0,0,0,0,0,0,0,0,0,0,0,0,0
188,8,167.77,105.25,176.18,352.35,5,1,0,0,0,0,0,0,0,0,0,0,0,0,0,0,0,0,0,0
189,3,663.02,181.89,93.504,187.01,4,1,0,0,0,0,0,0,0,0,0,0,0,0,0,0,0,0,0,0
189,8,160.07,105.77,176.15,352.29,5,1,0,0,0,0,0,0,0,0,0,0,0,0,0,0,0,0,0,0
190,3,657.52,182.25,93.674,187.35,4,1,0,0,0,0,0,0,0,0,0,0,0,0,0,0,0,0,0,0
190,8,152.53,106.22,176.11,352.21,5,1,0,0,0,0,0,0,0,0,0,0,0,0,0,0,0,0,0,0
191,3,653.04,182.47,93.937,187.87,4,1,1,2,-4.7509,0.76317,0.21772,0.43543,4,1,700.01,370.35,93.937,187.87,700.01,434.32,700.01,370.35,370.35,503.19
191,8,146.01,106.61,175.98,351.96,5,1,2,0,-7.403,0.29047,-0.083563,-0.16713,5,1,234,458.57,175.98,351.96,234,-117.96,-117.96,458.57,282.59,634.55
191,9,47.41,157.22,133.66,267.33,1,1,3,0,0,0,0,0,0,0,0,0,0,0,0,0,0,0,0,0
192,3,648.91,182.85,94.231,188.46,4,1,0,0,0,0,0,0,0,0,0,0,0,0,0,0,0,0,0,0
192,8,139.96,107.2,175.81,351.62,5,1,0,0,0,0,0,0,0,0,0,0,0,0,0,0,0,0,0,0
192,9,56.768,157.88,133.27,266.54,1,1,0,0,0,0,0,0,0,0,0,0,0,0,0,0,0,0,0,0
193,3,645.4,183.43,94.586,189.17,4,1,0,0,0,0,0,0,0,0,0,0,0,0,0,0,0,0,0,0
193,8,134.62,108.05,175.58,351.16,5,1,0,0,0,0,0,0,0,0,0,0,0,0,0,0,0,0,0,0
193,9,66.77,158.78,132.81,265.62,1,1,0,0,0,0,0,0,0,0,0,0,0,0,0,0,0,0,0,0
194,3,641.4,183.62,94.893,189.79,4,1,0,0,0,0,0,0,0,0,0,0,0,0,0,0,0,0,0,0
194,8,129.03,108.48,175.37,350.75,5,1,0,0,0,0,0,0,0,0,0,0,0,0,0,0,0,0,0,0
194,9,76.31,159.27,132.4,264.79,1,1,0,0,0,0,0,0,0,0,0,0,0,0,0,0,0,0,0,0
195,3,636.64,184.37,95.134,190.27,4,1,0,0,0,0,0,0,0,0,0,0,0,0,0,0,0,0,0,0
195,8,122.9,109.4,175.23,350.47,5,1,0,0,0,0,0,0,0,0,0,0,0,0,0,0,0,0,0,0
195,9,85.081,160.25,132.06,264.12,1,1,0,0,0,0,0,0,0,0,0,0,0,0,0,0,0,0,0,0
196,3,633.05,185.84,95.478,190.96,4,1,0,0,0,0,0,0,0,0,0,0,0,0,0,0,0,0,0,0
196,8,118.07,111.16,174.96,349.92,5,1,0,0,0,0,0,0,0,0,0,0,0,0,0,0,0,0,0,0
196,9,95.083,162.05,131.6,263.19,1,1,0,0,0,0,0,0,0,0,0,0,0,0,0,0,0,0,0,0
197,3,627.23,185.8,95.63,191.26,4,1,0,0,0,0,0,0,0,0,0,0,0,0,0,0,0,0,0,0
197,8,111.23,111.2,174.92,349.85,5,1,0,0,0,0,0,0,0,0,0,0,0,0,0,0,0,0,0,0
197,9,102.8,162.17,131.36,262.72,1,1,0,0,0,0,0,0,0,0,0,0,0,0,0,0,0,0,0,0
198,3,622.75,185.69,95.895,191.79,4,1,0,0,0,0,0,0,0,0,0,0,0,0,0,0,0,0,0,0
198,8,105.88,111.31,174.73,349.45,5,1,0,0,0,0,0,0,0,0,0,0,0,0,0,0,0,0,0,0
198,9,111.93,162.32,130.98,261.96,1,1,0,0,0,0,0,0,0,0,0,0,0,0,0,0,0,0,0,0
199,3,617.79,184.95,96.121,192.24,4,1,0,0,0,0,0,0,0,0,0,0,0,0,0,0,0,0,0,0
199,8,100.2,110.74,174.58,349.17,5,1,0,0,0,0,0,0,0,0,0,0,0,0,0,0,0,0,0,0
199,9,120.56,161.81,130.65,261.31,1,1,0,0,0,0,0,0,0,0,0,0,0,0,0,0,0,0,0,0
200,3,613.18,184.42,96.376,192.75,4,1,0,0,0,0,0,0,0,0,0,0,0,0,0,0,0,0,0,0
200,8,95.054,110.42,174.39,348.78,5,1,0,0,0,0,0,0,0,0,0,0,0,0,0,0,0,0,0,0
200,9,129.56,161.53,130.29,260.59,1,1,0,0,0,0,0,0,0,0,0,0,0,0,0,0,0,0,0,0
201,3,608.27,183.92,96.6,193.2,4,1,1,2,-4.4581,0.67887,0.2571,0.51421,4,1,656.57,377.12,96.6,193.2,656.57,383.35,656.57,377.12,377.12,513.73
201,5,647.81,187.27,81.85,163.7,4,1,2,0,0,0,0,0,0,0,0,0,0,0,0,0,0,0,0,0
201,8,89.801,110.11,174.22,348.43,4,1,3,0,-5.7244,0.021121,-0.17092,-0.34183,5,1,176.91,458.54,174.22,348.43,176.91,-171.52,-171.52,458.54,284.32,632.75
201,10,55.637,172.75,110.03,220.06,1,0,4,0,0,0,0,0,0,0,0,0,0,0,0,0,0,0,0,0
202,3,603.25,184.21,96.811,193.62,4,1,0,0,0,0,0,0,0,0,0,0,0,0,0,0,0,0,0,0
202,5,644.82,187.56,82.062,164.12,4,1,0,0,0,0,0,0,0,0,0,0,0,0,0,0,0,0,0,0
202,8,84.598,110.58,174.05,348.1,4,1,0,0,0,0,0,0,0,0,0,0,0,0,0,0,0,0,0,0
202,10,62.146,173.13,109.99,219.98,1,0,0,0,0,0,0,0,0,0,0,0,0,0,0,0,0,0,0,0
203,3,597.7,184.39,96.981,193.96,4,1,0,0,0,0,0,0,0,0,0,0,0,0,0,0,0,0,0,0
203,5,641.3,187.73,82.239,164.48,4,1,0,0,0,0,0,0,0,0,0,0,0,0,0,0,0,0,0,0
203,8,78.987,110.88,173.95,347.9,4,1,0,0,0,0,0,0,0,0,0,0,0,0,0,0,0,0,0,0
203,10,68.105,173.36,110.01,220.02,1,0,0,0,0,0,0,0,0,0,0,0,0,0,0,0,0,0,0,0
204,3,591.9,184.58,97.125,194.25,4,1,0,0,0,0,0,0,0,0,0,0,0,0,0,0,0,0,0,0
204,5,637.52,187.91,82.397,164.79,4,1,0,0,0,0,0,0,0,0,0,0,0,0,0,0,0,0,0,0
204,8,73.29,111.17,173.87,347.75,4,1,0,0,0,0,0,0,0,0,0,0,0,0,0,0,0,0,0,0
204,10,73.881,173.59,110.04,220.08,1,0,0,0,0,0,0,0,0,0,0,0,0,0,0,0,0,0,0,0
205,3,585.98,184.65,97.258,194.52,4,1,0,0,0,0,0,0,0,0,0,0,0,0,0,0,0,0,0,0
205,5,633.62,187.98,82.55,165.1,4,1,0,0,0,0,0,0,0,0,0,0,0,0,0,0,0,0,0,0
205,8,67.586,111.32,173.82,347.64,4,1,0,0,0,0,0,0,0,0,0,0,0,0,0,0,0,0,0,0
205,10,79.559,173.7,110.08,220.16,1,0,0,0,0,0,0,0,0,0,0,0,0,0,0,0,0,0,0,0
206,3,580.89,184.77,97.454,194.91,4,1,0,0,0,0,0,0,0,0,0,0,0,0,0,0,0,0,0,0
206,5,630.62,188.08,82.771,165.54,4,1,0,0,0,0,0,0,0,0,0,0,0,0,0,0,0,0,0,0
206,8,62.987,111.63,173.64,347.27,4,1,0,0,0,0,0,0,0,0,0,0,0,0,0,0,0,0,0,0
206,10,86.246,173.91,110.03,220.06,1,0,0,0,0,0,0,0,0,0,0,0,0,0,0,0,0,0,0,0
207,3,574.58,184.38,97.551,195.1,4,1,0,0,0,0,0,0,0,0,0,0,0,0,0,0,0,0,0,0
207,5,626.33,187.68,82.898,165.8,4,1,0,0,0,0,0,0,0,0,0,0,0,0,0,0,0,0,0,0
207,8,57.171,111.27,173.63,347.26,4,1,0,0,0,0,0,0,0,0,0,0,0,0,0,0,0,0,0,0
207,10,91.626,173.52,110.09,220.19,1,0,0,0,0,0,0,0,0,0,0,0,0,0,0,0,0,0,0,0
208,3,568.26,184.5,97.64,195.28,4,1,0,0,0,0,0,0,0,0,0,0,0,0,0,0,0,0,0,0
208,5,622.02,187.79,83.024,166.05,4,1,0,0,0,0,0,0,0,0,0,0,0,0,0,0,0,0,0,0
208,8,51.496,111.44,173.61,347.23,4,1,0,0,0,0,0,0,0,0,0,0,0,0,0,0,0,0,0,0
208,10,97.066,173.66,110.15,220.3,1,0,0,0,0,0,0,0,0,0,0,0,0,0,0,0,0,0,0,0
209,3,562.85,184.45,97.8,195.6,4,1,0,0,0,0,0,0,0,0,0,0,0,0,0,0,0,0,0,0
209,5,618.7,187.71,83.226,166.45,4,1,0,0,0,0,0,0,0,0,0,0,0,0,0,0,0,0,0,0
209,8,47.027,111.54,173.46,346.93,4,1,0,0,0,0,0,0,0,0,0,0,0,0,0,0,0,0,0,0
209,10,103.55,173.67,110.12,220.24,1,0,0,0,0,0,0,0,0,0,0,0,0,0,0,0,0,0,0,0
210,3,556.55,184.15,97.886,195.77,4,1,0,0,0,0,0,0,0,0,0,0,0,0,0,0,0,0,0,0
210,5,614.43,187.4,83.358,166.72,4,1,0,0,0,0,0,0,0,0,0,0,0,0,0,0,0,0,0,0
210,8,41.672,111.28,173.44,346.89,4,1,0,0,0,0,0,0,0,0,0,0,0,0,0,0,0,0,0,0
210,10,109.11,173.39,110.16,220.32,1,0,0,0,0,0,0,0,0,0,0,0,0,0,0,0,0,0,0,0
211,3,550.99,184.44,98.022,196.04,4,1,1,2,-5.7703,0.25886,0.13241,0.26481,4,1,600.01,380.48,98.022,196.04,600.01,322.76,600.01,380.48,380.48,519.11
211,5,610.96,187.66,83.55,167.1,5,1,2,0,-3.7119,0.3055,0.16313,0.32626,4,1,652.74,354.76,83.55,167.1,652.74,416.43,652.74,354.76,354.76,472.91
211,8,37.387,111.71,173.3,346.59,4,1,3,0,-5.3212,-0.06724,-0.078819,-0.15764,4,1,124.04,458.3,173.3,346.59,124.04,-366.12,124.04,458.3,458.3,703.38
211,9,217.62,163.59,127,253.99,1,1,4,0,0,0,0,0,0,0,0,0,0,0,0,0,0,0,0,0
211,10,115.55,173.73,110.13,220.26,1,1,4,0,5.9121,0.070093,0.018109,0.036218,1,1,170.62,394,110.13,220.26,170.62,390.88,390.88,394,504.13,283.87
211,11,184.12,165.75,104.19,208.39,1,1,4,0,0,0,0,0,0,0,0,0,0,0,0,0,0,0,0,0
212,3,545.81,184.51,98.178,196.36,4,1,0,0,0,0,0,0,0,0,0,0,0,0,0,0,0,0,0,0
212,5,607.91,187.7,83.771,167.54,5,1,0,0,0,0,0,0,0,0,0,0,0,0,0,0,0,0,0,0
212,8,33.75,111.97,173.08,346.16,4,1,0,0,0,0,0,0,0,0,0,0,0,0,0,0,0,0,0,0
212,9,226.04,163.86,126.66,253.32,1,1,0,0,0,0,0,0,0,0,0,0,0,0,0,0,0,0,0,0
212,10,122.45,173.88,110.07,220.13,1,1,0,0,0,0,0,0,0,0,0,0,0,0,0,0,0,0,0,0
212,11,191.29,165.94,104.07,208.14,1,1,0,0,0,0,0,0,0,0,0,0,0,0,0,0,0,0,0,0
213,3,539.92,185.5,98.28,196.56,4,1,0,0,0,0,0,0,0,0,0,0,0,0,0,0,0,0,0,0
213,5,604.08,188.66,83.939,167.88,5,1,0,0,0,0,0,0,0,0,0,0,0,0,0,0,0,0,0,0
213,8,29.374,113.06,172.98,345.97,4,1,0,0,0,0,0,0,0,0,0,0,0,0,0,0,0,0,0,0
213,9,233.75,165.02,126.36,252.72,1,1,0,0,0,0,0,0,0,0,0,0,0,0,0,0,0,0,0,0
213,10,128.58,174.92,110.07,220.13,1,1,0,0,0,0,0,0,0,0,0,0,0,0,0,0,0,0,0,0
213,11,197.76,167.01,103.99,207.98,1,1,0,0,0,0,0,0,0,0,0,0,0,0,0,0,0,0,0,0
214,3,534.06,185.34,98.378,196.76,4,1,0,0,0,0,0,0,0,0,0,0,0,0,0,0,0,0,0,0
214,5,600.29,188.47,84.11,168.22,5,1,0,0,0,0,0,0,0,0,0,0,0,0,0,0,0,0,0,0
214,8,25.209,113,172.87,345.75,4,1,0,0,0,0,0,0,0,0,0,0,0,0,0,0,0,0,0,0
214,9,241.48,165.03,126.06,252.11,1,1,0,0,0,0,0,0,0,0,0,0,0,0,0,0,0,0,0,0
214,10,134.79,174.79,110.06,220.11,1,1,0,0,0,0,0,0,0,0,0,0,0,0,0,0,0,0,0,0
214,11,204.3,166.93,103.91,207.81,1,1,0,0,0,0,0,0,0,0,0,0,0,0,0,0,0,0,0,0
215,3,528.38,185.43,98.482,196.96,4,1,0,0,0,0,0,0,0,0,0,0,0,0,0,0,0,0,0,0
215,5,596.7,188.53,84.295,168.59,5,1,0,0,0,0,0,0,0,0,0,0,0,0,0,0,0,0,0,0
215,8,21.446,113.23,172.72,345.45,4,1,0,0,0,0,0,0,0,0,0,0,0,0,0,0,0,0,0,0
215,9,249.36,165.3,125.75,251.49,1,1,0,0,0,0,0,0,0,0,0,0,0,0,0,0,0,0,0,0
215,10,141.24,174.94,110.03,220.06,1,1,0,0,0,0,0,0,0,0,0,0,0,0,0,0,0,0,0,0
215,11,211.04,167.11,103.81,207.62,1,1,0,0,0,0,0,0,0,0,0,0,0,0,0,0,0,0,0,0
216,3,522.5,185.25,98.567,197.13,4,1,0,0,0,0,0,0,0,0,0,0,0,0,0,0,0,0,0,0
216,5,592.87,188.31,84.467,168.93,5,1,0,0,0,0,0,0,0,0,0,0,0,0,0,0,0,0,0,0
216,8,17.56,113.14,172.61,345.22,4,1,0,0,0,0,0,0,0,0,0,0,0,0,0,0,0,0,0,0
216,9,257.01,165.27,125.45,250.89,1,1,0,0,0,0,0,0,0,0,0,0,0,0,0,0,0,0,0,0
216,10,147.48,174.78,110.02,220.04,1,1,0,0,0,0,0,0,0,0,0,0,0,0,0,0,0,0,0,0
216,11,217.59,167,103.72,207.45,1,1,0,0,0,0,0,0,0,0,0,0,0,0,0,0,0,0,0,0
217,3,516.36,185.46,98.629,197.26,4,1,0,0,0,0,0,0,0,0,0,0,0,0,0,0,0,0,0,0
217,5,588.77,188.49,84.617,169.23,5,1,0,0,0,0,0,0,0,0,0,0,0,0,0,0,0,0,0,0
217,8,13.488,113.42,172.54,345.08,4,1,0,0,0,0,0,0,0,0,0,0,0,0,0,0,0,0,0,0
217,9,264.38,165.64,125.15,250.3,1,1,0,0,0,0,0,0,0,0,0,0,0,0,0,0,0,0,0,0
217,10,153.47,175.02,110.02,220.05,1,1,0,0,0,0,0,0,0,0,0,0,0,0,0,0,0,0,0,0
217,11,223.91,167.28,103.65,207.29,1,1,0,0,0,0,0,0,0,0,0,0,0,0,0,0,0,0,0,0
218,3,510.66,185.74,98.709,197.42,4,1,0,0,0,0,0,0,0,0,0,0,0,0,0,0,0,0,0,0
218,5,585.12,188.72,84.799,169.6,5,1,0,0,0,0,0,0,0,0,0,0,0,0,0,0,0,0,0,0
218,8,10.167,113.83,172.37,344.75,4,1,0,0,0,0,0,0,0,0,0,0,0,0,0,0,0,0,0,0
218,9,272.15,166.08,124.84,249.68,1,1,0,0,0,0,0,0,0,0,0,0,0,0,0,0,0,0,0,0
218,10,159.97,175.34,109.99,219.98,1,1,0,0,0,0,0,0,0,0,0,0,0,0,0,0,0,0,0,0
218,11,230.68,167.63,103.54,207.09,1,1,0,0,0,0,0,0,0,0,0,0,0,0,0,0,0,0,0,0
219,3,505.22,185.93,98.802,197.6,4,1,0,0,0,0,0,0,0,0,0,0,0,0,0,0,0,0,0,0
219,5,581.76,188.87,85.002,170,5,1,0,0,0,0,0,0,0,0,0,0,0,0,0,0,0,0,0,0
219,8,7.3317,114.18,172.16,344.33,4,1,0,0,0,0,0,0,0,0,0,0,0,0,0,0,0,0,0,0
219,9,280.12,166.44,124.53,249.06,1,1,0,0,0,0,0,0,0,0,0,0,0,0,0,0,0,0,0,0
219,10,166.75,175.58,109.94,219.89,1,1,0,0,0,0,0,0,0,0,0,0,0,0,0,0,0,0,0,0
219,11,237.72,167.91,103.44,206.88,1,1,0,0,0,0,0,0,0,0,0,0,0,0,0,0,0,0,0,0
220,3,499.6,184.89,98.875,197.75,4,1,0,0,0,0,0,0,0,0,0,0,0,0,0,0,0,0,0,0
220,5,578.19,187.78,85.191,170.38,5,1,0,0,0,0,0,0,0,0,0,0,0,0,0,0,0,0,0,0
220,8,4.4138,113.28,171.98,343.96,4,1,0,0,0,0,0,0,0,0,0,0,0,0,0,0,0,0,0,0
220,9,287.89,165.56,124.23,248.45,1,1,0,0,0,0,0,0,0,0,0,0,0,0,0,0,0,0,0,0
220,10,173.36,174.58,109.91,219.82,1,1,0,0,0,0,0,0,0,0,0,0,0,0,0,0,0,0,0,0
220,11,244.6,166.95,103.34,206.68,1,1,0,0,0,0,0,0,0,0,0,0,0,0,0,0,0,0,0,0
221,3,494,184.73,98.943,197.89,5,1,1,2,-5.7276,0.17961,0.084307,0.16861,4,1,543.47,382.62,98.943,197.89,543.47,263.61,543.47,382.62,382.62,522.55
221,5,574.62,187.58,85.382,170.76,4,1,2,0,-3.6222,0.32941,0.17806,0.35611,5,1,617.31,358.35,85.382,170.76,617.31,446.54,446.54,358.35,272.96,443.73
221,9,295.61,165.56,123.93,247.86,1,1,3,0,7.5691,-0.43285,-0.3039,-0.60779,1,1,357.58,413.42,123.93,247.86,357.58,605.44,605.44,413.42,537.35,289.49
221,10,179.98,174.46,109.88,219.75,1,1,3,0,6.3721,0.0077925,-0.021054,-0.042108,1,1,234.91,394.22,109.88,219.75,234.91,454.67,454.67,394.22,504.1,284.34
221,11,251.48,166.87,103.25,206.49,1,1,3,0,6.6319,-0.095574,-0.092125,-0.18425,1,1,303.1,373.36,103.25,206.49,303.1,509.59,509.59,373.36,476.6,270.11
222,3,487.51,185.08,98.961,197.92,5,1,0,0,0,0,0,0,0,0,0,0,0,0,0,0,0,0,0,0
222,5,570.07,187.89,85.512,171.02,4,1,0,0,0,0,0,0,0,0,0,0,0,0,0,0,0,0,0,0
222,9,302.44,166.03,123.66,247.31,1,1,0,0,0,0,0,0,0,0,0,0,0,0,0,0,0,0,0,0
222,10,185.63,174.8,109.91,219.82,1,1,0,0,0,0,0,0,0,0,0,0,0,0,0,0,0,0,0,0
222,11,257.48,167.25,103.19,206.38,1,1,0,0,0,0,0,0,0,0,0,0,0,0,0,0,0,0,0,0
223,3,481.76,184.97,99.005,198.01,5,1,0,0,0,0,0,0,0,0,0,0,0,0,0,0,0,0,0,0
223,5,566.31,187.72,85.689,171.38,4,1,0,0,0,0,0,0,0,0,0,0,0,0,0,0,0,0,0,0
223,9,309.95,166.07,123.36,246.73,1,1,0,0,0,0,0,0,0,0,0,0,0,0,0,0,0,0,0,0
223,10,192.12,174.72,109.88,219.77,1,1,0,0,0,0,0,0,0,0,0,0,0,0,0,0,0,0,0,0
223,11,264.23,167.2,103.1,206.2,1,1,0,0,0,0,0,0,0,0,0,0,0,0,0,0,0,0,0,0
224,3,475.48,186.18,99.015,198.03,5,1,0,0,0,0,0,0,0,0,0,0,0,0,0,0,0,0,0,0
224,5,561.95,188.89,85.827,171.65,4,1,0,0,0,0,0,0,0,0,0,0,0,0,0,0,0,0,0,0
224,9,316.9,167.41,123.08,246.15,1,1,0,0,0,0,0,0,0,0,0,0,0,0,0,0,0,0,0,0
224,10,198.04,175.93,109.89,219.78,1,1,0,0,0,0,0,0,0,0,0,0,0,0,0,0,0,0,0,0
224,11,270.47,168.45,103.02,206.05,1,1,0,0,0,0,0,0,0,0,0,0,0,0,0,0,0,0,0,0
225,3,469.97,186.34,99.055,198.11,5,1,0,0,0,0,0,0,0,0,0,0,0,0,0,0,0,0,0,0
225,5,558.41,188.98,86.017,172.03,4,1,0,0,0,0,0,0,0,0,0,0,0,0,0,0,0,0,0,0
225,9,324.55,167.71,122.79,245.57,1,1,0,0,0,0,0,0,0,0,0,0,0,0,0,0,0,0,0,0
225,10,204.79,176.12,109.85,219.7,1,1,0,0,0,0,0,0,0,0,0,0,0,0,0,0,0,0,0,0
225,11,277.47,168.68,102.93,205.86,1,1,0,0,0,0,0,0,0,0,0,0,0,0,0,0,0,0,0,0
226,3,464.63,185.87,99.099,198.2,5,1,0,0,0,0,0,0,0,0,0,0,0,0,0,0,0,0,0,0
226,5,555.05,188.46,86.22,172.44,4,1,0,0,0,0,0,0,0,0,0,0,0,0,0,0,0,0,0,0
226,9,332.31,167.38,122.5,245.01,1,1,0,0,0,0,0,0,0,0,0,0,0,0,0,0,0,0,0,0
226,10,211.71,175.69,109.81,219.61,1,1,0,0,0,0,0,0,0,0,0,0,0,0,0,0,0,0,0,0
226,11,284.64,168.27,102.84,205.67,1,1,0,0,0,0,0,0,0,0,0,0,0,0,0,0,0,0,0,0
227,3,458.83,186.17,99.111,198.22,5,1,0,0,0,0,0,0,0,0,0,0,0,0,0,0,0,0,0,0
227,5,551.14,188.69,86.388,172.78,4,1,0,0,0,0,0,0,0,0,0,0,0,0,0,0,0,0,0,0
227,9,339.56,167.8,122.22,244.45,1,1,0,0,0,0,0,0,0,0,0,0,0,0,0,0,0,0,0,0
227,10,218.13,176,109.79,219.58,1,1,0,0,0,0,0,0,0,0,0,0,0,0,0,0,0,0,0,0
227,11,291.33,168.61,102.75,205.51,1,1,0,0,0,0,0,0,0,0,0,0,0,0,0,0,0,0,0,0
228,3,452.9,186.8,99.11,198.22,5,1,0,0,0,0,0,0,0,0,0,0,0,0,0,0,0,0,0,0
228,5,547.08,189.26,86.546,173.09,4,1,0,0,0,0,0,0,0,0,0,0,0,0,0,0,0,0,0,0
228,9,346.64,168.56,121.95,243.89,1,1,0,0,0,0,0,0,0,0,0,0,0,0,0,0,0,0,0,0
228,10,224.41,176.63,109.78,219.56,1,1,0,0,0,0,0,0,0,0,0,0,0,0,0,0,0,0,0,0
228,11,297.9,169.28,102.68,205.36,1,1,0,0,0,0,0,0,0,0,0,0,0,0,0,0,0,0,0,0
229,3,447.47,187.12,99.121,198.24,5,1,0,0,0,0,0,0,0,0,0,0,0,0,0,0,0,0,0,0
229,5,543.54,189.52,86.734,173.47,4,1,0,0,0,0,0,0,0,0,0,0,0,0,0,0,0,0,0,0
229,9,354.16,169,121.67,243.35,1,1,0,0,0,0,0,0,0,0,0,0,0,0,0,0,0,0,0,0
229,10,231.23,176.97,109.74,219.48,1,1,0,0,0,0,0,0,0,0,0,0,0,0,0,0,0,0,0,0
229,11,304.97,169.65,102.59,205.19,1,1,0,0,0,0,0,0,0,0,0,0,0,0,0,0,0,0,0,0
230,3,441.85,187.75,99.119,198.24,5,1,0,0,0,0,0,0,0,0,0,0,0,0,0,0,0,0,0,0
230,5,539.77,190.08,86.91,173.82,4,1,0,0,0,0,0,0,0,0,0,0,0,0,0,0,0,0,0,0
230,9,361.43,169.75,121.41,242.81,1,1,0,0,0,0,0,0,0,0,0,0,0,0,0,0,0,0,0,0
230,10,237.81,177.61,109.72,219.44,1,1,0,0,0,0,0,0,0,0,0,0,0,0,0,0,0,0,0,0
230,11,311.83,170.32,102.52,205.04,1,1,0,0,0,0,0,0,0,0,0,0,0,0,0,0,0,0,0,0
231,3,435.81,188.24,99.098,198.2,5,1,1,2,-5.6991,0.36234,0.016616,0.033232,5,1,485.36,386.44,99.098,198.2,485.36,287.16,287.16,386.44,287.34,485.54
231,5,535.52,190.51,87.06,174.12,4,1,2,0,-3.7107,0.61742,0.17442,0.34883,4,1,579.05,364.63,87.06,174.12,579.05,332.8,579.05,364.63,364.63,487.75
231,9,368.22,170.35,121.14,242.28,1,1,3,0,7.207,-0.10125,-0.27973,-0.55946,1,1,428.79,412.64,121.14,242.28,428.79,671.08,671.08,412.64,533.78,291.49
231,10,243.94,178.09,109.73,219.45,1,1,3,0,6.5093,0.29882,-0.022865,-0.04573,1,1,298.81,397.54,109.73,219.45,298.81,518.26,518.26,397.54,507.27,287.82
231,11,318.26,170.84,102.46,204.91,1,1,3,0,6.7517,0.21244,-0.08262,-0.16524,1,1,369.49,375.75,102.46,204.91,369.49,574.4,574.4,375.75,478.21,273.3
231,12,68.255,136.28,145.8,291.6,1,0,4,0,0,0,0,0,0,0,0,0,0,0,0,0,0,0,0,0
231,13,115.66,148.85,114.66,229.32,1,0,4,0,0,0,0,0,0,0,0,0,0,0,0,0,0,0,0,0
232,3,430.15,188.09,99.082,198.16,5,1,0,0,0,0,0,0,0,0,0,0,0,0,0,0,0,0,0,0
232,5,531.65,190.29,87.231,174.46,4,1,0,0,0,0,0,0,0,0,0,0,0,0,0,0,0,0,0,0
232,9,375.34,170.31,120.88,241.77,1,1,0,0,0,0,0,0,0,0,0,0,0,0,0,0,0,0,0,0
232,10,250.47,177.94,109.71,219.42,1,1,0,0,0,0,0,0,0,0,0,0,0,0,0,0,0,0,0,0
232,11,325.07,170.72,102.39,204.78,1,1,0,0,0,0,0,0,0,0,0,0,0,0,0,0,0,0,0,0
232,12,75.718,136.18,145.71,291.42,1,0,0,0,0,0,0,0,0,0,0,0,0,0,0,0,0,0,0,0
232,13,121.95,148.54,114.9,229.79,1,0,0,0,0,0,0,0,0,0,0,0,0,0,0,0,0,0,0,0
233,3,424.71,188.58,99.069,198.14,5,1,0,0,0,0,0,0,0,0,0,0,0,0,0,0,0,0,0,0
233,5,528,190.7,87.417,174.83,4,1,0,0,0,0,0,0,0,0,0,0,0,0,0,0,0,0,0,0
233,9,382.61,170.9,120.64,241.28,1,1,0,0,0,0,0,0,0,0,0,0,0,0,0,0,0,0,0,0
233,10,257.2,178.43,109.7,219.39,1,1,0,0,0,0,0,0,0,0,0,0,0,0,0,0,0,0,0,0
233,11,332.08,171.24,102.33,204.65,1,1,0,0,0,0,0,0,0,0,0,0,0,0,0,0,0,0,0,0
233,12,83.425,136.73,145.6,291.19,1,0,0,0,0,0,0,0,0,0,0,0,0,0,0,0,0,0,0,0
233,13,128.51,148.88,115.12,230.24,1,0,0,0,0,0,0,0,0,0,0,0,0,0,0,0,0,0,0,0
234,3,419.06,188.8,99.041,198.08,5,1,0,0,0,0,0,0,0,0,0,0,0,0,0,0,0,0,0,0
234,5,524.08,190.84,87.586,175.17,4,1,0,0,0,0,0,0,0,0,0,0,0,0,0,0,0,0,0,0
234,9,389.61,171.22,120.39,240.78,1,1,0,0,0,0,0,0,0,0,0,0,0,0,0,0,0,0,0,0
234,10,263.7,178.64,109.69,219.38,1,1,0,0,0,0,0,0,0,0,0,0,0,0,0,0,0,0,0,0
234,11,338.87,171.47,102.27,204.54,1,1,0,0,0,0,0,0,0,0,0,0,0,0,0,0,0,0,0,0
234,12,90.844,136.98,145.51,291.03,1,0,0,0,0,0,0,0,0,0,0,0,0,0,0,0,0,0,0,0
234,13,134.83,148.93,115.36,230.73,1,0,0,0,0,0,0,0,0,0,0,0,0,0,0,0,0,0,0,0
235,3,413.74,189.23,99.015,198.03,5,1,0,0,0,0,0,0,0,0,0,0,0,0,0,0,0,0,0,0
235,5,520.51,191.19,87.773,175.55,4,1,0,0,0,0,0,0,0,0,0,0,0,0,0,0,0,0,0,0
235,9,396.89,171.74,120.16,240.31,1,1,0,0,0,0,0,0,0,0,0,0,0,0,0,0,0,0,0,0
235,10,270.53,179.07,109.68,219.35,1,1,0,0,0,0,0,0,0,0,0,0,0,0,0,0,0,0,0,0
235,11,345.98,171.92,102.21,204.43,1,1,0,0,0,0,0,0,0,0,0,0,0,0,0,0,0,0,0,0
235,12,98.675,137.48,145.39,290.79,1,0,0,0,0,0,0,0,0,0,0,0,0,0,0,0,0,0,0,0
235,13,141.58,149.21,115.58,231.17,1,0,0,0,0,0,0,0,0,0,0,0,0,0,0,0,0,0,0,0
236,3,407.98,189.36,98.969,197.94,5,1,0,0,0,0,0,0,0,0,0,0,0,0,0,0,0,0,0,0
236,5,516.41,191.25,87.93,175.86,4,1,0,0,0,0,0,0,0,0,0,0,0,0,0,0,0,0,0,0
236,9,403.65,171.97,119.91,239.82,1,1,0,0,0,0,0,0,0,0,0,0,0,0,0,0,0,0,0,0
236,10,276.88,179.19,109.68,219.35,1,1,0,0,0,0,0,0,0,0,0,0,0,0,0,0,0,0,0,0
236,11,352.62,172.07,102.16,204.32,1,1,0,0,0,0,0,0,0,0,0,0,0,0,0,0,0,0,0,0
236,12,105.91,137.63,145.33,290.67,1,0,0,0,0,0,0,0,0,0,0,0,0,0,0,0,0,0,0,0
236,13,147.79,149.15,115.85,231.69,1,0,0,0,0,0,0,0,0,0,0,0,0,0,0,0,0,0,0,0
237,3,402.1,189.56,98.914,197.83,5,1,0,0,0,0,0,0,0,0,0,0,0,0,0,0,0,0,0,0
237,5,512.15,191.37,88.078,176.16,4,1,0,0,0,0,0,0,0,0,0,0,0,0,0,0,0,0,0,0
237,9,410.24,172.25,119.66,239.32,1,1,0,0,0,0,0,0,0,0,0,0,0,0,0,0,0,0,0,0
237,10,283.1,179.36,109.68,219.37,1,1,0,0,0,0,0,0,0,0,0,0,0,0,0,0,0,0,0,0
237,11,359.14,172.27,102.11,204.22,1,1,0,0,0,0,0,0,0,0,0,0,0,0,0,0,0,0,0,0
237,12,112.98,137.83,145.29,290.58,1,0,0,0,0,0,0,0,0,0,0,0,0,0,0,0,0,0,0,0
237,13,153.88,149.15,116.12,232.24,1,0,0,0,0,0,0,0,0,0,0,0,0,0,0,0,0,0,0,0
238,3,396.25,189.65,98.853,197.71,5,1,0,0,0,0,0,0,0,0,0,0,0,0,0,0,0,0,0,0
238,5,507.91,191.38,88.224,176.45,4,1,0,0,0,0,0,0,0,0,0,0,0,0,0,0,0,0,0,0
238,9,416.79,172.43,119.41,238.83,1,1,0,0,0,0,0,0,0,0,0,0,0,0,0,0,0,0,0,0
238,10,289.33,179.42,109.69,219.37,1,1,0,0,0,0,0,0,0,0,0,0,0,0,0,0,0,0,0,0
238,11,365.68,172.36,102.06,204.12,1,1,0,0,0,0,0,0,0,0,0,0,0,0,0,0,0,0,0,0
238,12,120.09,137.93,145.24,290.49,1,0,0,0,0,0,0,0,0,0,0,0,0,0,0,0,0,0,0,0
238,13,160.04,149.04,116.4,232.79,1,0,0,0,0,0,0,0,0,0,0,0,0,0,0,0,0,0,0,0
239,3,390.33,189,98.791,197.58,5,1,0,0,0,0,0,0,0,0,0,0,0,0,0,0,0,0,0,0
239,5,503.55,190.66,88.371,176.74,4,1,0,0,0,0,0,0,0,0,0,0,0,0,0,0,0,0,0,0
239,9,423.21,171.87,119.17,238.35,1,1,0,0,0,0,0,0,0,0,0,0,0,0,0,0,0,0,0,0
239,10,295.46,178.75,109.7,219.4,1,1,0,0,0,0,0,0,0,0,0,0,0,0,0,0,0,0,0,0
239,11,372.12,171.71,102.01,204.03,1,1,0,0,0,0,0,0,0,0,0,0,0,0,0,0,0,0,0,0
239,12,127.07,137.27,145.22,290.44,1,0,0,0,0,0,0,0,0,0,0,0,0,0,0,0,0,0,0,0
239,13,166.1,148.18,116.69,233.37,1,0,0,0,0,0,0,0,0,0,0,0,0,0,0,0,0,0,0,0
240,3,384.52,189.36,98.729,197.46,5,1,0,0,0,0,0,0,0,0,0,0,0,0,0,0,0,0,0,0
240,5,499.29,190.94,88.523,177.05,4,1,0,0,0,0,0,0,0,0,0,0,0,0,0,0,0,0,0,0
240,9,429.66,172.31,118.94,237.88,1,1,0,0,0,0,0,0,0,0,0,0,0,0,0,0,0,0,0,0
240,10,301.68,179.09,109.71,219.43,1,1,0,0,0,0,0,0,0,0,0,0,0,0,0,0,0,0,0,0
240,11,378.65,172.08,101.97,203.95,1,1,0,0,0,0,0,0,0,0,0,0,0,0,0,0,0,0,0,0
240,12,134.16,137.64,145.18,290.36,1,0,0,0,0,0,0,0,0,0,0,0,0,0,0,0,0,0,0,0
240,13,172.31,148.33,116.97,233.94,1,0,0,0,0,0,0,0,0,0,0,0,0,0,0,0,0,0,0,0
241,3,378.39,189.33,98.653,197.31,5,1,1,2,-5.7765,0.018183,-0.048663,-0.097327,5,1,427.72,386.64,98.653,197.31,427.72,230.41,230.41,386.64,287.98,485.29
241,5,494.65,190.83,88.654,177.31,5,1,2,0,-4.0349,0.35297,0.15743,0.31487,4,1,538.97,368.14,88.654,177.31,538.97,288.22,538.97,368.14,368.14,493.51
241,9,435.72,172.36,118.68,237.37,1,1,3,0,6.5877,-0.28213,-0.24379,-0.48757,1,1,495.06,409.73,118.68,237.37,495.06,732.43,732.43,409.73,528.42,291.05
241,10,307.56,179.02,109.73,219.46,1,1,3,0,6.3435,0.10142,0.002094,0.004188,1,1,362.42,398.47,109.73,219.46,362.42,581.88,581.88,398.47,508.2,288.75
241,12,140.85,137.58,145.18,290.35,1,1,4,0,7.2057,0.016045,-0.058593,-0.11719,1,1,213.44,427.93,145.18,290.35,213.44,503.8,503.8,427.93,573.11,282.76
241,13,178.16,148.07,117.28,234.56,1,1,4,0,6.3765,0.45496,0.26486,0.52973,1,1,236.8,382.63,117.28,234.56,236.8,471.36,471.36,382.63,499.91,265.35
242,3,371.89,189.91,98.572,197.14,5,1,0,0,0,0,0,0,0,0,0,0,0,0,0,0,0,0,0,0
242,5,489.59,191.33,88.765,177.53,5,1,0,0,0,0,0,0,0,0,0,0,0,0,0,0,0,0,0,0
242,9,441.34,173.03,118.41,236.82,1,1,0,0,0,0,0,0,0,0,0,0,0,0,0,0,0,0,0,0
242,10,313.04,179.56,109.75,219.49,1,1,0,0,0,0,0,0,0,0,0,0,0,0,0,0,0,0,0,0
242,12,147.1,138.1,145.21,290.42,1,1,0,0,0,0,0,0,0,0,0,0,0,0,0,0,0,0,0,0
242,13,183.62,148.4,117.61,235.23,1,1,0,0,0,0,0,0,0,0,0,0,0,0,0,0,0,0,0,0
243,3,365.8,189.41,98.493,196.99,5,1,0,0,0,0,0,0,0,0,0,0,0,0,0,0,0,0,0,0
243,5,484.92,190.75,88.897,177.79,5,1,0,0,0,0,0,0,0,0,0,0,0,0,0,0,0,0,0,0
243,9,447.29,172.61,118.16,236.32,1,1,0,0,0,0,0,0,0,0,0,0,0,0,0,0,0,0,0,0
243,10,318.92,179.02,109.76,219.52,1,1,0,0,0,0,0,0,0,0,0,0,0,0,0,0,0,0,0,0
243,12,153.82,137.58,145.2,290.4,1,1,0,0,0,0,0,0,0,0,0,0,0,0,0,0,0,0,0,0
243,13,189.55,147.67,117.92,235.84,1,1,0,0,0,0,0,0,0,0,0,0,0,0,0,0,0,0,0,0
244,3,360.06,189.18,98.418,196.84,5,1,0,0,0,0,0,0,0,0,0,0,0,0,0,0,0,0,0,0
244,5,480.6,190.44,89.049,178.1,5,1,0,0,0,0,0,0,0,0,0,0,0,0,0,0,0,0,0,0
244,9,453.53,172.46,117.93,235.85,1,1,0,0,0,0,0,0,0,0,0,0,0,0,0,0,0,0,0,0
244,10,325.12,178.77,109.77,219.54,1,1,0,0,0,0,0,0,0,0,0,0,0,0,0,0,0,0,0,0
244,12,160.92,137.35,145.16,290.33,1,1,0,0,0,0,0,0,0,0,0,0,0,0,0,0,0,0,0,0
244,13,195.89,147.23,118.21,236.42,1,1,0,0,0,0,0,0,0,0,0,0,0,0,0,0,0,0,0,0
245,3,354.17,189.21,98.337,196.67,5,1,0,0,0,0,0,0,0,0,0,0,0,0,0,0,0,0,0,0
245,5,476.1,190.39,89.191,178.38,5,1,0,0,0,0,0,0,0,0,0,0,0,0,0,0,0,0,0,0
245,9,459.55,172.57,117.69,235.37,1,1,0,0,0,0,0,0,0,0,0,0,0,0,0,0,0,0,0,0
245,10,331.16,178.77,109.78,219.57,1,1,0,0,0,0,0,0,0,0,0,0,0,0,0,0,0,0,0,0
245,12,167.83,137.37,145.14,290.28,1,1,0,0,0,0,0,0,0,0,0,0,0,0,0,0,0,0,0,0
245,13,202.09,147.04,118.51,237.02,1,1,0,0,0,0,0,0,0,0,0,0,0,0,0,0,0,0,0,0
246,3,348.11,189.38,98.248,196.5,5,1,0,0,0,0,0,0,0,0,0,0,0,0,0,0,0,0,0,0
246,5,471.37,190.48,89.32,178.64,5,1,0,0,0,0,0,0,0,0,0,0,0,0,0,0,0,0,0,0
246,9,465.31,172.82,117.43,234.86,1,1,0,0,0,0,0,0,0,0,0,0,0,0,0,0,0,0,0,0
246,10,337,178.9,109.79,219.59,1,1,0,0,0,0,0,0,0,0,0,0,0,0,0,0,0,0,0,0
246,12,174.54,137.51,145.12,290.25,1,1,0,0,0,0,0,0,0,0,0,0,0,0,0,0,0,0,0,0
246,13,208.11,146.97,118.82,237.64,1,1,0,0,0,0,0,0,0,0,0,0,0,0,0,0,0,0,0,0
247,3,342.43,191.07,98.161,196.32,5,1,0,0,0,0,0,0,0,0,0,0,0,0,0,0,0,0,0,0
247,5,467.01,192.08,89.47,178.94,5,1,0,0,0,0,0,0,0,0,0,0,0,0,0,0,0,0,0,0
247,9,471.4,174.58,117.2,234.4,1,1,0,0,0,0,0,0,0,0,0,0,0,0,0,0,0,0,0,0
247,10,343.19,180.55,109.81,219.61,1,1,0,0,0,0,0,0,0,0,0,0,0,0,0,0,0,0,0,0
247,12,181.65,139.2,145.08,290.17,1,1,0,0,0,0,0,0,0,0,0,0,0,0,0,0,0,0,0,0
247,13,214.56,148.44,119.11,238.22,1,1,0,0,0,0,0,0,0,0,0,0,0,0,0,0,0,0,0,0
248,3,336.53,191.92,98.074,196.15,5,1,0,0,0,0,0,0,0,0,0,0,0,0,0,0,0,0,0,0
248,5,462.41,192.85,89.611,179.22,5,1,0,0,0,0,0,0,0,0,0,0,0,0,0,0,0,0,0,0
248,9,477.2,175.51,116.96,233.92,1,1,0,0,0,0,0,0,0,0,0,0,0,0,0,0,0,0,0,0
248,10,349.14,181.37,109.82,219.64,1,1,0,0,0,0,0,0,0,0,0,0,0,0,0,0,0,0,0,0
248,12,188.49,140.03,145.07,290.13,1,1,0,0,0,0,0,0,0,0,0,0,0,0,0,0,0,0,0,0
248,13,220.79,149.06,119.42,238.84,1,1,0,0,0,0,0,0,0,0,0,0,0,0,0,0,0,0,0,0
249,3,330.59,191,97.983,195.97,5,1,0,0,0,0,0,0,0,0,0,0,0,0,0,0,0,0,0,0
249,5,457.72,191.84,89.747,179.49,5,1,0,0,0,0,0,0,0,0,0,0,0,0,0,0,0,0,0,0
249,9,482.87,174.66,116.71,233.42,1,1,0,0,0,0,0,0,0,0,0,0,0,0,0,0,0,0,0,0
249,10,355.03,180.41,109.83,219.66,1,1,0,0,0,0,0,0,0,0,0,0,0,0,0,0,0,0,0,0
249,12,195.27,139.09,145.05,290.1,1,1,0,0,0,0,0,0,0,0,0,0,0,0,0,0,0,0,0,0
249,13,226.99,147.9,119.73,239.46,1,1,0,0,0,0,0,0,0,0,0,0,0,0,0,0,0,0,0,0
250,3,324.94,190.84,97.886,195.77,5,1,0,0,0,0,0,0,0,0,0,0,0,0,0,0,0,0,0,0
250,5,453.3,191.59,89.892,179.78,5,1,0,0,0,0,0,0,0,0,0,0,0,0,0,0,0,0,0,0
250,9,488.76,174.56,116.48,232.97,1,1,0,0,0,0,0,0,0,0,0,0,0,0,0,0,0,0,0,0
250,10,361.17,180.2,109.84,219.68,1,1,0,0,0,0,0,0,0,0,0,0,0,0,0,0,0,0,0,0
250,12,202.35,138.91,145.01,290.02,1,1,0,0,0,0,0,0,0,0,0,0,0,0,0,0,0,0,0,0
250,13,233.51,147.51,120.02,240.05,1,1,0,0,0,0,0,0,0,0,0,0,0,0,0,0,0,0,0,0
251,3,318.97,190.97,97.797,195.59,5,1,1,2,-5.9118,0.060517,-0.086448,-0.1729,5,1,367.86,386.56,97.797,195.59,367.86,172.27,172.27,386.56,288.77,484.36
251,9,494.26,174.77,116.24,232.48,1,1,2,0,5.7725,-0.1734,-0.24099,-0.48199,1,1,552.38,407.25,116.24,232.48,552.38,784.85,784.85,407.25,523.49,291.01
251,10,366.97,180.3,109.86,219.72,1,1,2,0,6.0111,0.22183,0.012209,0.024417,1,1,421.9,400.01,109.86,219.72,421.9,641.62,641.62,400.01,509.87,290.16
251,11,447.33,173.58,101.53,203.07,1,1,2,0,0,0,0,0,0,0,0,0,0,0,0,0,0,0,0,0
251,12,209.05,139.02,145,290.01,1,1,3,0,6.8851,0.16822,-0.024458,-0.048916,1,1,281.55,429.02,145,290.01,281.55,571.55,571.55,429.02,574.03,284.02
251,14,658.42,215.64,47.179,94.358,3,0,4,0,0,0,0,0,0,0,0,0,0,0,0,0,0,0,0,0
251,15,702.66,206.34,45.865,91.73,3,0,5,0,0,0,0,0,0,0,0,0,0,0,0,0,0,0,0,0
252,3,313.15,191.35,97.7,195.4,5,1,0,0,0,0,0,0,0,0,0,0,0,0,0,0,0,0,0,0
252,9,499.84,175.22,116,231.99,1,1,0,0,0,0,0,0,0,0,0,0,0,0,0,0,0,0,0,0
252,10,372.91,180.63,109.87,219.74,1,1,0,0,0,0,0,0,0,0,0,0,0,0,0,0,0,0,0,0
252,11,453.57,173.93,101.5,203,1,1,0,0,0,0,0,0,0,0,0,0,0,0,0,0,0,0,0,0
252,12,215.9,139.37,144.98,289.96,1,1,0,0,0,0,0,0,0,0,0,0,0,0,0,0,0,0,0,0
252,14,658.81,215.95,47.331,94.662,3,0,0,0,0,0,0,0,0,0,0,0,0,0,0,0,0,0,0,0
252,15,703.86,206.66,45.929,91.857,3,0,0,0,0,0,0,0,0,0,0,0,0,0,0,0,0,0,0,0
253,3,307.56,191.73,97.601,195.2,5,1,0,0,0,0,0,0,0,0,0,0,0,0,0,0,0,0,0,0
253,9,505.58,175.67,115.78,231.55,1,1,0,0,0,0,0,0,0,0,0,0,0,0,0,0,0,0,0,0
253,10,379.03,180.98,109.89,219.77,1,1,0,0,0,0,0,0,0,0,0,0,0,0,0,0,0,0,0,0
253,11,460,174.3,101.48,202.96,1,1,0,0,0,0,0,0,0,0,0,0,0,0,0,0,0,0,0,0
253,12,222.97,139.74,144.95,289.89,1,1,0,0,0,0,0,0,0,0,0,0,0,0,0,0,0,0,0,0
253,14,659.47,216.27,47.496,94.993,3,0,0,0,0,0,0,0,0,0,0,0,0,0,0,0,0,0,0,0
253,15,705.35,206.98,46.006,92.011,3,0,0,0,0,0,0,0,0,0,0,0,0,0,0,0,0,0,0,0
254,3,301.99,192.49,97.499,195,5,1,0,0,0,0,0,0,0,0,0,0,0,0,0,0,0,0,0,0
254,9,511.28,176.48,115.56,231.11,1,1,0,0,0,0,0,0,0,0,0,0,0,0,0,0,0,0,0,0
254,10,385.15,181.69,109.9,219.81,1,1,0,0,0,0,0,0,0,0,0,0,0,0,0,0,0,0,0,0
254,11,466.44,175.02,101.46,202.93,1,1,0,0,0,0,0,0,0,0,0,0,0,0,0,0,0,0,0,0
254,12,230.04,140.48,144.91,289.83,1,1,0,0,0,0,0,0,0,0,0,0,0,0,0,0,0,0,0,0
254,14,660.16,216.95,47.664,95.327,3,0,0,0,0,0,0,0,0,0,0,0,0,0,0,0,0,0,0,0
254,15,706.87,207.66,46.084,92.168,3,0,0,0,0,0,0,0,0,0,0,0,0,0,0,0,0,0,0,0
255,3,296.67,190.64,97.394,194.79,5,1,0,0,0,0,0,0,0,0,0,0,0,0,0,0,0,0,0,0
255,9,517.18,174.68,115.36,230.72,1,1,0,0,0,0,0,0,0,0,0,0,0,0,0,0,0,0,0,0
255,10,391.5,179.79,109.93,219.87,1,1,0,0,0,0,0,0,0,0,0,0,0,0,0,0,0,0,0,0
255,11,473.11,173.13,101.47,202.93,1,1,0,0,0,0,0,0,0,0,0,0,0,0,0,0,0,0,0,0
255,12,237.34,138.61,144.88,289.76,1,1,0,0,0,0,0,0,0,0,0,0,0,0,0,0,0,0,0,0
255,14,661.15,215.02,47.846,95.692,3,0,0,0,0,0,0,0,0,0,0,0,0,0,0,0,0,0,0,0
255,15,708.73,205.73,46.178,92.356,3,0,0,0,0,0,0,0,0,0,0,0,0,0,0,0,0,0,0,0
256,3,290.93,190.58,97.299,194.6,5,1,0,0,0,0,0,0,0,0,0,0,0,0,0,0,0,0,0,0
256,9,522.57,174.69,115.14,230.28,1,1,0,0,0,0,0,0,0,0,0,0,0,0,0,0,0,0,0,0
256,10,397.4,179.69,109.96,219.91,1,1,0,0,0,0,0,0,0,0,0,0,0,0,0,0,0,0,0,0
256,11,479.32,173.06,101.45,202.9,1,1,0,0,0,0,0,0,0,0,0,0,0,0,0,0,0,0,0,0
256,12,244.17,138.53,144.87,289.74,1,1,0,0,0,0,0,0,0,0,0,0,0,0,0,0,0,0,0,0
256,14,661.59,214.9,48.007,96.014,3,0,0,0,0,0,0,0,0,0,0,0,0,0,0,0,0,0,0,0
256,15,709.99,205.62,46.247,92.494,3,0,0,0,0,0,0,0,0,0,0,0,0,0,0,0,0,0,0,0
257,3,285.51,190.33,97.192,194.38,5,1,0,0,0,0,0,0,0,0,0,0,0,0,0,0,0,0,0,0
257,9,528.23,174.49,114.94,229.87,1,1,0,0,0,0,0,0,0,0,0,0,0,0,0,0,0,0,0,0
257,10,403.6,179.39,109.99,219.97,1,1,0,0,0,0,0,0,0,0,0,0,0,0,0,0,0,0,0,0
257,11,485.84,172.77,101.45,202.9,1,1,0,0,0,0,0,0,0,0,0,0,0,0,0,0,0,0,0,0
257,12,251.32,138.26,144.84,289.69,1,1,0,0,0,0,0,0,0,0,0,0,0,0,0,0,0,0,0,0
257,14,662.42,214.57,48.184,96.368,3,0,0,0,0,0,0,0,0,0,0,0,0,0,0,0,0,0,0,0
257,15,711.68,205.29,46.334,92.667,3,0,0,0,0,0,0,0,0,0,0,0,0,0,0,0,0,0,0,0
258,3,279.96,190.86,97.088,194.18,5,1,0,0,0,0,0,0,0,0,0,0,0,0,0,0,0,0,0,0
258,9,533.68,175.07,114.73,229.45,1,1,0,0,0,0,0,0,0,0,0,0,0,0,0,0,0,0,0,0
258,10,409.64,179.87,110.01,220.03,1,1,0,0,0,0,0,0,0,0,0,0,0,0,0,0,0,0,0,0
258,11,492.2,173.26,101.45,202.89,1,1,0,0,0,0,0,0,0,0,0,0,0,0,0,0,0,0,0,0
258,12,258.3,138.76,144.83,289.66,1,1,0,0,0,0,0,0,0,0,0,0,0,0,0,0,0,0,0,0
258,14,663.07,215.02,48.356,96.711,3,0,0,0,0,0,0,0,0,0,0,0,0,0,0,0,0,0,0,0
258,15,713.18,205.74,46.413,92.826,3,0,0,0,0,0,0,0,0,0,0,0,0,0,0,0,0,0,0,0
259,3,274.13,190.97,96.988,193.98,5,1,0,0,0,0,0,0,0,0,0,0,0,0,0,0,0,0,0,0
259,9,538.77,175.25,114.49,228.98,1,1,0,0,0,0,0,0,0,0,0,0,0,0,0,0,0,0,0,0
259,10,415.39,179.94,110.03,220.06,1,1,0,0,0,0,0,0,0,0,0,0,0,0,0,0,0,0,0,0
259,11,498.24,173.34,101.42,202.85,1,1,0,0,0,0,0,0,0,0,0,0,0,0,0,0,0,0,0,0
259,12,265,138.83,144.83,289.65,1,1,0,0,0,0,0,0,0,0,0,0,0,0,0,0,0,0,0,0
259,14,663.35,215.07,48.511,97.021,3,0,0,0,0,0,0,0,0,0,0,0,0,0,0,0,0,0,0,0
259,15,714.28,205.8,46.472,92.945,3,0,0,0,0,0,0,0,0,0,0,0,0,0,0,0,0,0,0,0
260,3,268.56,190.69,96.88,193.76,5,1,0,0,0,0,0,0,0,0,0,0,0,0,0,0,0,0,0,0
260,9,544.06,175.03,114.27,228.54,1,1,0,0,0,0,0,0,0,0,0,0,0,0,0,0,0,0,0,0
260,10,421.36,179.6,110.06,220.11,1,1,0,0,0,0,0,0,0,0,0,0,0,0,0,0,0,0,0,0
260,11,504.52,173.03,101.42,202.83,1,1,0,0,0,0,0,0,0,0,0,0,0,0,0,0,0,0,0,0
260,12,271.92,138.52,144.81,289.63,1,1,0,0,0,0,0,0,0,0,0,0,0,0,0,0,0,0,0,0
260,14,663.93,214.71,48.679,97.358,3,0,0,0,0,0,0,0,0,0,0,0,0,0,0,0,0,0,0,0
260,15,715.7,205.44,46.546,93.092,3,0,0,0,0,0,0,0,0,0,0,0,0,0,0,0,0,0,0,0
261,5,402.59,190.11,91.539,183.08,4,1,1,2,0,0,0,0,0,0,0,0,0,0,0,0,0,0,0,0
261,9,548.92,174.79,114.03,228.06,8,1,2,0,5.3685,-0.51429,-0.21626,-0.43251,1,1,605.93,402.86,114.03,228.06,605.93,834,834,402.86,516.89,288.82
261,10,426.98,179.26,110.08,220.16,1,1,2,0,6.0412,-0.13875,0.024136,0.048272,1,1,482.02,399.41,110.08,220.16,482.02,702.17,702.17,399.41,509.49,289.33
261,11,510.42,172.7,101.4,202.8,1,1,2,0,6.3346,-0.19166,-0.0098729,-0.019746,1,1,561.12,375.49,101.4,202.8,561.12,763.91,763.91,375.49,476.89,274.09
261,12,278.47,138.17,144.82,289.65,1,1,3,0,6.9638,-0.20184,-0.017757,-0.035514,1,1,350.88,427.82,144.82,289.65,350.88,640.52,640.52,427.82,572.64,283
261,15,716.67,205.08,46.602,93.204,3,0,5,0,1.492,-0.057196,0.07622,0.15244,3,1,739.97,298.28,46.602,93.204,739.97,646.77,833.17,298.28,344.88,344.88
262,5,397.99,190.94,91.695,183.39,4,1,0,0,0,0,0,0,0,0,0,0,0,0,0,0,0,0,0,0
262,9,554.17,175.77,113.82,227.65,8,1,0,0,0,0,0,0,0,0,0,0,0,0,0,0,0,0,0,0
262,10,432.99,180.13,110.11,220.21,1,1,0,0,0,0,0,0,0,0,0,0,0,0,0,0,0,0,0,0
262,11,516.73,173.58,101.4,202.8,1,1,0,0,0,0,0,0,0,0,0,0,0,0,0,0,0,0,0,0
262,12,285.43,139.07,144.81,289.62,1,1,0,0,0,0,0,0,0,0,0,0,0,0,0,0,0,0,0,0
262,15,718.19,205.93,46.68,93.36,3,0,0,0,0,0,0,0,0,0,0,0,0,0,0,0,0,0,0,0
263,5,393.1,190.05,91.85,183.7,4,1,0,0,0,0,0,0,0,0,0,0,0,0,0,0,0,0,0,0
263,9,559.06,175.05,113.59,227.18,8,1,0,0,0,0,0,0,0,0,0,0,0,0,0,0,0,0,0,0
263,10,438.72,179.3,110.13,220.26,1,1,0,0,0,0,0,0,0,0,0,0,0,0,0,0,0,0,0,0
263,11,522.73,172.76,101.39,202.77,1,1,0,0,0,0,0,0,0,0,0,0,0,0,0,0,0,0,0,0
263,12,292.1,138.24,144.81,289.63,1,1,0,0,0,0,0,0,0,0,0,0,0,0,0,0,0,0,0,0
263,15,719.35,205.08,46.742,93.484,3,0,0,0,0,0,0,0,0,0,0,0,0,0,0,0,0,0,0,0
264,5,387.84,190.41,92.002,184,4,1,0,0,0,0,0,0,0,0,0,0,0,0,0,0,0,0,0,0
264,9,563.5,175.58,113.32,226.65,8,1,0,0,0,0,0,0,0,0,0,0,0,0,0,0,0,0,0,0
264,10,444.08,179.71,110.13,220.27,1,1,0,0,0,0,0,0,0,0,0,0,0,0,0,0,0,0,0,0
264,11,528.33,173.19,101.35,202.7,1,1,0,0,0,0,0,0,0,0,0,0,0,0,0,0,0,0,0,0
264,12,298.42,138.65,144.82,289.64,1,1,0,0,0,0,0,0,0,0,0,0,0,0,0,0,0,0,0,0
264,15,719.99,205.47,46.781,93.561,3,0,0,0,0,0,0,0,0,0,0,0,0,0,0,0,0,0,0,0
265,5,383.33,191.24,92.166,184.33,4,1,0,0,0,0,0,0,0,0,0,0,0,0,0,0,0,0,0,0
265,9,568.76,176.56,113.13,226.27,8,1,0,0,0,0,0,0,0,0,0,0,0,0,0,0,0,0,0,0
265,10,450.2,180.58,110.17,220.35,1,1,0,0,0,0,0,0,0,0,0,0,0,0,0,0,0,0,0,0
265,11,534.75,174.08,101.37,202.73,1,1,0,0,0,0,0,0,0,0,0,0,0,0,0,0,0,0,0,0
265,12,305.49,139.55,144.81,289.62,1,1,0,0,0,0,0,0,0,0,0,0,0,0,0,0,0,0,0,0
265,15,721.75,206.33,46.869,93.739,3,0,0,0,0,0,0,0,0,0,0,0,0,0,0,0,0,0,0,0
266,5,377.53,191.53,92.315,184.63,4,1,0,0,0,0,0,0,0,0,0,0,0,0,0,0,0,0,0,0
266,9,572.49,177.04,112.81,225.61,8,1,0,0,0,0,0,0,0,0,0,0,0,0,0,0,0,0,0,0
266,10,455,180.94,110.15,220.3,1,1,0,0,0,0,0,0,0,0,0,0,0,0,0,0,0,0,0,0
266,11,539.74,174.46,101.28,202.57,1,1,0,0,0,0,0,0,0,0,0,0,0,0,0,0,0,0,0,0
266,12,311.27,139.89,144.81,289.63,1,1,0,0,0,0,0,0,0,0,0,0,0,0,0,0,0,0,0,0
266,15,721.63,206.67,46.872,93.743,3,0,0,0,0,0,0,0,0,0,0,0,0,0,0,0,0,0,0,0
267,5,371.73,187,92.479,184.96,4,1,0,0,0,0,0,0,0,0,0,0,0,0,0,0,0,0,0,0
267,9,576.18,172.71,112.49,224.98,8,1,0,0,0,0,0,0,0,0,0,0,0,0,0,0,0,0,0,0
267,10,459.81,176.48,110.13,220.26,1,1,0,0,0,0,0,0,0,0,0,0,0,0,0,0,0,0,0,0
267,11,544.72,170.04,101.21,202.42,1,1,0,0,0,0,0,0,0,0,0,0,0,0,0,0,0,0,0,0
267,12,317.04,135.42,144.83,289.65,1,1,0,0,0,0,0,0,0,0,0,0,0,0,0,0,0,0,0,0
267,15,721.58,202.2,46.88,93.76,3,0,0,0,0,0,0,0,0,0,0,0,0,0,0,0,0,0,0,0
268,5,367.15,190.99,92.655,185.31,4,1,0,0,0,0,0,0,0,0,0,0,0,0,0,0,0,0,0,0
268,9,581.28,176.86,112.3,224.61,8,1,0,0,0,0,0,0,0,0,0,0,0,0,0,0,0,0,0,0
268,10,465.88,180.52,110.17,220.35,1,1,0,0,0,0,0,0,0,0,0,0,0,0,0,0,0,0,0,0
268,11,551.06,174.08,101.23,202.47,1,1,0,0,0,0,0,0,0,0,0,0,0,0,0,0,0,0,0,0
268,12,324.05,139.47,144.83,289.66,1,1,0,0,0,0,0,0,0,0,0,0,0,0,0,0,0,0,0,0
268,15,723.33,206.22,46.969,93.938,3,0,0,0,0,0,0,0,0,0,0,0,0,0,0,0,0,0,0,0
269,5,360.48,187.74,92.814,185.63,4,1,0,0,0,0,0,0,0,0,0,0,0,0,0,0,0,0,0,0
269,9,583.85,173.86,111.88,223.76,8,1,0,0,0,0,0,0,0,0,0,0,0,0,0,0,0,0,0,0
269,10,469.78,177.37,110.09,220.18,1,1,0,0,0,0,0,0,0,0,0,0,0,0,0,0,0,0,0,0
269,11,555.02,170.98,101.07,202.15,1,1,0,0,0,0,0,0,0,0,0,0,0,0,0,0,0,0,0,0
269,12,328.98,136.29,144.82,289.63,1,1,0,0,0,0,0,0,0,0,0,0,0,0,0,0,0,0,0,0
269,15,722.02,203.06,46.916,93.832,3,0,0,0,0,0,0,0,0,0,0,0,0,0,0,0,0,0,0,0
270,5,355.53,189.86,92.991,185.98,4,1,0,0,0,0,0,0,0,0,0,0,0,0,0,0,0,0,0,0
270,9,588.44,176.14,111.65,223.3,8,1,0,0,0,0,0,0,0,0,0,0,0,0,0,0,0,0,0,0
270,10,475.47,179.54,110.11,220.22,1,1,0,0,0,0,0,0,0,0,0,0,0,0,0,0,0,0,0,0
270,11,560.93,173.16,101.07,202.13,1,1,0,0,0,0,0,0,0,0,0,0,0,0,0,0,0,0,0,0
270,12,335.64,138.48,144.81,289.62,1,1,0,0,0,0,0,0,0,0,0,0,0,0,0,0,0,0,0,0
270,15,723.27,205.21,46.981,93.961,3,0,0,0,0,0,0,0,0,0,0,0,0,0,0,0,0,0,0,0
271,3,201.54,190.94,96.004,192.01,5,1,1,2,0,0,0,0,0,0,0,0,0,0,0,0,0,0,0,0
271,10,480.37,179.53,110.08,220.17,8,1,2,0,5.2348,-0.12819,-0.0034277,-0.0068555,1,1,535.41,399.7,110.08,220.17,535.41,755.58,755.58,399.7,509.79,289.62
271,11,565.96,173.18,100.99,201.99,1,1,2,0,5.4182,-0.19224,-0.046822,-0.093645,1,1,616.46,375.17,100.99,201.99,616.46,818.45,818.45,375.17,476.17,274.18
271,12,341.54,138.47,144.8,289.6,1,1,3,0,6.206,-0.12299,-0.00016275,-0.00032551,1,1,413.94,428.07,144.8,289.6,413.94,703.54,703.54,428.07,572.87,283.27
272,3,195.45,191.78,95.936,191.87,5,1,0,0,0,0,0,0,0,0,0,0,0,0,0,0,0,0,0,0
272,10,485.64,180.35,110.08,220.16,8,1,0,0,0,0,0,0,0,0,0,0,0,0,0,0,0,0,0,0
272,11,571.39,174.02,100.95,201.9,1,1,0,0,0,0,0,0,0,0,0,0,0,0,0,0,0,0,0,0
272,12,347.79,139.29,144.79,289.58,1,1,0,0,0,0,0,0,0,0,0,0,0,0,0,0,0,0,0,0
273,3,188.88,191.65,95.892,191.78,5,1,0,0,0,0,0,0,0,0,0,0,0,0,0,0,0,0,0,0
273,10,490.45,180.22,110.04,220.08,8,1,0,0,0,0,0,0,0,0,0,0,0,0,0,0,0,0,0,0
273,11,576.3,173.92,100.87,201.73,1,1,0,0,0,0,0,0,0,0,0,0,0,0,0,0,0,0,0,0
273,12,353.61,139.16,144.77,289.53,1,1,0,0,0,0,0,0,0,0,0,0,0,0,0,0,0,0,0,0
274,3,184.42,192.68,95.733,191.47,5,1,0,0,0,0,0,0,0,0,0,0,0,0,0,0,0,0,0,0
274,10,497.19,181.16,110.12,220.24,8,1,0,0,0,0,0,0,0,0,0,0,0,0,0,0,0,0,0,0
274,11,583.33,174.85,100.96,201.91,1,1,0,0,0,0,0,0,0,0,0,0,0,0,0,0,0,0,0,0
274,12,361.24,140.12,144.78,289.55,1,1,0,0,0,0,0,0,0,0,0,0,0,0,0,0,0,0,0,0
275,3,177.95,191.92,95.689,191.38,5,1,0,0,0,0,0,0,0,0,0,0,0,0,0,0,0,0,0,0
275,10,502.06,180.4,110.09,220.17,8,1,0,0,0,0,0,0,0,0,0,0,0,0,0,0,0,0,0,0
275,11,588.28,174.11,100.88,201.76,1,1,0,0,0,0,0,0,0,0,0,0,0,0,0,0,0,0,0,0
275,12,367.11,139.36,144.75,289.51,1,1,0,0,0,0,0,0,0,0,0,0,0,0,0,0,0,0,0,0
276,3,172.19,192.94,95.608,191.22,5,1,0,0,0,0,0,0,0,0,0,0,0,0,0,0,0,0,0,0
276,10,507.58,181.39,110.1,220.19,8,1,0,0,0,0,0,0,0,0,0,0,0,0,0,0,0,0,0,0
276,11,593.95,175.11,100.86,201.73,1,1,0,0,0,0,0,0,0,0,0,0,0,0,0,0,0,0,0,0
276,12,373.57,140.36,144.75,289.5,1,1,0,0,0,0,0,0,0,0,0,0,0,0,0,0,0,0,0,0
277,3,165.94,193.17,95.561,191.12,5,1,0,0,0,0,0,0,0,0,0,0,0,0,0,0,0,0,0,0
277,10,512.64,181.61,110.08,220.16,8,1,0,0,0,0,0,0,0,0,0,0,0,0,0,0,0,0,0,0
277,11,599.1,175.35,100.81,201.62,1,1,0,0,0,0,0,0,0,0,0,0,0,0,0,0,0,0,0,0
277,12,379.6,140.58,144.74,289.47,1,1,0,0,0,0,0,0,0,0,0,0,0,0,0,0,0,0,0,0
278,3,160.31,192.39,95.476,190.95,5,1,0,0,0,0,0,0,0,0,0,0,0,0,0,0,0,0,0,0
278,10,518.25,180.78,110.1,220.2,8,1,0,0,0,0,0,0,0,0,0,0,0,0,0,0,0,0,0,0
278,11,604.86,174.54,100.81,201.62,1,1,0,0,0,0,0,0,0,0,0,0,0,0,0,0,0,0,0,0
278,12,386.14,139.76,144.74,289.48,1,1,0,0,0,0,0,0,0,0,0,0,0,0,0,0,0,0,0,0
279,3,154.33,192.8,95.414,190.83,5,1,0,0,0,0,0,0,0,0,0,0,0,0,0,0,0,0,0,0
279,10,523.53,181.18,110.09,220.19,8,1,0,0,0,0,0,0,0,0,0,0,0,0,0,0,0,0,0,0
279,11,610.24,174.94,100.77,201.55,1,1,0,0,0,0,0,0,0,0,0,0,0,0,0,0,0,0,0,0
279,12,392.36,140.16,144.73,289.46,1,1,0,0,0,0,0,0,0,0,0,0,0,0,0,0,0,0,0,0
280,3,147.88,191.29,95.378,190.76,5,1,0,0,0,0,0,0,0,0,0,0,0,0,0,0,0,0,0,0
280,10,528.33,179.68,110.04,220.09,8,1,0,0,0,0,0,0,0,0,0,0,0,0,0,0,0,0,0,0
280,11,615.07,173.47,100.69,201.38,1,1,0,0,0,0,0,0,0,0,0,0,0,0,0,0,0,0,0,0
280,12,398.14,138.66,144.69,289.38,1,1,0,0,0,0,0,0,0,0,0,0,0,0,0,0,0,0,0,0
281,3,142.93,190.81,95.25,190.5,5,1,1,2,-5.911,-0.20083,-0.073031,-0.14606,5,1,190.56,381.31,95.25,190.5,190.56,0.058753,0.058753,381.31,286.06,476.56
281,5,297.18,188.62,95.133,190.27,4,1,2,2,0,0,0,0,0,0,0,0,0,0,0,0,0,0,0,0
281,9,632.83,176.97,108.81,217.62,8,1,3,0,0,0,0,0,0,0,0,0,0,0,0,0,0,0,0,0
281,10,534.51,179.12,110.11,220.21,1,1,3,0,5.3959,-0.079277,0.0010144,0.0020289,8,1,589.56,399.33,110.11,220.21,589.56,900.99,589.56,399.33,399.33,243.62
281,12,405.17,138.11,144.72,289.44,1,1,4,0,6.3403,-0.093316,-0.008881,-0.017762,1,1,477.53,427.55,144.72,289.44,477.53,766.97,766.97,427.55,572.27,282.83
282,3,137.55,191.71,95.153,190.31,5,1,0,0,0,0,0,0,0,0,0,0,0,0,0,0,0,0,0,0
282,5,292.18,189.41,95.341,190.68,4,1,0,0,0,0,0,0,0,0,0,0,0,0,0,0,0,0,0,0
282,9,637.16,177.93,108.6,217.21,8,1,0,0,0,0,0,0,0,0,0,0,0,0,0,0,0,0,0,0
282,10,540.27,179.98,110.14,220.28,1,1,0,0,0,0,0,0,0,0,0,0,0,0,0,0,0,0,0,0
282,12,411.8,138.98,144.74,289.47,1,1,0,0,0,0,0,0,0,0,0,0,0,0,0,0,0,0,0,0
283,3,131.65,192.39,95.091,190.18,5,1,0,0,0,0,0,0,0,0,0,0,0,0,0,0,0,0,0,0
283,5,286.73,189.98,95.561,191.12,4,1,0,0,0,0,0,0,0,0,0,0,0,0,0,0,0,0,0,0
283,9,640.93,178.7,108.35,216.69,8,1,0,0,0,0,0,0,0,0,0,0,0,0,0,0,0,0,0,0
283,10,545.57,180.63,110.14,220.27,1,1,0,0,0,0,0,0,0,0,0,0,0,0,0,0,0,0,0,0
283,12,418,139.63,144.73,289.47,1,1,0,0,0,0,0,0,0,0,0,0,0,0,0,0,0,0,0,0
284,3,126.61,193.17,94.968,189.94,5,1,0,0,0,0,0,0,0,0,0,0,0,0,0,0,0,0,0,0
284,5,281.94,190.64,95.762,191.52,4,1,0,0,0,0,0,0,0,0,0,0,0,0,0,0,0,0,0,0
284,9,645.51,179.51,108.17,216.34,8,1,0,0,0,0,0,0,0,0,0,0,0,0,0,0,0,0,0,0
284,10,551.59,181.34,110.19,220.38,1,1,0,0,0,0,0,0,0,0,0,0,0,0,0,0,0,0,0,0
284,12,424.84,140.35,144.76,289.52,1,1,0,0,0,0,0,0,0,0,0,0,0,0,0,0,0,0,0,0
285,3,121.52,191.51,94.852,189.7,5,1,0,0,0,0,0,0,0,0,0,0,0,0,0,0,0,0,0,0
285,5,277.09,188.86,95.971,191.94,4,1,0,0,0,0,0,0,0,0,0,0,0,0,0,0,0,0,0,0
285,9,650.03,177.89,108,215.99,8,1,0,0,0,0,0,0,0,0,0,0,0,0,0,0,0,0,0,0
285,10,557.58,179.62,110.25,220.5,1,1,0,0,0,0,0,0,0,0,0,0,0,0,0,0,0,0,0,0
285,12,431.64,138.62,144.8,289.61,1,1,0,0,0,0,0,0,0,0,0,0,0,0,0,0,0,0,0,0
286,3,116.71,192.64,94.713,189.43,5,1,0,0,0,0,0,0,0,0,0,0,0,0,0,0,0,0,0,0
286,5,272.43,189.86,96.17,192.34,4,1,0,0,0,0,0,0,0,0,0,0,0,0,0,0,0,0,0,0
286,9,654.79,179.03,107.85,215.69,8,1,0,0,0,0,0,0,0,0,0,0,0,0,0,0,0,0,0,0
286,10,563.79,180.67,110.32,220.65,1,1,0,0,0,0,0,0,0,0,0,0,0,0,0,0,0,0,0,0
286,12,438.62,139.67,144.86,289.71,1,1,0,0,0,0,0,0,0,0,0,0,0,0,0,0,0,0,0,0
287,3,112.38,193.65,94.541,189.08,5,1,0,0,0,0,0,0,0,0,0,0,0,0,0,0,0,0,0,0
287,5,268.12,190.74,96.36,192.72,4,1,0,0,0,0,0,0,0,0,0,0,0,0,0,0,0,0,0,0
287,9,660.01,180.03,107.75,215.5,8,1,0,0,0,0,0,0,0,0,0,0,0,0,0,0,0,0,0,0
287,10,570.42,181.57,110.44,220.89,1,1,0,0,0,0,0,0,0,0,0,0,0,0,0,0,0,0,0,0
287,12,445.97,140.57,144.94,289.89,1,1,0,0,0,0,0,0,0,0,0,0,0,0,0,0,0,0,0,0
288,3,105.67,192.43,94.541,189.08,5,1,0,0,0,0,0,0,0,0,0,0,0,0,0,0,0,0,0,0
288,5,261.83,189.43,96.613,193.23,4,1,0,0,0,0,0,0,0,0,0,0,0,0,0,0,0,0,0,0
288,9,662.72,178.96,107.4,214.8,8,1,0,0,0,0,0,0,0,0,0,0,0,0,0,0,0,0,0,0
288,10,574.89,180.38,110.37,220.75,1,1,0,0,0,0,0,0,0,0,0,0,0,0,0,0,0,0,0,0
288,12,451.39,139.38,144.9,289.8,1,1,0,0,0,0,0,0,0,0,0,0,0,0,0,0,0,0,0,0
289,3,97.384,191.96,94.661,189.32,5,1,0,0,0,0,0,0,0,0,0,0,0,0,0,0,0,0,0,0
289,5,254.26,188.88,96.916,193.83,4,1,0,0,0,0,0,0,0,0,0,0,0,0,0,0,0,0,0,0
289,9,663.79,178.76,106.88,213.76,8,1,0,0,0,0,0,0,0,0,0,0,0,0,0,0,0,0,0,0
289,10,577.95,180.03,110.17,220.35,1,1,0,0,0,0,0,0,0,0,0,0,0,0,0,0,0,0,0,0
289,12,455.56,139.03,144.77,289.53,1,1,0,0,0,0,0,0,0,0,0,0,0,0,0,0,0,0,0,0
290,3,93.355,193.13,94.47,188.94,5,1,0,0,0,0,0,0,0,0,0,0,0,0,0,0,0,0,0,0
290,5,250.09,189.91,97.106,194.21,4,1,0,0,0,0,0,0,0,0,0,0,0,0,0,0,0,0,0,0
290,9,669.22,179.89,106.82,213.63,8,1,0,0,0,0,0,0,0,0,0,0,0,0,0,0,0,0,0,0
290,10,584.82,181.08,110.32,220.64,1,1,0,0,0,0,0,0,0,0,0,0,0,0,0,0,0,0,0,0
290,12,463.08,140.06,144.88,289.76,1,1,0,0,0,0,0,0,0,0,0,0,0,0,0,0,0,0,0,0
291,5,245.64,189.87,97.292,194.58,5,1,2,0,-5.1251,0.42388,0.21976,0.43953,4,1,294.29,384.45,97.292,194.58,294.29,19.106,294.29,384.45,384.45,522.04
291,9,674.27,179.96,106.71,213.42,7,1,3,0,3.9316,-0.27284,-0.2186,-0.4372,8,1,727.63,393.39,106.71,213.42,727.63,1029.5,727.63,393.39,393.39,242.47
291,10,591.38,181.06,110.43,220.86,8,1,3,0,5.6199,0.10945,0.026089,0.052179,1,1,646.6,401.92,110.43,220.86,646.6,867.46,867.46,401.92,512.35,291.49
291,12,470.33,140.03,144.97,289.94,1,1,4,0,6.4505,0.098203,0.02149,0.04298,1,1,542.81,429.97,144.97,289.94,542.81,832.75,832.75,429.97,574.94,285
291,13,521.54,139.62,133.79,267.58,1,1,4,0,0,0,0,0,0,0,0,0,0,0,0,0,0,0,0,0
292,5,240.89,187.04,97.501,195,5,1,0,0,0,0,0,0,0,0,0,0,0,0,0,0,0,0,0,0
292,9,679,177.27,106.58,213.17,7,1,0,0,0,0,0,0,0,0,0,0,0,0,0,0,0,0,0,0
292,10,597.67,178.27,110.53,221.07,8,1,0,0,0,0,0,0,0,0,0,0,0,0,0,0,0,0,0,0
292,12,477.31,137.23,145.06,290.12,1,1,0,0,0,0,0,0,0,0,0,0,0,0,0,0,0,0,0,0
292,13,530.32,136.59,134.22,268.45,1,1,0,0,0,0,0,0,0,0,0,0,0,0,0,0,0,0,0,0
293,5,235.44,186.8,97.739,195.48,5,1,0,0,0,0,0,0,0,0,0,0,0,0,0,0,0,0,0,0
293,9,682.86,177.22,106.37,212.74,7,1,0,0,0,0,0,0,0,0,0,0,0,0,0,0,0,0,0,0
293,10,603.22,178.1,110.57,221.14,8,1,0,0,0,0,0,0,0,0,0,0,0,0,0,0,0,0,0,0
293,12,483.65,137.05,145.11,290.21,1,1,0,0,0,0,0,0,0,0,0,0,0,0,0,0,0,0,0,0
293,13,538.49,136.2,134.6,269.19,1,1,0,0,0,0,0,0,0,0,0,0,0,0,0,0,0,0,0,0
294,5,228.21,188.43,98.051,196.1,5,1,0,0,0,0,0,0,0,0,0,0,0,0,0,0,0,0,0,0
294,9,684.42,179.17,105.92,211.83,7,1,0,0,0,0,0,0,0,0,0,0,0,0,0,0,0,0,0,0
294,10,606.77,179.92,110.41,220.82,8,1,0,0,0,0,0,0,0,0,0,0,0,0,0,0,0,0,0,0
294,12,488.24,138.88,144.99,289.98,1,1,0,0,0,0,0,0,0,0,0,0,0,0,0,0,0,0,0,0
294,13,544.87,137.84,134.77,269.54,1,1,0,0,0,0,0,0,0,0,0,0,0,0,0,0,0,0,0,0
295,5,222.02,187.44,98.328,196.66,5,1,0,0,0,0,0,0,0,0,0,0,0,0,0,0,0,0,0,0
295,9,687.37,178.42,105.61,211.23,7,1,0,0,0,0,0,0,0,0,0,0,0,0,0,0,0,0,0,0
295,10,611.54,179.06,110.37,220.74,8,1,0,0,0,0,0,0,0,0,0,0,0,0,0,0,0,0,0,0
295,12,493.89,138.01,144.97,289.94,1,1,0,0,0,0,0,0,0,0,0,0,0,0,0,0,0,0,0,0
295,13,552.42,136.77,135.06,270.12,1,1,0,0,0,0,0,0,0,0,0,0,0,0,0,0,0,0,0,0
296,5,215.78,184.96,98.607,197.21,5,1,0,0,0,0,0,0,0,0,0,0,0,0,0,0,0,0,0,0
296,9,690.25,176.18,105.3,210.61,7,1,0,0,0,0,0,0,0,0,0,0,0,0,0,0,0,0,0,0
296,10,616.27,176.7,110.32,220.64,8,1,0,0,0,0,0,0,0,0,0,0,0,0,0,0,0,0,0,0
296,12,499.51,135.65,144.94,289.87,1,1,0,0,0,0,0,0,0,0,0,0,0,0,0,0,0,0,0,0
296,13,559.99,134.21,135.34,270.68,1,1,0,0,0,0,0,0,0,0,0,0,0,0,0,0,0,0,0,0
297,5,212.33,185.75,98.743,197.49,5,1,0,0,0,0,0,0,0,0,0,0,0,0,0,0,0,0,0,0
297,9,696.7,176.99,105.36,210.73,7,1,0,0,0,0,0,0,0,0,0,0,0,0,0,0,0,0,0,0
297,10,624.17,177.43,110.58,221.16,8,1,0,0,0,0,0,0,0,0,0,0,0,0,0,0,0,0,0,0
297,12,507.85,136.35,145.17,290.33,1,1,0,0,0,0,0,0,0,0,0,0,0,0,0,0,0,0,0,0
297,13,570.55,134.65,135.94,271.88,1,1,0,0,0,0,0,0,0,0,0,0,0,0,0,0,0,0,0,0
298,5,206.26,185.38,99.023,198.05,5,1,0,0,0,0,0,0,0,0,0,0,0,0,0,0,0,0,0,0
298,9,699.89,176.85,105.1,210.2,7,1,0,0,0,0,0,0,0,0,0,0,0,0,0,0,0,0,0,0
298,10,629.2,177.17,110.57,221.14,8,1,0,0,0,0,0,0,0,0,0,0,0,0,0,0,0,0,0,0
298,12,513.7,136.08,145.18,290.35,1,1,0,0,0,0,0,0,0,0,0,0,0,0,0,0,0,0,0,0
298,13,578.51,134.18,136.27,272.54,1,1,0,0,0,0,0,0,0,0,0,0,0,0,0,0,0,0,0,0
299,5,200.47,185.51,99.284,198.57,5,1,0,0,0,0,0,0,0,0,0,0,0,0,0,0,0,0,0,0
299,9,703.43,177.18,104.87,209.74,7,1,0,0,0,0,0,0,0,0,0,0,0,0,0,0,0,0,0,0
299,10,634.57,177.4,110.59,221.18,8,1,0,0,0,0,0,0,0,0,0,0,0,0,0,0,0,0,0,0
299,12,519.84,136.29,145.21,290.42,1,1,0,0,0,0,0,0,0,0,0,0,0,0,0,0,0,0,0,0
299,13,586.83,134.18,136.62,273.25,1,1,0,0,0,0,0,0,0,0,0,0,0,0,0,0,0,0,0,0
300,5,195.61,185.9,99.481,198.96,5,1,0,0,0,0,0,0,0,0,0,0,0,0,0,0,0,0,0,0
300,9,708.12,177.7,104.75,209.51,7,1,0,0,0,0,0,0,0,0,0,0,0,0,0,0,0,0,0,0
300,10,640.96,177.82,110.7,221.4,8,1,0,0,0,0,0,0,0,0,0,0,0,0,0,0,0,0,0,0
300,12,526.87,136.7,145.32,290.63,1,1,0,0,0,0,0,0,0,0,0,0,0,0,0,0,0,0,0,0
300,13,596.18,134.35,137.08,274.16,1,1,0,0,0,0,0,0,0,0,0,0,0,0,0,0,0,0,0,0
301,5,188.65,186.13,99.807,199.61,4,1,1,0,-5.5616,0.29205,0.25052,0.50104,5,1,238.56,385.74,99.807,199.61,238.56,38.942,38.942,385.74,285.93,485.55
301,12,531.91,137.1,145.23,290.46,1,1,3,0,6.1946,-0.071399,0.03006,0.060121,1,1,604.52,427.56,145.23,290.46,604.52,894.99,894.99,427.56,572.79,282.33
301,13,603.41,134.56,137.29,274.58,1,1,3,0,8.4209,0.36382,0.35428,0.70855,1,1,672.05,409.14,137.29,274.58,672.05,946.63,946.63,409.14,546.43,271.85
302,5,183.34,186.36,100.04,200.08,4,1,0,0,0,0,0,0,0,0,0,0,0,0,0,0,0,0,0,0
302,12,538.57,137.37,145.32,290.63,1,1,0,0,0,0,0,0,0,0,0,0,0,0,0,0,0,0,0,0
302,13,612.49,134.61,137.71,275.43,1,1,0,0,0,0,0,0,0,0,0,0,0,0,0,0,0,0,0,0
303,5,177.15,185.24,100.31,200.63,4,1,0,0,0,0,0,0,0,0,0,0,0,0,0,0,0,0,0,0
303,12,544.4,136.36,145.3,290.61,1,1,0,0,0,0,0,0,0,0,0,0,0,0,0,0,0,0,0,0
303,13,620.69,133.4,138.02,276.03,1,1,0,0,0,0,0,0,0,0,0,0,0,0,0,0,0,0,0,0
304,5,171.28,185.21,100.58,201.15,4,1,0,0,0,0,0,0,0,0,0,0,0,0,0,0,0,0,0,0
304,12,550.57,136.41,145.33,290.67,1,1,0,0,0,0,0,0,0,0,0,0,0,0,0,0,0,0,0,0
304,13,629.33,133.23,138.37,276.75,1,1,0,0,0,0,0,0,0,0,0,0,0,0,0,0,0,0,0,0
305,5,165.61,186.63,100.82,201.63,4,1,0,0,0,0,0,0,0,0,0,0,0,0,0,0,0,0,0,0
305,12,556.93,137.89,145.38,290.75,1,1,0,0,0,0,0,0,0,0,0,0,0,0,0,0,0,0,0,0
305,13,638.24,134.49,138.75,277.5,1,1,0,0,0,0,0,0,0,0,0,0,0,0,0,0,0,0,0,0
306,5,159.83,186.51,101.08,202.15,4,1,0,0,0,0,0,0,0,0,0,0,0,0,0,0,0,0,0,0
306,12,563.27,137.84,145.43,290.87,1,1,0,0,0,0,0,0,0,0,0,0,0,0,0,0,0,0,0,0
306,13,647.18,134.22,139.14,278.28,1,1,0,0,0,0,0,0,0,0,0,0,0,0,0,0,0,0,0,0
307,5,154.22,186.2,101.32,202.64,4,1,0,0,0,0,0,0,0,0,0,0,0,0,0,0,0,0,0,0
307,12,569.8,137.58,145.52,291.03,1,1,0,0,0,0,0,0,0,0,0,0,0,0,0,0,0,0,0,0
307,13,656.41,133.73,139.57,279.13,1,1,0,0,0,0,0,0,0,0,0,0,0,0,0,0,0,0,0,0
308,5,148.57,186.96,101.56,203.13,4,1,0,0,0,0,0,0,0,0,0,0,0,0,0,0,0,0,0,0
308,12,576.31,138.39,145.59,291.18,1,1,0,0,0,0,0,0,0,0,0,0,0,0,0,0,0,0,0,0
308,13,665.65,134.31,139.98,279.97,1,1,0,0,0,0,0,0,0,0,0,0,0,0,0,0,0,0,0,0
309,5,140.69,186.13,101.96,203.93,4,1,0,0,0,0,0,0,0,0,0,0,0,0,0,0,0,0,0,0
309,12,580.68,137.82,145.4,290.79,1,1,0,0,0,0,0,0,0,0,0,0,0,0,0,0,0,0,0,0
309,13,672.46,133.58,140.06,280.11,1,1,0,0,0,0,0,0,0,0,0,0,0,0,0,0,0,0,0,0
310,5,134.75,186.61,102.23,204.46,4,1,0,0,0,0,0,0,0,0,0,0,0,0,0,0,0,0,0,0
310,12,586.97,138.38,145.44,290.88,1,1,0,0,0,0,0,0,0,0,0,0,0,0,0,0,0,0,0,0
310,13,681.54,133.92,140.44,280.87,1,1,0,0,0,0,0,0,0,0,0,0,0,0,0,0,0,0,0,0
