1,1,457.54,137.67,78.289,156.58,5,1,1,2,0,0,0,0,0,0,0,0,0,0,0,0,0,0,0,0
1,2,572.86,149.38,73.984,147.97,5,1,2,2,0,0,0,0,0,0,0,0,0,0,0,0,0,0,0,0
2,1,453.63,137.12,78.267,156.53,5,1,0,0,0,0,0,0,0,0,0,0,0,0,0,0,0,0,0,0
2,2,570.07,148.81,73.921,147.84,5,1,0,0,0,0,0,0,0,0,0,0,0,0,0,0,0,0,0,0
3,1,450.68,136.75,78.437,156.87,5,1,0,0,0,0,0,0,0,0,0,0,0,0,0,0,0,0,0,0
3,2,568.61,148.47,74.066,148.13,5,1,0,0,0,0,0,0,0,0,0,0,0,0,0,0,0,0,0,0
4,1,443.6,137.7,78.433,156.87,5,1,0,0,0,0,0,0,0,0,0,0,0,0,0,0,0,0,0,0
4,2,562.39,149.43,73.912,147.82,5,1,0,0,0,0,0,0,0,0,0,0,0,0,0,0,0,0,0,0
5,1,437.5,140.54,78.458,156.92,5,1,0,0,0,0,0,0,0,0,0,0,0,0,0,0,0,0,0,0
5,2,557.3,152.28,73.817,147.63,5,1,0,0,0,0,0,0,0,0,0,0,0,0,0,0,0,0,0,0
6,1,433.82,141.31,78.592,157.18,5,1,0,0,0,0,0,0,0,0,0,0,0,0,0,0,0,0,0,0
6,2,555,153.07,73.904,147.81,5,1,0,0,0,0,0,0,0,0,0,0,0,0,0,0,0,0,0,0
7,1,428.62,141.8,78.676,157.35,5,1,0,0,0,0,0,0,0,0,0,0,0,0,0,0,0,0,0,0
7,2,551,153.59,73.894,147.79,5,1,0,0,0,0,0,0,0,0,0,0,0,0,0,0,0,0,0,0
8,1,421.98,140.29,78.713,157.43,5,1,0,0,0,0,0,0,0,0,0,0,0,0,0,0,0,0,0,0
8,2,545.36,152.09,73.787,147.57,5,1,0,0,0,0,0,0,0,0,0,0,0,0,0,0,0,0,0,0
9,1,418.21,138.36,78.838,157.68,5,1,0,0,0,0,0,0,0,0,0,0,0,0,0,0,0,0,0,0
9,2,542.99,150.19,73.865,147.73,5,1,0,0,0,0,0,0,0,0,0,0,0,0,0,0,0,0,0,0
10,1,417.29,137.18,79.046,158.09,5,1,0,0,0,0,0,0,0,0,0,0,0,0,0,0,0,0,0,0
10,2,543.87,149.04,74.125,148.25,5,1,0,0,0,0,0,0,0,0,0,0,0,0,0,0,0,0,0,0
11,1,415.11,135.18,79.213,158.43,5,1,1,2,-4.5535,0.12131,0.094878,0.18976,5,1,454.71,293.61,79.213,158.43,454.71,296.29,296.29,293.61,214.39,372.82
11,2,543.32,147.06,74.303,148.61,5,1,2,2,-3.328,-0.0059182,0.021312,0.042623,5,1,580.47,295.67,74.303,148.61,580.47,431.86,431.86,295.67,221.36,369.97
12,1,411.83,133.26,79.347,158.69,5,1,0,0,0,0,0,0,0,0,0,0,0,0,0,0,0,0,0,0
12,2,541.53,145.16,74.413,148.83,5,1,0,0,0,0,0,0,0,0,0,0,0,0,0,0,0,0,0,0
13,1,409.03,131.32,79.49,158.98,5,1,0,0,0,0,0,0,0,0,0,0,0,0,0,0,0,0,0,0
13,2,540.3,143.24,74.552,149.1,5,1,0,0,0,0,0,0,0,0,0,0,0,0,0,0,0,0,0,0
14,1,406.52,130.98,79.641,159.28,5,1,0,0,0,0,0,0,0,0,0,0,0,0,0,0,0,0,0,0
14,2,539.39,142.92,74.711,149.42,5,1,0,0,0,0,0,0,0,0,0,0,0,0,0,0,0,0,0,0
15,1,401.23,130.93,79.709,159.42,5,1,0,0,0,0,0,0,0,0,0,0,0,0,0,0,0,0,0,0
15,2,535.33,142.89,74.687,149.37,5,1,0,0,0,0,0,0,0,0,0,0,0,0,0,0,0,0,0,0
16,1,391.49,127.27,79.685,159.37,5,1,0,0,0,0,0,0,0,0,0,0,0,0,0,0,0,0,0,0
16,2,526.28,139.25,74.402,148.8,5,1,0,0,0,0,0,0,0,0,0,0,0,0,0,0,0,0,0,0
17,1,390.2,126.13,79.857,159.71,5,1,0,0,0,0,0,0,0,0,0,0,0,0,0,0,0,0,0,0
17,2,526.77,138.12,74.632,149.26,5,1,0,0,0,0,0,0,0,0,0,0,0,0,0,0,0,0,0,0
18,1,389.64,126.76,80.038,160.08,5,1,0,0,0,0,0,0,0,0,0,0,0,0,0,0,0,0,0,0
18,2,528.08,138.77,74.904,149.81,5,1,0,0,0,0,0,0,0,0,0,0,0,0,0,0,0,0,0,0
19,1,386.7,123.25,80.164,160.33,5,1,0,0,0,0,0,0,0,0,0,0,0,0,0,0,0,0,0,0
19,2,526.71,135.28,75.032,150.06,5,1,0,0,0,0,0,0,0,0,0,0,0,0,0,0,0,0,0,0
20,1,381.51,125.42,80.24,160.48,5,1,0,0,0,0,0,0,0,0,0,0,0,0,0,0,0,0,0,0
20,2,522.8,137.48,75.022,150.04,5,1,0,0,0,0,0,0,0,0,0,0,0,0,0,0,0,0,0,0
21,1,374.7,126.2,80.291,160.58,5,1,1,2,-3.9587,-0.73989,0.10615,0.21229,5,1,414.85,286.78,80.291,160.58,414.85,254.27,254.27,286.78,206.49,367.07
21,3,115.63,125.91,95.864,191.73,1,1,2,0,0,0,0,0,0,0,0,0,0,0,0,0,0,0,0,0
22,1,369.55,128.63,80.37,160.74,5,1,0,0,0,0,0,0,0,0,0,0,0,0,0,0,0,0,0,0
22,3,120.74,128.34,95.947,191.89,1,1,0,0,0,0,0,0,0,0,0,0,0,0,0,0,0,0,0,0
23,1,365.53,129.75,80.466,160.93,5,1,0,0,0,0,0,0,0,0,0,0,0,0,0,0,0,0,0,0
23,3,127.18,129.49,95.947,191.89,1,1,0,0,0,0,0,0,0,0,0,0,0,0,0,0,0,0,0,0
24,1,362.39,131.58,80.576,161.15,5,1,0,0,0,0,0,0,0,0,0,0,0,0,0,0,0,0,0,0
24,3,134.65,131.35,95.891,191.78,1,1,0,0,0,0,0,0,0,0,0,0,0,0,0,0,0,0,0,0
25,1,358.15,132.13,80.664,161.33,5,1,0,0,0,0,0,0,0,0,0,0,0,0,0,0,0,0,0,0
25,3,140.84,131.92,95.913,191.83,1,1,0,0,0,0,0,0,0,0,0,0,0,0,0,0,0,0,0,0
26,1,351.75,133.14,80.726,161.45,5,1,0,0,0,0,0,0,0,0,0,0,0,0,0,0,0,0,0,0
26,3,144.58,132.91,96.073,192.15,1,1,0,0,0,0,0,0,0,0,0,0,0,0,0,0,0,0,0,0
27,1,349.18,135.55,80.831,161.66,5,1,0,0,0,0,0,0,0,0,0,0,0,0,0,0,0,0,0,0
27,3,152.7,135.36,95.991,191.98,1,1,0,0,0,0,0,0,0,0,0,0,0,0,0,0,0,0,0,0
28,1,344.11,135.64,80.91,161.82,5,1,0,0,0,0,0,0,0,0,0,0,0,0,0,0,0,0,0,0
28,3,157.97,135.45,96.067,192.13,1,1,0,0,0,0,0,0,0,0,0,0,0,0,0,0,0,0,0,0
29,1,340.73,138.02,80.999,162,5,1,0,0,0,0,0,0,0,0,0,0,0,0,0,0,0,0,0,0
29,3,165.16,137.86,96.044,192.09,1,1,0,0,0,0,0,0,0,0,0,0,0,0,0,0,0,0,0,0
30,1,336.92,140.03,81.084,162.17,5,1,0,0,0,0,0,0,0,0,0,0,0,0,0,0,0,0,0,0
30,3,171.84,139.89,96.053,192.11,1,1,0,0,0,0,0,0,0,0,0,0,0,0,0,0,0,0,0,0
31,1,331.37,139.17,81.166,162.33,5,1,1,2,-4.1795,1.4603,0.087598,0.1752,5,1,371.96,301.51,81.166,162.33,371.96,209.62,209.62,301.51,220.34,382.67
31,2,487.89,151.41,75.327,150.65,5,1,2,2,0,0,0,0,0,0,0,0,0,0,0,0,0,0,0,0
31,3,176.61,139.03,96.165,192.33,1,1,3,2,6.2393,1.3474,0.023389,0.046779,1,1,224.69,331.36,96.165,192.33,224.69,417.02,417.02,331.36,427.52,235.19
31,4,36.123,136.48,85.731,171.46,1,1,4,2,0,0,0,0,0,0,0,0,0,0,0,0,0,0,0,0
31,5,143.49,143.86,76.551,153.1,1,1,5,2,0,0,0,0,0,0,0,0,0,0,0,0,0,0,0,0
31,6,582.36,152.14,84.204,168.41,5,1,6,2,0,0,0,0,0,0,0,0,0,0,0,0,0,0,0,0
32,1,323.45,137.95,81.243,162.49,5,1,0,0,0,0,0,0,0,0,0,0,0,0,0,0,0,0,0,0
32,2,481.09,150.22,75.194,150.39,5,1,0,0,0,0,0,0,0,0,0,0,0,0,0,0,0,0,0,0
32,3,178.8,137.77,96.391,192.78,1,1,0,0,0,0,0,0,0,0,0,0,0,0,0,0,0,0,0,0
32,4,35.385,135.24,85.851,171.7,1,1,0,0,0,0,0,0,0,0,0,0,0,0,0,0,0,0,0,0
32,5,143.49,142.63,76.672,153.34,1,1,0,0,0,0,0,0,0,0,0,0,0,0,0,0,0,0,0,0
32,6,574.45,150.95,83.93,167.86,5,1,0,0,0,0,0,0,0,0,0,0,0,0,0,0,0,0,0,0
33,1,321.03,138.92,81.329,162.66,5,1,0,0,0,0,0,0,0,0,0,0,0,0,0,0,0,0,0,0
33,2,480.24,151.2,75.326,150.65,5,1,0,0,0,0,0,0,0,0,0,0,0,0,0,0,0,0,0,0
33,3,187.03,138.78,96.332,192.66,1,1,0,0,0,0,0,0,0,0,0,0,0,0,0,0,0,0,0,0
33,4,42.152,136.34,85.439,170.88,1,1,0,0,0,0,0,0,0,0,0,0,0,0,0,0,0,0,0,0
33,5,149.85,143.66,76.49,152.98,1,1,0,0,0,0,0,0,0,0,0,0,0,0,0,0,0,0,0,0
33,6,573.28,151.94,84.134,168.27,5,1,0,0,0,0,0,0,0,0,0,0,0,0,0,0,0,0,0,0
34,1,315.8,139.66,81.406,162.81,5,1,0,0,0,0,0,0,0,0,0,0,0,0,0,0,0,0,0,0
34,2,476.34,151.96,75.319,150.64,5,1,0,0,0,0,0,0,0,0,0,0,0,0,0,0,0,0,0,0
34,3,192.2,139.52,96.41,192.82,1,1,0,0,0,0,0,0,0,0,0,0,0,0,0,0,0,0,0,0
34,4,45.102,137.13,85.291,170.58,1,1,0,0,0,0,0,0,0,0,0,0,0,0,0,0,0,0,0,0
34,5,152.97,144.42,76.457,152.91,1,1,0,0,0,0,0,0,0,0,0,0,0,0,0,0,0,0,0,0
34,6,568.67,152.69,84.089,168.18,5,1,0,0,0,0,0,0,0,0,0,0,0,0,0,0,0,0,0,0
35,1,310.76,140.61,81.492,162.98,5,1,0,0,0,0,0,0,0,0,0,0,0,0,0,0,0,0,0,0
35,2,472.66,152.92,75.329,150.66,5,1,0,0,0,0,0,0,0,0,0,0,0,0,0,0,0,0,0,0
35,3,197.58,140.47,96.486,192.97,1,1,0,0,0,0,0,0,0,0,0,0,0,0,0,0,0,0,0,0
35,4,48.282,138.14,85.133,170.27,1,1,0,0,0,0,0,0,0,0,0,0,0,0,0,0,0,0,0,0
35,5,156.31,145.39,76.419,152.84,1,1,0,0,0,0,0,0,0,0,0,0,0,0,0,0,0,0,0,0
35,6,564.32,153.66,84.069,168.14,5,1,0,0,0,0,0,0,0,0,0,0,0,0,0,0,0,0,0,0
36,1,306.27,140.25,81.574,163.15,5,1,0,0,0,0,0,0,0,0,0,0,0,0,0,0,0,0,0,0
36,2,469.57,152.58,75.362,150.72,5,1,0,0,0,0,0,0,0,0,0,0,0,0,0,0,0,0,0,0
36,3,203.57,140.12,96.535,193.07,1,1,0,0,0,0,0,0,0,0,0,0,0,0,0,0,0,0,0,0
36,4,52.205,137.85,84.923,169.85,1,1,0,0,0,0,0,0,0,0,0,0,0,0,0,0,0,0,0,0
36,5,160.28,145.07,76.351,152.7,1,1,0,0,0,0,0,0,0,0,0,0,0,0,0,0,0,0,0,0
36,6,560.65,153.32,84.094,168.19,5,1,0,0,0,0,0,0,0,0,0,0,0,0,0,0,0,0,0,0
37,1,301.14,140.38,81.661,163.32,5,1,0,0,0,0,0,0,0,0,0,0,0,0,0,0,0,0,0,0
37,2,465.8,152.73,75.369,150.74,5,1,0,0,0,0,0,0,0,0,0,0,0,0,0,0,0,0,0,0
37,3,208.88,140.26,96.615,193.23,1,1,0,0,0,0,0,0,0,0,0,0,0,0,0,0,0,0,0,0
37,4,55.262,138.04,84.773,169.55,1,1,0,0,0,0,0,0,0,0,0,0,0,0,0,0,0,0,0,0
37,5,163.52,145.22,76.317,152.63,1,1,0,0,0,0,0,0,0,0,0,0,0,0,0,0,0,0,0,0
37,6,556.21,153.47,84.069,168.14,5,1,0,0,0,0,0,0,0,0,0,0,0,0,0,0,0,0,0,0
38,1,294.56,138.82,81.759,163.52,5,1,0,0,0,0,0,0,0,0,0,0,0,0,0,0,0,0,0,0
38,2,460.5,151.2,75.314,150.63,5,1,0,0,0,0,0,0,0,0,0,0,0,0,0,0,0,0,0,0
38,3,212.68,138.7,96.745,193.49,1,1,0,0,0,0,0,0,0,0,0,0,0,0,0,0,0,0,0,0
38,4,56.429,136.51,84.749,169.5,1,1,0,0,0,0,0,0,0,0,0,0,0,0,0,0,0,0,0,0
38,5,165.15,143.68,76.349,152.7,1,1,0,0,0,0,0,0,0,0,0,0,0,0,0,0,0,0,0,0
38,6,550.09,151.95,83.929,167.86,5,1,0,0,0,0,0,0,0,0,0,0,0,0,0,0,0,0,0,0
39,1,288.68,139.24,81.859,163.72,5,1,0,0,0,0,0,0,0,0,0,0,0,0,0,0,0,0,0,0
39,2,455.96,151.64,75.295,150.59,5,1,0,0,0,0,0,0,0,0,0,0,0,0,0,0,0,0,0,0
39,3,217.23,139.11,96.848,193.7,1,1,0,0,0,0,0,0,0,0,0,0,0,0,0,0,0,0,0,0
39,4,58.518,136.97,84.664,169.33,1,1,0,0,0,0,0,0,0,0,0,0,0,0,0,0,0,0,0,0
39,5,167.57,144.12,76.348,152.7,1,1,0,0,0,0,0,0,0,0,0,0,0,0,0,0,0,0,0,0
39,6,544.82,152.39,83.853,167.71,5,1,0,0,0,0,0,0,0,0,0,0,0,0,0,0,0,0,0,0
40,1,285.01,141.13,81.934,163.87,5,1,0,0,0,0,0,0,0,0,0,0,0,0,0,0,0,0,0,0
40,2,453.71,153.54,75.362,150.72,5,1,0,0,0,0,0,0,0,0,0,0,0,0,0,0,0,0,0,0
40,3,224.1,141.02,96.867,193.73,1,1,0,0,0,0,0,0,0,0,0,0,0,0,0,0,0,0,0,0
40,4,63.491,138.95,84.384,168.77,1,1,0,0,0,0,0,0,0,0,0,0,0,0,0,0,0,0,0,0
40,5,172.45,146.05,76.241,152.48,1,1,0,0,0,0,0,0,0,0,0,0,0,0,0,0,0,0,0,0
40,6,542.12,154.29,83.941,167.88,5,1,0,0,0,0,0,0,0,0,0,0,0,0,0,0,0,0,0,0
41,1,280.41,143.83,82.015,164.03,5,1,1,2,-4.9799,0.54336,0.086898,0.1738,5,1,321.42,307.86,82.015,164.03,321.42,157.39,157.39,307.86,225.84,389.87
41,2,450.48,156.26,75.388,150.78,5,1,2,2,-3.6514,0.41086,0.011138,0.022276,5,1,488.17,307.03,75.388,150.78,488.17,337.39,337.39,307.03,231.64,382.42
41,3,230.01,143.73,96.918,193.84,1,1,3,2,5.4661,0.51576,0.069951,0.1399,1,1,278.47,337.56,96.918,193.84,278.47,472.3,472.3,337.56,434.48,240.65
41,4,67.25,141.72,84.183,168.37,1,1,4,2,3.1353,0.10482,-0.16259,-0.32519,1,1,109.34,310.08,84.183,168.37,109.34,277.71,277.71,310.08,394.27,225.9
41,5,176.29,148.78,76.174,152.35,1,1,5,2,3.3491,0.31235,-0.042467,-0.084934,1,1,214.38,301.13,76.174,152.35,214.38,366.73,366.73,301.13,377.3,224.95
41,6,538.32,157.01,83.954,167.91,5,1,6,2,-4.3098,0.35734,-0.016655,-0.03331,5,1,580.3,324.92,83.954,167.91,580.3,412.39,412.39,324.92,240.96,408.87
41,7,591.73,144.08,86.288,172.58,5,0,6,0,0,0,0,0,0,0,0,0,0,0,0,0,0,0,0,0
42,1,274.97,144.93,82.11,164.22,5,1,0,0,0,0,0,0,0,0,0,0,0,0,0,0,0,0,0,0
42,2,446.38,157.38,75.386,150.77,5,1,0,0,0,0,0,0,0,0,0,0,0,0,0,0,0,0,0,0
42,3,235.06,144.84,96.998,194,1,1,0,0,0,0,0,0,0,0,0,0,0,0,0,0,0,0,0,0
42,4,69.928,142.87,84.056,168.11,1,1,0,0,0,0,0,0,0,0,0,0,0,0,0,0,0,0,0,0
42,5,179.22,149.91,76.148,152.3,1,1,0,0,0,0,0,0,0,0,0,0,0,0,0,0,0,0,0,0
42,6,533.59,158.13,83.911,167.82,5,1,0,0,0,0,0,0,0,0,0,0,0,0,0,0,0,0,0,0
42,7,586.78,145.21,86.249,172.5,5,0,0,0,0,0,0,0,0,0,0,0,0,0,0,0,0,0,0,0
43,1,270.49,145.86,82.19,164.38,5,1,0,0,0,0,0,0,0,0,0,0,0,0,0,0,0,0,0,0
43,2,443.26,158.33,75.416,150.83,5,1,0,0,0,0,0,0,0,0,0,0,0,0,0,0,0,0,0,0
43,3,241.09,145.78,97.048,194.1,1,1,0,0,0,0,0,0,0,0,0,0,0,0,0,0,0,0,0,0
43,4,73.816,143.88,83.849,167.7,1,1,0,0,0,0,0,0,0,0,0,0,0,0,0,0,0,0,0,0
43,5,183.18,150.87,76.077,152.15,1,1,0,0,0,0,0,0,0,0,0,0,0,0,0,0,0,0,0,0
43,6,529.93,159.09,83.933,167.87,5,1,0,0,0,0,0,0,0,0,0,0,0,0,0,0,0,0,0,0
43,7,582.99,146.15,86.295,172.59,5,0,0,0,0,0,0,0,0,0,0,0,0,0,0,0,0,0,0,0
44,1,264.68,145.82,82.294,164.59,5,1,0,0,0,0,0,0,0,0,0,0,0,0,0,0,0,0,0,0
44,2,438.79,158.31,75.403,150.81,5,1,0,0,0,0,0,0,0,0,0,0,0,0,0,0,0,0,0,0
44,3,245.79,145.74,97.136,194.27,1,1,0,0,0,0,0,0,0,0,0,0,0,0,0,0,0,0,0,0
44,4,76.039,143.88,83.751,167.5,1,1,0,0,0,0,0,0,0,0,0,0,0,0,0,0,0,0,0,0
44,5,185.71,150.86,76.064,152.13,1,1,0,0,0,0,0,0,0,0,0,0,0,0,0,0,0,0,0,0
44,6,524.82,159.07,83.867,167.73,5,1,0,0,0,0,0,0,0,0,0,0,0,0,0,0,0,0,0,0
44,7,577.63,146.15,86.227,172.45,5,0,0,0,0,0,0,0,0,0,0,0,0,0,0,0,0,0,0,0
45,1,259.77,144.65,82.387,164.77,5,1,0,0,0,0,0,0,0,0,0,0,0,0,0,0,0,0,0,0
45,2,435.24,157.16,75.423,150.85,5,1,0,0,0,0,0,0,0,0,0,0,0,0,0,0,0,0,0,0
45,3,251.4,144.58,97.201,194.4,1,1,0,0,0,0,0,0,0,0,0,0,0,0,0,0,0,0,0,0
45,4,79.373,142.77,83.584,167.17,1,1,0,0,0,0,0,0,0,0,0,0,0,0,0,0,0,0,0,0
45,5,189.21,149.72,76.015,152.03,1,1,0,0,0,0,0,0,0,0,0,0,0,0,0,0,0,0,0,0
45,6,520.71,157.92,83.866,167.73,5,1,0,0,0,0,0,0,0,0,0,0,0,0,0,0,0,0,0,0
45,7,573.35,145,86.24,172.48,5,0,0,0,0,0,0,0,0,0,0,0,0,0,0,0,0,0,0,0
46,1,255.38,145.78,82.468,164.94,5,1,0,0,0,0,0,0,0,0,0,0,0,0,0,0,0,0,0,0
46,2,432.2,158.3,75.46,150.92,5,1,0,0,0,0,0,0,0,0,0,0,0,0,0,0,0,0,0,0
46,3,257.55,145.72,97.255,194.51,1,1,0,0,0,0,0,0,0,0,0,0,0,0,0,0,0,0,0,0
46,4,83.353,143.97,83.376,166.75,1,1,0,0,0,0,0,0,0,0,0,0,0,0,0,0,0,0,0,0
46,5,193.26,150.87,75.945,151.89,1,1,0,0,0,0,0,0,0,0,0,0,0,0,0,0,0,0,0,0
46,6,517.19,159.07,83.898,167.8,5,1,0,0,0,0,0,0,0,0,0,0,0,0,0,0,0,0,0,0
46,7,569.69,146.13,86.298,172.6,5,0,0,0,0,0,0,0,0,0,0,0,0,0,0,0,0,0,0,0
47,1,250.2,146.65,82.571,165.14,5,1,0,0,0,0,0,0,0,0,0,0,0,0,0,0,0,0,0,0
47,2,428.38,159.2,75.477,150.95,5,1,0,0,0,0,0,0,0,0,0,0,0,0,0,0,0,0,0,0
47,3,262.92,146.6,97.334,194.67,1,1,0,0,0,0,0,0,0,0,0,0,0,0,0,0,0,0,0,0
47,4,86.35,144.91,83.235,166.47,1,1,0,0,0,0,0,0,0,0,0,0,0,0,0,0,0,0,0,0
47,5,196.48,151.78,75.911,151.82,1,1,0,0,0,0,0,0,0,0,0,0,0,0,0,0,0,0,0,0
47,6,512.82,159.97,83.887,167.77,5,1,0,0,0,0,0,0,0,0,0,0,0,0,0,0,0,0,0,0
47,7,565.13,147.03,86.297,172.59,5,0,0,0,0,0,0,0,0,0,0,0,0,0,0,0,0,0,0,0
48,1,245.08,146.12,82.67,165.34,5,1,0,0,0,0,0,0,0,0,0,0,0,0,0,0,0,0,0,0
48,2,424.61,158.69,75.493,150.99,5,1,0,0,0,0,0,0,0,0,0,0,0,0,0,0,0,0,0,0
48,3,268.35,146.08,97.406,194.81,1,1,0,0,0,0,0,0,0,0,0,0,0,0,0,0,0,0,0,0
48,4,89.415,144.44,83.086,166.17,1,1,0,0,0,0,0,0,0,0,0,0,0,0,0,0,0,0,0,0
48,5,199.76,151.28,75.871,151.74,1,1,0,0,0,0,0,0,0,0,0,0,0,0,0,0,0,0,0,0
48,6,508.51,159.46,83.875,167.75,5,1,0,0,0,0,0,0,0,0,0,0,0,0,0,0,0,0,0,0
48,7,560.62,146.52,86.296,172.59,5,0,0,0,0,0,0,0,0,0,0,0,0,0,0,0,0,0,0,0
49,1,237.75,147.25,82.825,165.65,5,1,0,0,0,0,0,0,0,0,0,0,0,0,0,0,0,0,0,0
49,2,418.65,159.87,75.446,150.89,5,1,0,0,0,0,0,0,0,0,0,0,0,0,0,0,0,0,0,0
49,3,271.64,147.23,97.509,195.02,1,1,0,0,0,0,0,0,0,0,0,0,0,0,0,0,0,0,0,0
49,4,89.83,145.6,83.098,166.2,1,1,0,0,0,0,0,0,0,0,0,0,0,0,0,0,0,0,0,0
49,5,200.75,152.44,75.908,151.82,1,1,0,0,0,0,0,0,0,0,0,0,0,0,0,0,0,0,0,0
49,6,501.85,160.64,83.731,167.46,5,1,0,0,0,0,0,0,0,0,0,0,0,0,0,0,0,0,0,0
49,7,553.58,147.73,86.12,172.24,5,0,0,0,0,0,0,0,0,0,0,0,0,0,0,0,0,0,0,0
50,1,234.03,147.31,82.89,165.78,5,1,0,0,0,0,0,0,0,0,0,0,0,0,0,0,0,0,0,0
50,2,416.25,159.93,75.503,151.01,5,1,0,0,0,0,0,0,0,0,0,0,0,0,0,0,0,0,0,0
50,3,278.47,147.29,97.557,195.11,1,1,0,0,0,0,0,0,0,0,0,0,0,0,0,0,0,0,0,0
50,4,94.582,145.74,82.845,165.69,1,1,0,0,0,0,0,0,0,0,0,0,0,0,0,0,0,0,0,0
50,5,205.5,152.53,75.816,151.63,1,1,0,0,0,0,0,0,0,0,0,0,0,0,0,0,0,0,0,0
50,6,499.05,160.71,83.807,167.61,5,1,0,0,0,0,0,0,0,0,0,0,0,0,0,0,0,0,0,0
50,7,550.68,147.78,86.233,172.47,5,0,0,0,0,0,0,0,0,0,0,0,0,0,0,0,0,0,0,0
51,1,229.61,145.72,82.971,165.94,5,1,1,2,-5.0865,0.37734,0.098537,0.19707,5,1,271.1,311.66,82.971,165.94,271.1,105.16,105.16,311.66,228.69,394.64
51,2,413.16,158.36,75.539,151.08,5,1,2,2,-3.7771,0.23113,0.01474,0.02948,5,1,450.93,309.44,75.539,151.08,450.93,299.86,299.86,309.44,233.9,384.97
51,3,284.63,145.7,97.618,195.24,1,1,3,2,5.449,0.33098,0.070966,0.14193,1,1,333.44,340.94,97.618,195.24,333.44,528.67,528.67,340.94,438.56,243.32
51,4,98.489,144.21,82.645,165.29,1,1,4,2,2.9828,-0.058469,-0.14927,-0.29853,1,1,139.81,309.5,82.645,165.29,139.81,305.1,305.1,309.5,392.15,226.86
51,6,495.51,159.13,83.839,167.68,5,1,5,0,-4.3382,0.17729,-0.013261,-0.026522,5,1,537.43,326.81,83.839,167.68,537.43,369.75,369.75,326.81,242.97,410.65
51,7,546.98,146.19,86.289,172.58,5,1,5,0,-4.5306,0.19812,-0.0026814,-0.0053629,5,1,590.12,318.77,86.289,172.58,590.12,417.55,417.55,318.77,232.48,405.06
51,8,630.45,152.74,82.789,165.58,5,1,5,0,0,0,0,0,0,0,0,0,0,0,0,0,0,0,0,0
52,1,223.71,145.67,83.095,166.19,5,1,0,0,0,0,0,0,0,0,0,0,0,0,0,0,0,0,0,0
52,2,408.62,158.34,75.536,151.07,5,1,0,0,0,0,0,0,0,0,0,0,0,0,0,0,0,0,0,0
52,3,289.36,145.67,97.693,195.39,1,1,0,0,0,0,0,0,0,0,0,0,0,0,0,0,0,0,0,0
52,4,100.63,144.22,82.549,165.1,1,1,0,0,0,0,0,0,0,0,0,0,0,0,0,0,0,0,0,0
52,6,490.41,159.11,83.787,167.57,5,1,0,0,0,0,0,0,0,0,0,0,0,0,0,0,0,0,0,0
52,7,541.6,146.18,86.232,172.46,5,1,0,0,0,0,0,0,0,0,0,0,0,0,0,0,0,0,0,0
52,8,624.6,152.73,82.717,165.43,5,1,0,0,0,0,0,0,0,0,0,0,0,0,0,0,0,0,0,0
53,1,217.19,144.3,83.243,166.49,5,1,0,0,0,0,0,0,0,0,0,0,0,0,0,0,0,0,0,0
53,2,403.5,157,75.523,151.05,5,1,0,0,0,0,0,0,0,0,0,0,0,0,0,0,0,0,0,0
53,3,293.54,144.31,97.77,195.54,1,1,0,0,0,0,0,0,0,0,0,0,0,0,0,0,0,0,0,0
53,4,102.09,142.89,82.493,164.99,1,1,0,0,0,0,0,0,0,0,0,0,0,0,0,0,0,0,0,0
53,6,484.72,157.78,83.709,167.42,5,1,0,0,0,0,0,0,0,0,0,0,0,0,0,0,0,0,0,0
53,7,535.59,144.86,86.138,172.28,5,1,0,0,0,0,0,0,0,0,0,0,0,0,0,0,0,0,0,0
53,8,618.04,151.4,82.595,165.19,5,1,0,0,0,0,0,0,0,0,0,0,0,0,0,0,0,0,0,0
54,1,211.71,144.19,83.36,166.72,5,1,0,0,0,0,0,0,0,0,0,0,0,0,0,0,0,0,0,0
54,2,399.37,156.91,75.536,151.07,5,1,0,0,0,0,0,0,0,0,0,0,0,0,0,0,0,0,0,0
54,3,298.72,144.22,97.836,195.67,1,1,0,0,0,0,0,0,0,0,0,0,0,0,0,0,0,0,0,0
54,4,104.76,142.84,82.365,164.73,1,1,0,0,0,0,0,0,0,0,0,0,0,0,0,0,0,0,0,0
54,6,480.11,157.69,83.689,167.38,5,1,0,0,0,0,0,0,0,0,0,0,0,0,0,0,0,0,0,0
54,7,530.72,144.78,86.121,172.24,5,1,0,0,0,0,0,0,0,0,0,0,0,0,0,0,0,0,0,0
54,8,612.8,151.32,82.573,165.15,5,1,0,0,0,0,0,0,0,0,0,0,0,0,0,0,0,0,0,0
55,1,207.18,144.57,83.445,166.89,5,1,0,0,0,0,0,0,0,0,0,0,0,0,0,0,0,0,0,0
55,2,396.16,157.31,75.57,151.14,5,1,0,0,0,0,0,0,0,0,0,0,0,0,0,0,0,0,0,0
55,3,304.81,144.6,97.897,195.79,1,1,0,0,0,0,0,0,0,0,0,0,0,0,0,0,0,0,0,0
55,4,108.51,143.28,82.173,164.35,1,1,0,0,0,0,0,0,0,0,0,0,0,0,0,0,0,0,0,0
55,6,476.46,158.09,83.718,167.44,5,1,0,0,0,0,0,0,0,0,0,0,0,0,0,0,0,0,0,0
55,7,526.88,145.17,86.171,172.34,5,1,0,0,0,0,0,0,0,0,0,0,0,0,0,0,0,0,0,0
55,8,608.73,151.71,82.64,165.28,5,1,0,0,0,0,0,0,0,0,0,0,0,0,0,0,0,0,0,0
56,1,201.37,146.97,83.578,167.16,5,1,0,0,0,0,0,0,0,0,0,0,0,0,0,0,0,0,0,0
56,2,391.73,159.74,75.579,151.16,5,1,0,0,0,0,0,0,0,0,0,0,0,0,0,0,0,0,0,0
56,3,309.72,147.03,97.963,195.93,1,1,0,0,0,0,0,0,0,0,0,0,0,0,0,0,0,0,0,0
56,4,110.81,145.75,82.067,164.13,1,1,0,0,0,0,0,0,0,0,0,0,0,0,0,0,0,0,0,0
56,6,471.54,160.53,83.686,167.37,5,1,0,0,0,0,0,0,0,0,0,0,0,0,0,0,0,0,0,0
56,7,521.68,147.61,86.137,172.27,5,1,0,0,0,0,0,0,0,0,0,0,0,0,0,0,0,0,0,0
56,8,603.13,154.16,82.594,165.19,5,1,0,0,0,0,0,0,0,0,0,0,0,0,0,0,0,0,0,0
57,1,196.42,149.24,83.676,167.35,5,1,0,0,0,0,0,0,0,0,0,0,0,0,0,0,0,0,0,0
57,2,388.11,162.03,75.602,151.2,5,1,0,0,0,0,0,0,0,0,0,0,0,0,0,0,0,0,0,0
57,3,315.44,149.31,98.023,196.05,1,1,0,0,0,0,0,0,0,0,0,0,0,0,0,0,0,0,0,0
57,4,114.08,148.08,81.901,163.8,1,1,0,0,0,0,0,0,0,0,0,0,0,0,0,0,0,0,0,0
57,6,467.48,162.82,83.694,167.39,5,1,0,0,0,0,0,0,0,0,0,0,0,0,0,0,0,0,0,0
57,7,517.37,149.9,86.157,172.31,5,1,0,0,0,0,0,0,0,0,0,0,0,0,0,0,0,0,0,0
57,8,598.56,156.44,82.621,165.24,5,1,0,0,0,0,0,0,0,0,0,0,0,0,0,0,0,0,0,0
58,1,192.7,146.56,83.728,167.46,5,1,0,0,0,0,0,0,0,0,0,0,0,0,0,0,0,0,0,0
58,2,385.62,159.36,75.649,151.3,5,1,0,0,0,0,0,0,0,0,0,0,0,0,0,0,0,0,0,0
58,3,322.3,146.63,98.091,196.18,1,1,0,0,0,0,0,0,0,0,0,0,0,0,0,0,0,0,0,0
58,4,118.68,145.47,81.664,163.33,1,1,0,0,0,0,0,0,0,0,0,0,0,0,0,0,0,0,0,0
58,6,464.62,160.15,83.76,167.52,5,1,0,0,0,0,0,0,0,0,0,0,0,0,0,0,0,0,0,0
58,7,514.33,147.21,86.256,172.51,5,1,0,0,0,0,0,0,0,0,0,0,0,0,0,0,0,0,0,0
58,8,595.42,153.76,82.754,165.51,5,1,0,0,0,0,0,0,0,0,0,0,0,0,0,0,0,0,0,0
59,1,187.08,148.54,83.85,167.7,5,1,0,0,0,0,0,0,0,0,0,0,0,0,0,0,0,0,0,0
59,2,381.36,161.36,75.659,151.32,5,1,0,0,0,0,0,0,0,0,0,0,0,0,0,0,0,0,0,0
59,3,327.42,148.62,98.149,196.3,1,1,0,0,0,0,0,0,0,0,0,0,0,0,0,0,0,0,0,0
59,4,121.2,147.5,81.54,163.08,1,1,0,0,0,0,0,0,0,0,0,0,0,0,0,0,0,0,0,0
59,6,459.9,162.15,83.736,167.47,5,1,0,0,0,0,0,0,0,0,0,0,0,0,0,0,0,0,0,0
59,7,509.3,149.22,86.232,172.46,5,1,0,0,0,0,0,0,0,0,0,0,0,0,0,0,0,0,0,0
59,8,590.06,155.76,82.723,165.45,5,1,0,0,0,0,0,0,0,0,0,0,0,0,0,0,0,0,0,0
60,1,179.35,147.28,84.067,168.13,5,1,0,0,0,0,0,0,0,0,0,0,0,0,0,0,0,0,0,0
60,2,375.19,160.16,75.643,151.29,5,1,0,0,0,0,0,0,0,0,0,0,0,0,0,0,0,0,0,0
60,3,330.64,147.4,98.194,196.39,1,1,0,0,0,0,0,0,0,0,0,0,0,0,0,0,0,0,0,0
60,4,121.43,146.3,81.543,163.09,1,1,0,0,0,0,0,0,0,0,0,0,0,0,0,0,0,0,0,0
60,6,453.17,160.95,83.631,167.26,5,1,0,0,0,0,0,0,0,0,0,0,0,0,0,0,0,0,0,0
60,7,502.17,148.04,86.091,172.18,5,1,0,0,0,0,0,0,0,0,0,0,0,0,0,0,0,0,0,0
60,8,582.36,154.59,82.529,165.06,5,1,0,0,0,0,0,0,0,0,0,0,0,0,0,0,0,0,0,0
61,1,174.15,147.43,84.184,168.37,5,1,1,2,-5.2906,0.63408,0.11497,0.22994,5,1,216.24,315.79,84.184,168.37,216.24,47.876,47.876,315.79,231.61,399.98
61,3,336.2,147.56,98.257,196.51,1,1,2,2,5.3828,0.54272,0.062156,0.12431,1,1,385.33,344.08,98.257,196.51,385.33,581.85,581.85,344.08,442.33,245.82
61,4,124.43,146.51,81.396,162.79,8,1,3,2,2.7523,0.1881,-0.13846,-0.27692,1,1,165.13,309.3,81.396,162.79,165.13,327.92,327.92,309.3,390.7,227.9
61,5,238.75,153.01,75.416,150.83,1,1,4,2,0,0,0,0,0,0,0,0,0,0,0,0,0,0,0,0
61,6,448.92,161.13,83.641,167.28,5,1,5,0,-4.4588,0.41318,-0.0089916,-0.017983,5,1,490.74,328.41,83.641,167.28,490.74,323.45,323.45,328.41,244.77,412.05
61,7,497.62,148.21,86.108,172.22,5,1,5,0,-4.7223,0.42375,-0.0038108,-0.0076215,5,1,540.68,320.43,86.108,172.22,540.68,368.46,368.46,320.43,234.32,406.54
61,8,577.59,154.76,82.547,165.09,5,1,5,0,-5.0394,0.42079,-0.0052624,-0.010525,5,1,618.86,319.85,82.547,165.09,618.86,453.77,453.77,319.85,237.3,402.4
62,1,169.87,147.45,84.26,168.52,5,1,0,0,0,0,0,0,0,0,0,0,0,0,0,0,0,0,0,0
62,3,342.6,147.59,98.33,196.66,1,1,0,0,0,0,0,0,0,0,0,0,0,0,0,0,0,0,0,0
62,4,128.39,146.6,81.199,162.4,8,1,0,0,0,0,0,0,0,0,0,0,0,0,0,0,0,0,0,0
62,5,242.92,153.07,75.354,150.71,1,1,0,0,0,0,0,0,0,0,0,0,0,0,0,0,0,0,0,0
62,6,445.52,161.17,83.688,167.38,5,1,0,0,0,0,0,0,0,0,0,0,0,0,0,0,0,0,0,0
62,7,493.97,148.24,86.176,172.35,5,1,0,0,0,0,0,0,0,0,0,0,0,0,0,0,0,0,0,0
62,8,573.83,154.79,82.637,165.27,5,1,0,0,0,0,0,0,0,0,0,0,0,0,0,0,0,0,0,0
63,1,166.21,146.12,84.305,168.61,5,1,0,0,0,0,0,0,0,0,0,0,0,0,0,0,0,0,0,0
63,3,349.56,146.25,98.414,196.83,1,1,0,0,0,0,0,0,0,0,0,0,0,0,0,0,0,0,0,0
63,4,132.98,145.33,80.969,161.94,8,1,0,0,0,0,0,0,0,0,0,0,0,0,0,0,0,0,0,0
63,5,247.66,151.76,75.28,150.56,1,1,0,0,0,0,0,0,0,0,0,0,0,0,0,0,0,0,0,0
63,6,442.69,159.84,83.755,167.51,5,1,0,0,0,0,0,0,0,0,0,0,0,0,0,0,0,0,0,0
63,7,490.91,146.9,86.275,172.55,5,1,0,0,0,0,0,0,0,0,0,0,0,0,0,0,0,0,0,0
63,8,570.73,153.44,82.77,165.54,5,1,0,0,0,0,0,0,0,0,0,0,0,0,0,0,0,0,0,0
64,1,163.78,147.29,84.289,168.58,5,1,0,0,0,0,0,0,0,0,0,0,0,0,0,0,0,0,0,0
64,3,357.62,147.4,98.526,197.05,1,1,0,0,0,0,0,0,0,0,0,0,0,0,0,0,0,0,0,0
64,4,138.82,146.57,80.681,161.36,8,1,0,0,0,0,0,0,0,0,0,0,0,0,0,0,0,0,0,0
64,5,253.52,152.94,75.188,150.38,1,1,0,0,0,0,0,0,0,0,0,0,0,0,0,0,0,0,0,0
64,6,440.98,161,83.866,167.73,5,1,0,0,0,0,0,0,0,0,0,0,0,0,0,0,0,0,0,0
64,7,489.01,148.03,86.436,172.87,5,1,0,0,0,0,0,0,0,0,0,0,0,0,0,0,0,0,0,0
64,8,568.92,154.58,82.99,165.98,5,1,0,0,0,0,0,0,0,0,0,0,0,0,0,0,0,0,0,0
65,1,156.73,148.14,84.493,168.99,5,1,0,0,0,0,0,0,0,0,0,0,0,0,0,0,0,0,0,0
65,3,361.59,148.29,98.57,197.14,1,1,0,0,0,0,0,0,0,0,0,0,0,0,0,0,0,0,0,0
65,4,139.86,147.48,80.639,161.28,8,1,0,0,0,0,0,0,0,0,0,0,0,0,0,0,0,0,0,0
65,5,255.15,153.84,75.188,150.38,1,1,0,0,0,0,0,0,0,0,0,0,0,0,0,0,0,0,0,0
65,6,435.01,161.9,83.812,167.62,5,1,0,0,0,0,0,0,0,0,0,0,0,0,0,0,0,0,0,0
65,7,482.63,148.95,86.358,172.72,5,1,0,0,0,0,0,0,0,0,0,0,0,0,0,0,0,0,0,0
65,8,562.18,155.49,82.874,165.75,5,1,0,0,0,0,0,0,0,0,0,0,0,0,0,0,0,0,0,0
66,1,149.22,147.81,84.721,169.44,5,1,0,0,0,0,0,0,0,0,0,0,0,0,0,0,0,0,0,0
66,3,365.18,148.01,98.593,197.19,1,1,0,0,0,0,0,0,0,0,0,0,0,0,0,0,0,0,0,0
66,4,140.46,147.21,80.614,161.23,8,1,0,0,0,0,0,0,0,0,0,0,0,0,0,0,0,0,0,0
66,5,256.39,153.56,75.189,150.38,1,1,0,0,0,0,0,0,0,0,0,0,0,0,0,0,0,0,0,0
66,6,428.65,161.63,83.747,167.49,5,1,0,0,0,0,0,0,0,0,0,0,0,0,0,0,0,0,0,0
66,7,475.84,148.69,86.26,172.52,5,1,0,0,0,0,0,0,0,0,0,0,0,0,0,0,0,0,0,0
66,8,554.99,155.24,82.729,165.46,5,1,0,0,0,0,0,0,0,0,0,0,0,0,0,0,0,0,0,0
67,1,144.53,146.73,84.811,169.62,5,1,0,0,0,0,0,0,0,0,0,0,0,0,0,0,0,0,0,0
67,3,371.27,146.93,98.667,197.33,1,1,0,0,0,0,0,0,0,0,0,0,0,0,0,0,0,0,0,0
67,4,143.95,146.19,80.444,160.89,8,1,0,0,0,0,0,0,0,0,0,0,0,0,0,0,0,0,0,0
67,5,260.2,152.51,75.14,150.28,1,1,0,0,0,0,0,0,0,0,0,0,0,0,0,0,0,0,0,0
67,6,424.85,160.57,83.777,167.55,5,1,0,0,0,0,0,0,0,0,0,0,0,0,0,0,0,0,0,0
67,7,471.72,147.62,86.303,172.61,5,1,0,0,0,0,0,0,0,0,0,0,0,0,0,0,0,0,0,0
67,8,550.78,154.17,82.783,165.57,5,1,0,0,0,0,0,0,0,0,0,0,0,0,0,0,0,0,0,0
68,1,139.79,145.75,84.909,169.82,5,1,0,0,0,0,0,0,0,0,0,0,0,0,0,0,0,0,0,0
68,3,377.35,145.96,98.751,197.5,1,1,0,0,0,0,0,0,0,0,0,0,0,0,0,0,0,0,0,0
68,4,147.37,145.27,80.285,160.57,8,1,0,0,0,0,0,0,0,0,0,0,0,0,0,0,0,0,0,0
68,5,263.97,151.56,75.1,150.2,1,1,0,0,0,0,0,0,0,0,0,0,0,0,0,0,0,0,0,0
68,6,421.03,159.6,83.813,167.63,5,1,0,0,0,0,0,0,0,0,0,0,0,0,0,0,0,0,0,0
68,7,467.57,146.65,86.351,172.7,5,1,0,0,0,0,0,0,0,0,0,0,0,0,0,0,0,0,0,0
68,8,546.55,153.2,82.841,165.68,5,1,0,0,0,0,0,0,0,0,0,0,0,0,0,0,0,0,0,0
69,1,134.48,145.16,85.031,170.06,5,1,0,0,0,0,0,0,0,0,0,0,0,0,0,0,0,0,0,0
69,3,382.93,145.38,98.817,197.63,1,1,0,0,0,0,0,0,0,0,0,0,0,0,0,0,0,0,0,0
69,4,150.22,144.75,80.149,160.3,8,1,0,0,0,0,0,0,0,0,0,0,0,0,0,0,0,0,0,0
69,5,267.24,151.01,75.064,150.13,1,1,0,0,0,0,0,0,0,0,0,0,0,0,0,0,0,0,0,0
69,6,416.68,159.04,83.828,167.66,5,1,0,0,0,0,0,0,0,0,0,0,0,0,0,0,0,0,0,0
69,7,462.87,146.09,86.367,172.73,5,1,0,0,0,0,0,0,0,0,0,0,0,0,0,0,0,0,0,0
69,8,541.72,152.64,82.856,165.71,5,1,0,0,0,0,0,0,0,0,0,0,0,0,0,0,0,0,0,0
70,1,129.31,146.33,85.146,170.29,5,1,0,0,0,0,0,0,0,0,0,0,0,0,0,0,0,0,0,0
70,3,388.65,146.57,98.885,197.77,1,1,0,0,0,0,0,0,0,0,0,0,0,0,0,0,0,0,0,0
70,4,153.21,145.98,80.007,160.01,8,1,0,0,0,0,0,0,0,0,0,0,0,0,0,0,0,0,0,0
70,5,270.64,152.21,75.027,150.05,1,1,0,0,0,0,0,0,0,0,0,0,0,0,0,0,0,0,0,0
70,6,412.46,160.24,83.847,167.69,5,1,0,0,0,0,0,0,0,0,0,0,0,0,0,0,0,0,0,0
70,7,458.28,147.28,86.389,172.78,5,1,0,0,0,0,0,0,0,0,0,0,0,0,0,0,0,0,0,0
70,8,537.05,153.84,82.879,165.76,5,1,0,0,0,0,0,0,0,0,0,0,0,0,0,0,0,0,0,0
71,1,122.73,146.21,85.342,170.68,5,1,1,2,-5.2983,0.07747,0.1253,0.25059,5,1,165.4,316.89,85.342,170.68,165.4,-5.2836,-5.2836,316.89,231.55,402.24
71,2,333.59,159.35,75.975,151.95,5,1,2,2,0,0,0,0,0,0,0,0,0,0,0,0,0,0,0,0
71,3,393.2,146.48,98.919,197.84,1,1,3,2,5.5411,-0.027619,0.064672,0.12934,1,1,442.66,344.32,98.919,197.84,442.66,640.5,640.5,344.32,443.24,245.4
71,4,154.85,145.92,79.931,159.86,8,1,4,2,2.7379,-0.37824,-0.13358,-0.26716,8,1,194.81,305.78,79.931,159.86,194.81,420.89,194.81,305.78,305.78,192.74
71,5,272.85,152.14,75.01,150.02,1,1,5,2,3.1892,-0.20825,-0.035167,-0.070334,1,1,310.36,302.16,75.01,150.02,310.36,460.38,460.38,302.16,377.17,227.15
71,7,452.46,147.21,86.36,172.72,5,1,6,0,-4.7331,-0.12133,0.012889,0.025777,5,1,495.64,319.93,86.36,172.72,495.64,322.92,322.92,319.93,233.57,406.29
71,8,531.03,153.77,82.822,165.64,5,1,6,0,-4.8919,-0.12509,0.010376,0.020752,5,1,572.44,319.41,82.822,165.64,572.44,406.8,406.8,319.41,236.59,402.23
72,1,119.1,145.02,85.37,170.74,5,1,0,0,0,0,0,0,0,0,0,0,0,0,0,0,0,0,0,0
72,2,331.08,158.17,76.007,152.01,5,1,0,0,0,0,0,0,0,0,0,0,0,0,0,0,0,0,0,0
72,3,400.27,145.28,99.031,198.06,1,1,0,0,0,0,0,0,0,0,0,0,0,0,0,0,0,0,0,0
72,4,159.31,144.79,79.721,159.44,8,1,0,0,0,0,0,0,0,0,0,0,0,0,0,0,0,0,0,0
72,5,277.59,150.97,74.955,149.91,1,1,0,0,0,0,0,0,0,0,0,0,0,0,0,0,0,0,0,0
72,7,449.23,146.01,86.444,172.89,5,1,0,0,0,0,0,0,0,0,0,0,0,0,0,0,0,0,0,0
72,8,527.86,152.57,82.937,165.87,5,1,0,0,0,0,0,0,0,0,0,0,0,0,0,0,0,0,0,0
73,1,114.91,144.04,85.428,170.86,5,1,0,0,0,0,0,0,0,0,0,0,0,0,0,0,0,0,0,0
73,2,328.1,157.2,76.039,152.08,5,1,0,0,0,0,0,0,0,0,0,0,0,0,0,0,0,0,0,0
73,3,406.88,144.29,99.134,198.27,1,1,0,0,0,0,0,0,0,0,0,0,0,0,0,0,0,0,0,0
73,4,163.21,143.87,79.541,159.08,8,1,0,0,0,0,0,0,0,0,0,0,0,0,0,0,0,0,0,0
73,5,281.85,150.01,74.911,149.82,1,1,0,0,0,0,0,0,0,0,0,0,0,0,0,0,0,0,0,0
73,7,445.49,145.03,86.505,173.01,5,1,0,0,0,0,0,0,0,0,0,0,0,0,0,0,0,0,0,0
73,8,524.15,151.59,83.019,166.04,5,1,0,0,0,0,0,0,0,0,0,0,0,0,0,0,0,0,0,0
74,1,106.71,142.9,85.723,171.45,5,1,0,0,0,0,0,0,0,0,0,0,0,0,0,0,0,0,0,0
74,2,321.8,156.13,76.068,152.14,5,1,0,0,0,0,0,0,0,0,0,0,0,0,0,0,0,0,0,0
74,3,410.12,143.23,99.109,198.22,1,1,0,0,0,0,0,0,0,0,0,0,0,0,0,0,0,0,0,0
74,4,163.38,142.8,79.529,159.06,8,1,0,0,0,0,0,0,0,0,0,0,0,0,0,0,0,0,0,0
74,5,282.76,148.94,74.91,149.82,1,1,0,0,0,0,0,0,0,0,0,0,0,0,0,0,0,0,0,0
74,7,438.28,143.98,86.425,172.85,5,1,0,0,0,0,0,0,0,0,0,0,0,0,0,0,0,0,0,0
74,8,516.69,150.54,82.879,165.76,5,1,0,0,0,0,0,0,0,0,0,0,0,0,0,0,0,0,0,0
75,1,98.85,142.18,86.004,172.01,5,1,0,0,0,0,0,0,0,0,0,0,0,0,0,0,0,0,0,0
75,2,315.82,155.46,76.103,152.21,5,1,0,0,0,0,0,0,0,0,0,0,0,0,0,0,0,0,0,0
75,3,413.7,142.57,99.087,198.17,1,1,0,0,0,0,0,0,0,0,0,0,0,0,0,0,0,0,0,0
75,4,163.92,142.15,79.497,158.99,8,1,0,0,0,0,0,0,0,0,0,0,0,0,0,0,0,0,0,0
75,5,284.01,148.28,74.9,149.8,1,1,0,0,0,0,0,0,0,0,0,0,0,0,0,0,0,0,0,0
75,7,431.43,143.33,86.365,172.73,5,1,0,0,0,0,0,0,0,0,0,0,0,0,0,0,0,0,0,0
75,8,509.64,149.89,82.767,165.53,5,1,0,0,0,0,0,0,0,0,0,0,0,0,0,0,0,0,0,0
76,1,96.054,143.58,85.977,171.95,5,1,0,0,0,0,0,0,0,0,0,0,0,0,0,0,0,0,0,0
76,2,313.98,156.86,76.134,152.27,5,1,0,0,0,0,0,0,0,0,0,0,0,0,0,0,0,0,0,0
76,3,421.53,143.94,99.24,198.48,1,1,0,0,0,0,0,0,0,0,0,0,0,0,0,0,0,0,0,0
76,4,169.1,143.61,79.263,158.53,8,1,0,0,0,0,0,0,0,0,0,0,0,0,0,0,0,0,0,0
76,5,289.46,149.69,74.847,149.69,1,1,0,0,0,0,0,0,0,0,0,0,0,0,0,0,0,0,0,0
76,7,428.85,144.7,86.476,172.95,5,1,0,0,0,0,0,0,0,0,0,0,0,0,0,0,0,0,0,0
76,8,507.23,151.27,82.924,165.85,5,1,0,0,0,0,0,0,0,0,0,0,0,0,0,0,0,0,0,0
77,1,90.902,142.6,86.092,172.18,5,1,0,0,0,0,0,0,0,0,0,0,0,0,0,0,0,0,0,0
77,2,310.22,155.9,76.166,152.33,5,1,0,0,0,0,0,0,0,0,0,0,0,0,0,0,0,0,0,0
77,3,427.41,142.97,99.312,198.62,1,1,0,0,0,0,0,0,0,0,0,0,0,0,0,0,0,0,0,0
77,4,172.11,142.69,79.124,158.25,8,1,0,0,0,0,0,0,0,0,0,0,0,0,0,0,0,0,0,0
77,5,292.97,148.74,74.814,149.63,1,1,0,0,0,0,0,0,0,0,0,0,0,0,0,0,0,0,0,0
77,7,424.28,143.74,86.507,173.01,5,1,0,0,0,0,0,0,0,0,0,0,0,0,0,0,0,0,0,0
77,8,502.68,150.31,82.956,165.91,5,1,0,0,0,0,0,0,0,0,0,0,0,0,0,0,0,0,0,0
78,1,81.193,142.39,86.501,173,5,1,0,0,0,0,0,0,0,0,0,0,0,0,0,0,0,0,0,0
78,2,302.84,155.78,76.219,152.44,5,1,0,0,0,0,0,0,0,0,0,0,0,0,0,0,0,0,0,0
78,3,429.58,142.88,99.213,198.43,1,1,0,0,0,0,0,0,0,0,0,0,0,0,0,0,0,0,0,0
78,4,171.12,142.57,79.156,158.31,8,1,0,0,0,0,0,0,0,0,0,0,0,0,0,0,0,0,0,0
78,5,292.85,148.62,74.816,149.63,1,1,0,0,0,0,0,0,0,0,0,0,0,0,0,0,0,0,0,0
78,7,416.01,143.65,86.413,172.83,5,1,0,0,0,0,0,0,0,0,0,0,0,0,0,0,0,0,0,0
78,8,494.18,150.22,82.776,165.55,5,1,0,0,0,0,0,0,0,0,0,0,0,0,0,0,0,0,0,0
79,1,74.941,143.01,86.688,173.38,5,1,0,0,0,0,0,0,0,0,0,0,0,0,0,0,0,0,0,0
79,2,298.24,156.44,76.258,152.52,5,1,0,0,0,0,0,0,0,0,0,0,0,0,0,0,0,0,0,0
79,3,434.61,143.54,99.232,198.46,1,1,0,0,0,0,0,0,0,0,0,0,0,0,0,0,0,0,0,0
79,4,173.22,143.25,79.051,158.1,8,1,0,0,0,0,0,0,0,0,0,0,0,0,0,0,0,0,0,0
79,5,295.54,149.29,74.786,149.57,1,1,0,0,0,0,0,0,0,0,0,0,0,0,0,0,0,0,0,0
79,7,410.58,144.31,86.419,172.84,5,1,0,0,0,0,0,0,0,0,0,0,0,0,0,0,0,0,0,0
79,8,488.74,150.89,82.763,165.53,5,1,0,0,0,0,0,0,0,0,0,0,0,0,0,0,0,0,0,0
80,1,70.404,143.12,86.767,173.53,5,1,0,0,0,0,0,0,0,0,0,0,0,0,0,0,0,0,0,0
80,2,295.01,156.56,76.293,152.59,5,1,0,0,0,0,0,0,0,0,0,0,0,0,0,0,0,0,0,0
80,3,441.08,143.64,99.327,198.65,1,1,0,0,0,0,0,0,0,0,0,0,0,0,0,0,0,0,0,0
80,4,176.83,143.41,78.888,157.78,8,1,0,0,0,0,0,0,0,0,0,0,0,0,0,0,0,0,0,0
80,5,299.62,149.42,74.751,149.5,1,1,0,0,0,0,0,0,0,0,0,0,0,0,0,0,0,0,0,0
80,7,406.55,144.42,86.477,172.95,5,1,0,0,0,0,0,0,0,0,0,0,0,0,0,0,0,0,0,0
80,8,484.82,151,82.833,165.67,5,1,0,0,0,0,0,0,0,0,0,0,0,0,0,0,0,0,0,0
81,2,290.35,159.43,76.338,152.68,5,1,2,2,-4.5795,0.12488,0.036891,0.073782,5,1,328.52,312.1,76.338,152.68,328.52,175.84,175.84,312.1,235.77,388.44
81,3,446.09,146.51,99.345,198.69,1,1,3,2,5.0328,0.11166,0.031827,0.063653,1,1,495.76,345.2,99.345,198.69,495.76,694.45,694.45,345.2,444.54,245.85
81,4,178.86,146.31,78.789,157.58,8,1,4,2,2.0413,-0.12088,-0.10001,-0.20002,8,1,218.25,303.89,78.789,157.58,218.25,441.1,218.25,303.89,303.89,192.46
81,6,359.56,160.25,84.042,168.08,5,1,5,0,0,0,0,0,0,0,0,0,0,0,0,0,0,0,0,0
82,2,286.55,160.12,76.379,152.76,5,1,0,0,0,0,0,0,0,0,0,0,0,0,0,0,0,0,0,0
82,3,452.02,147.18,99.412,198.82,1,1,0,0,0,0,0,0,0,0,0,0,0,0,0,0,0,0,0,0
82,4,181.84,147.04,78.654,157.31,8,1,0,0,0,0,0,0,0,0,0,0,0,0,0,0,0,0,0,0
82,6,355.33,160.94,84.086,168.17,5,1,0,0,0,0,0,0,0,0,0,0,0,0,0,0,0,0,0,0
83,2,284.88,161.51,76.39,152.78,5,1,0,0,0,0,0,0,0,0,0,0,0,0,0,0,0,0,0,0
83,3,460.17,148.54,99.599,199.2,1,1,0,0,0,0,0,0,0,0,0,0,0,0,0,0,0,0,0,0
83,4,187.11,148.48,78.426,156.85,8,1,0,0,0,0,0,0,0,0,0,0,0,0,0,0,0,0,0,0
83,6,353.18,162.33,84.15,168.3,5,1,0,0,0,0,0,0,0,0,0,0,0,0,0,0,0,0,0,0
84,2,283.45,162.82,76.398,152.8,5,1,0,0,0,0,0,0,0,0,0,0,0,0,0,0,0,0,0,0
84,3,468.64,149.81,99.817,199.63,1,1,0,0,0,0,0,0,0,0,0,0,0,0,0,0,0,0,0,0
84,4,192.61,149.85,78.198,156.4,8,1,0,0,0,0,0,0,0,0,0,0,0,0,0,0,0,0,0,0
84,6,351.27,163.64,84.216,168.43,5,1,0,0,0,0,0,0,0,0,0,0,0,0,0,0,0,0,0,0
85,2,278.6,162.05,76.451,152.9,5,1,0,0,0,0,0,0,0,0,0,0,0,0,0,0,0,0,0,0
85,3,473.54,149.04,99.834,199.67,1,1,0,0,0,0,0,0,0,0,0,0,0,0,0,0,0,0,0,0
85,4,194.41,149.11,78.115,156.23,8,1,0,0,0,0,0,0,0,0,0,0,0,0,0,0,0,0,0,0
85,6,345.97,162.87,84.25,168.5,5,1,0,0,0,0,0,0,0,0,0,0,0,0,0,0,0,0,0,0
86,2,274.86,162.71,76.483,152.97,5,1,0,0,0,0,0,0,0,0,0,0,0,0,0,0,0,0,0,0
86,3,479.61,149.69,99.912,199.82,1,1,0,0,0,0,0,0,0,0,0,0,0,0,0,0,0,0,0,0
86,4,197.42,149.81,77.982,155.96,8,1,0,0,0,0,0,0,0,0,0,0,0,0,0,0,0,0,0,0
86,6,341.76,163.54,84.289,168.58,5,1,0,0,0,0,0,0,0,0,0,0,0,0,0,0,0,0,0,0
87,2,272.37,164.19,76.501,153,5,1,0,0,0,0,0,0,0,0,0,0,0,0,0,0,0,0,0,0
87,3,487.04,151.14,100.08,200.17,1,1,0,0,0,0,0,0,0,0,0,0,0,0,0,0,0,0,0,0
87,4,201.72,151.33,77.809,155.62,8,1,0,0,0,0,0,0,0,0,0,0,0,0,0,0,0,0,0,0
87,6,338.77,165.01,84.341,168.68,5,1,0,0,0,0,0,0,0,0,0,0,0,0,0,0,0,0,0,0
88,2,269.74,164.47,76.516,153.03,5,1,0,0,0,0,0,0,0,0,0,0,0,0,0,0,0,0,0,0
88,3,494.37,151.39,100.25,200.5,1,1,0,0,0,0,0,0,0,0,0,0,0,0,0,0,0,0,0,0
88,4,205.88,151.66,77.642,155.28,8,1,0,0,0,0,0,0,0,0,0,0,0,0,0,0,0,0,0,0
88,6,335.63,165.29,84.388,168.78,5,1,0,0,0,0,0,0,0,0,0,0,0,0,0,0,0,0,0,0
89,2,266.13,163.86,76.547,153.09,5,1,0,0,0,0,0,0,0,0,0,0,0,0,0,0,0,0,0,0
89,3,500.66,150.76,100.35,200.71,1,1,0,0,0,0,0,0,0,0,0,0,0,0,0,0,0,0,0,0
89,4,208.96,151.08,77.514,155.03,8,1,0,0,0,0,0,0,0,0,0,0,0,0,0,0,0,0,0,0
89,6,331.52,164.68,84.431,168.86,5,1,0,0,0,0,0,0,0,0,0,0,0,0,0,0,0,0,0,0
90,2,263,163.51,76.567,153.13,5,1,0,0,0,0,0,0,0,0,0,0,0,0,0,0,0,0,0,0
90,3,507.51,150.38,100.49,200.99,1,1,0,0,0,0,0,0,0,0,0,0,0,0,0,0,0,0,0,0
90,4,212.56,150.77,77.37,154.74,8,1,0,0,0,0,0,0,0,0,0,0,0,0,0,0,0,0,0,0
90,6,327.87,164.33,84.472,168.94,5,1,0,0,0,0,0,0,0,0,0,0,0,0,0,0,0,0,0,0
91,2,259.63,163,76.583,153.17,5,1,1,2,-3.0852,0.37601,0.02444,0.04888,5,1,297.93,316.16,76.583,153.17,297.93,144.76,144.76,316.16,239.58,392.75
91,3,514.09,149.85,100.61,201.22,1,1,2,2,6.8524,0.56051,0.12818,0.25635,1,1,564.39,351.07,100.61,201.22,564.39,765.61,765.61,351.07,451.68,250.46
91,6,323.97,163.82,84.504,169.01,5,1,3,0,-3.5658,0.41776,0.04582,0.09164,5,1,366.22,332.82,84.504,169.01,366.22,197.21,197.21,332.82,248.32,417.33
91,8,441.85,157.37,83.491,166.98,5,1,4,0,0,0,0,0,0,0,0,0,0,0,0,0,0,0,0,0
92,2,255.23,162.1,76.621,153.24,5,1,0,0,0,0,0,0,0,0,0,0,0,0,0,0,0,0,0,0
92,3,519.55,148.95,100.64,201.29,1,1,0,0,0,0,0,0,0,0,0,0,0,0,0,0,0,0,0,0
92,6,319.05,162.92,84.538,169.08,5,1,0,0,0,0,0,0,0,0,0,0,0,0,0,0,0,0,0,0
92,8,436.74,156.47,83.491,166.98,5,1,0,0,0,0,0,0,0,0,0,0,0,0,0,0,0,0,0,0
93,2,250.92,161.47,76.667,153.33,5,1,0,0,0,0,0,0,0,0,0,0,0,0,0,0,0,0,0,0
93,3,525.17,148.31,100.7,201.4,1,1,0,0,0,0,0,0,0,0,0,0,0,0,0,0,0,0,0,0
93,6,314.22,162.29,84.584,169.17,5,1,0,0,0,0,0,0,0,0,0,0,0,0,0,0,0,0,0,0
93,8,431.77,155.84,83.505,167.01,5,1,0,0,0,0,0,0,0,0,0,0,0,0,0,0,0,0,0,0
94,2,247.5,162.1,76.689,153.38,5,1,0,0,0,0,0,0,0,0,0,0,0,0,0,0,0,0,0,0
94,3,531.77,148.92,100.82,201.64,1,1,0,0,0,0,0,0,0,0,0,0,0,0,0,0,0,0,0,0
94,6,310.25,162.92,84.623,169.25,5,1,0,0,0,0,0,0,0,0,0,0,0,0,0,0,0,0,0,0
94,8,427.69,156.47,83.546,167.09,5,1,0,0,0,0,0,0,0,0,0,0,0,0,0,0,0,0,0,0
95,2,246.16,162.27,76.664,153.33,5,1,0,0,0,0,0,0,0,0,0,0,0,0,0,0,0,0,0,0
95,3,540.75,149.03,101.14,202.28,1,1,0,0,0,0,0,0,0,0,0,0,0,0,0,0,0,0,0,0
95,6,308.28,163.09,84.657,169.31,5,1,0,0,0,0,0,0,0,0,0,0,0,0,0,0,0,0,0,0
95,8,425.69,156.62,83.662,167.32,5,1,0,0,0,0,0,0,0,0,0,0,0,0,0,0,0,0,0,0
96,2,241.26,161.62,76.724,153.45,5,1,0,0,0,0,0,0,0,0,0,0,0,0,0,0,0,0,0,0
96,3,545.76,148.38,101.15,202.29,1,1,0,0,0,0,0,0,0,0,0,0,0,0,0,0,0,0,0,0
96,6,302.85,162.44,84.707,169.41,5,1,0,0,0,0,0,0,0,0,0,0,0,0,0,0,0,0,0,0
96,8,420.15,155.98,83.656,167.31,5,1,0,0,0,0,0,0,0,0,0,0,0,0,0,0,0,0,0,0
97,2,233.41,161.17,76.855,153.71,5,1,0,0,0,0,0,0,0,0,0,0,0,0,0,0,0,0,0,0
97,3,547.42,148,100.87,201.74,1,1,0,0,0,0,0,0,0,0,0,0,0,0,0,0,0,0,0,0
97,6,294.58,161.99,84.774,169.55,5,1,0,0,0,0,0,0,0,0,0,0,0,0,0,0,0,0,0,0
97,8,411.75,155.55,83.558,167.12,5,1,0,0,0,0,0,0,0,0,0,0,0,0,0,0,0,0,0,0
98,2,229.54,159.01,76.892,153.78,5,1,0,0,0,0,0,0,0,0,0,0,0,0,0,0,0,0,0,0
98,3,553.6,145.82,100.96,201.91,1,1,0,0,0,0,0,0,0,0,0,0,0,0,0,0,0,0,0,0
98,6,290.13,159.83,84.824,169.65,5,1,0,0,0,0,0,0,0,0,0,0,0,0,0,0,0,0,0,0
98,8,407.27,153.39,83.593,167.19,5,1,0,0,0,0,0,0,0,0,0,0,0,0,0,0,0,0,0,0
99,2,225.88,158.76,76.918,153.84,5,1,0,0,0,0,0,0,0,0,0,0,0,0,0,0,0,0,0,0
99,3,559.99,145.55,101.06,202.12,1,1,0,0,0,0,0,0,0,0,0,0,0,0,0,0,0,0,0,0
99,6,285.87,159.58,84.866,169.73,5,1,0,0,0,0,0,0,0,0,0,0,0,0,0,0,0,0,0,0
99,8,402.98,153.14,83.626,167.25,5,1,0,0,0,0,0,0,0,0,0,0,0,0,0,0,0,0,0,0
100,2,221.22,158.17,76.972,153.94,5,1,0,0,0,0,0,0,0,0,0,0,0,0,0,0,0,0,0,0
100,3,565.27,144.97,101.06,202.13,1,1,0,0,0,0,0,0,0,0,0,0,0,0,0,0,0,0,0,0
100,6,280.64,159,84.919,169.84,5,1,0,0,0,0,0,0,0,0,0,0,0,0,0,0,0,0,0,0
100,8,397.74,152.55,83.633,167.27,5,1,0,0,0,0,0,0,0,0,0,0,0,0,0,0,0,0,0,0
101,6,275.49,158.46,84.977,169.95,5,1,3,0,-4.8952,-0.44814,0.048914,0.097827,5,1,317.98,328.41,84.977,169.95,317.98,148.02,148.02,328.41,243.44,413.39
101,8,392.6,152.02,83.649,167.3,5,1,4,0,-4.9794,-0.51561,0.014592,0.029184,5,1,434.43,319.32,83.649,167.3,434.43,267.13,267.13,319.32,235.67,402.97
102,6,272.2,158.16,85.009,170.02,5,1,0,0,0,0,0,0,0,0,0,0,0,0,0,0,0,0,0,0
102,8,389.34,151.71,83.712,167.42,5,1,0,0,0,0,0,0,0,0,0,0,0,0,0,0,0,0,0,0
103,6,269.56,159.65,85.026,170.05,5,1,0,0,0,0,0,0,0,0,0,0,0,0,0,0,0,0,0,0
103,8,386.71,153.2,83.785,167.57,5,1,0,0,0,0,0,0,0,0,0,0,0,0,0,0,0,0,0,0
104,6,265,159.55,85.076,170.15,5,1,0,0,0,0,0,0,0,0,0,0,0,0,0,0,0,0,0,0
104,8,382.21,153.09,83.817,167.63,5,1,0,0,0,0,0,0,0,0,0,0,0,0,0,0,0,0,0,0
105,6,260.77,160.34,85.118,170.24,5,1,0,0,0,0,0,0,0,0,0,0,0,0,0,0,0,0,0,0
105,8,378.04,153.88,83.853,167.71,5,1,0,0,0,0,0,0,0,0,0,0,0,0,0,0,0,0,0,0
106,6,254.82,158.96,85.191,170.38,5,1,0,0,0,0,0,0,0,0,0,0,0,0,0,0,0,0,0,0
106,8,372.2,152.51,83.856,167.71,5,1,0,0,0,0,0,0,0,0,0,0,0,0,0,0,0,0,0,0
107,6,250.52,158.03,85.233,170.47,5,1,0,0,0,0,0,0,0,0,0,0,0,0,0,0,0,0,0,0
107,8,368,151.57,83.891,167.78,5,1,0,0,0,0,0,0,0,0,0,0,0,0,0,0,0,0,0,0
108,6,245.45,158.67,85.293,170.59,5,1,0,0,0,0,0,0,0,0,0,0,0,0,0,0,0,0,0,0
108,8,363.05,152.21,83.915,167.83,5,1,0,0,0,0,0,0,0,0,0,0,0,0,0,0,0,0,0,0
109,6,240.73,158.61,85.349,170.7,5,1,0,0,0,0,0,0,0,0,0,0,0,0,0,0,0,0,0,0
109,8,358.47,152.15,83.949,167.9,5,1,0,0,0,0,0,0,0,0,0,0,0,0,0,0,0,0,0,0
110,6,234.17,157.42,85.447,170.89,5,1,0,0,0,0,0,0,0,0,0,0,0,0,0,0,0,0,0,0
110,8,352.14,150.96,83.955,167.91,5,1,0,0,0,0,0,0,0,0,0,0,0,0,0,0,0,0,0,0
111,5,412.52,148.66,74.426,148.85,1,1,1,0,0,0,0,0,0,0,0,0,0,0,0,0,0,0,0,0
111,6,229.03,156.47,85.517,171.03,5,1,2,0,-4.8673,-0.13724,0.05725,0.1145,5,1,271.79,327.5,85.517,171.03,271.79,100.76,100.76,327.5,241.98,413.02
111,7,261.79,143.35,87.644,175.29,5,1,2,0,0,0,0,0,0,0,0,0,0,0,0,0,0,0,0,0
111,8,347.19,150.01,83.988,167.98,5,1,2,0,-4.7692,-0.19663,0.027635,0.05527,5,1,389.19,317.99,83.988,167.98,389.19,221.21,221.21,317.99,234,401.98
111,9,150.99,144.57,82.546,165.09,5,1,2,0,0,0,0,0,0,0,0,0,0,0,0,0,0,0,0,0
112,5,417.02,150.09,74.45,148.9,1,1,0,0,0,0,0,0,0,0,0,0,0,0,0,0,0,0,0,0
112,6,225.21,157.9,85.539,171.08,5,1,0,0,0,0,0,0,0,0,0,0,0,0,0,0,0,0,0,0
112,7,257.85,144.78,87.657,175.31,5,1,0,0,0,0,0,0,0,0,0,0,0,0,0,0,0,0,0,0
112,8,343.51,151.45,84.024,168.05,5,1,0,0,0,0,0,0,0,0,0,0,0,0,0,0,0,0,0,0
112,9,146.9,145.98,82.652,165.3,5,1,0,0,0,0,0,0,0,0,0,0,0,0,0,0,0,0,0,0
113,5,419.32,151.17,74.414,148.83,1,1,0,0,0,0,0,0,0,0,0,0,0,0,0,0,0,0,0,0
113,6,219.09,158.97,85.631,171.26,5,1,0,0,0,0,0,0,0,0,0,0,0,0,0,0,0,0,0,0
113,7,251.68,145.84,87.715,175.43,5,1,0,0,0,0,0,0,0,0,0,0,0,0,0,0,0,0,0,0
113,8,337.65,152.51,84.042,168.08,5,1,0,0,0,0,0,0,0,0,0,0,0,0,0,0,0,0,0,0
113,9,140.3,147.01,82.883,165.77,5,1,0,0,0,0,0,0,0,0,0,0,0,0,0,0,0,0,0,0
114,5,422.64,150.56,74.415,148.83,1,1,0,0,0,0,0,0,0,0,0,0,0,0,0,0,0,0,0,0
114,6,213.97,158.36,85.704,171.41,5,1,0,0,0,0,0,0,0,0,0,0,0,0,0,0,0,0,0,0
114,7,246.51,145.22,87.766,175.53,5,1,0,0,0,0,0,0,0,0,0,0,0,0,0,0,0,0,0,0
114,8,332.79,151.9,84.081,168.16,5,1,0,0,0,0,0,0,0,0,0,0,0,0,0,0,0,0,0,0
114,9,134.79,146.36,83.07,166.14,5,1,0,0,0,0,0,0,0,0,0,0,0,0,0,0,0,0,0,0
115,5,426.03,151.02,74.41,148.82,1,1,0,0,0,0,0,0,0,0,0,0,0,0,0,0,0,0,0,0
115,6,208.92,158.81,85.767,171.53,5,1,0,0,0,0,0,0,0,0,0,0,0,0,0,0,0,0,0,0
115,7,241.42,145.67,87.806,175.61,5,1,0,0,0,0,0,0,0,0,0,0,0,0,0,0,0,0,0,0
115,8,327.98,152.35,84.113,168.23,5,1,0,0,0,0,0,0,0,0,0,0,0,0,0,0,0,0,0,0
115,9,129.34,146.78,83.246,166.49,5,1,0,0,0,0,0,0,0,0,0,0,0,0,0,0,0,0,0,0
116,5,428.34,151.94,74.384,148.77,1,1,0,0,0,0,0,0,0,0,0,0,0,0,0,0,0,0,0,0
116,6,202.68,159.71,85.886,171.77,5,1,0,0,0,0,0,0,0,0,0,0,0,0,0,0,0,0,0,0
116,7,235.2,146.56,87.892,175.78,5,1,0,0,0,0,0,0,0,0,0,0,0,0,0,0,0,0,0,0
116,8,322.11,153.26,84.156,168.31,5,1,0,0,0,0,0,0,0,0,0,0,0,0,0,0,0,0,0,0
116,9,122.57,147.63,83.506,167.01,5,1,0,0,0,0,0,0,0,0,0,0,0,0,0,0,0,0,0,0
117,5,431.17,152.45,74.363,148.73,1,1,0,0,0,0,0,0,0,0,0,0,0,0,0,0,0,0,0,0
117,6,196.98,160.21,85.98,171.96,5,1,0,0,0,0,0,0,0,0,0,0,0,0,0,0,0,0,0,0
117,7,229.53,147.06,87.958,175.92,5,1,0,0,0,0,0,0,0,0,0,0,0,0,0,0,0,0,0,0
117,8,316.76,153.76,84.196,168.39,5,1,0,0,0,0,0,0,0,0,0,0,0,0,0,0,0,0,0,0
117,9,116.38,148.09,83.729,167.46,5,1,0,0,0,0,0,0,0,0,0,0,0,0,0,0,0,0,0,0
118,5,435.13,152.55,74.378,148.76,1,1,0,0,0,0,0,0,0,0,0,0,0,0,0,0,0,0,0,0
118,6,192.43,160.31,86.03,172.06,5,1,0,0,0,0,0,0,0,0,0,0,0,0,0,0,0,0,0,0
118,7,224.98,147.16,87.992,175.98,5,1,0,0,0,0,0,0,0,0,0,0,0,0,0,0,0,0,0,0
118,8,312.48,153.86,84.236,168.47,5,1,0,0,0,0,0,0,0,0,0,0,0,0,0,0,0,0,0,0
118,9,111.47,148.17,83.88,167.76,5,1,0,0,0,0,0,0,0,0,0,0,0,0,0,0,0,0,0,0
119,5,439.81,152.51,74.418,148.84,1,1,0,0,0,0,0,0,0,0,0,0,0,0,0,0,0,0,0,0
119,6,188.62,160.28,86.048,172.1,5,1,0,0,0,0,0,0,0,0,0,0,0,0,0,0,0,0,0,0
119,7,221.17,147.12,88.002,176,5,1,0,0,0,0,0,0,0,0,0,0,0,0,0,0,0,0,0,0
119,8,308.9,153.82,84.273,168.55,5,1,0,0,0,0,0,0,0,0,0,0,0,0,0,0,0,0,0,0
119,9,107.37,148.11,83.981,167.96,5,1,0,0,0,0,0,0,0,0,0,0,0,0,0,0,0,0,0,0
120,5,443.36,152.54,74.428,148.86,1,1,0,0,0,0,0,0,0,0,0,0,0,0,0,0,0,0,0,0
120,6,183.57,160.3,86.123,172.25,5,1,0,0,0,0,0,0,0,0,0,0,0,0,0,0,0,0,0,0
120,7,216.18,147.14,88.057,176.11,5,1,0,0,0,0,0,0,0,0,0,0,0,0,0,0,0,0,0,0
120,8,304.21,153.84,84.32,168.64,5,1,0,0,0,0,0,0,0,0,0,0,0,0,0,0,0,0,0,0
120,9,101.89,148.1,84.168,168.34,5,1,0,0,0,0,0,0,0,0,0,0,0,0,0,0,0,0,0,0
121,5,445.72,153.33,74.392,148.78,1,1,1,0,3.2869,0.31801,-0.0031797,-0.0063594,1,1,482.92,302.12,74.392,148.78,482.92,631.7,631.7,302.12,376.51,227.72
121,6,177.25,161.08,86.25,172.5,5,1,2,0,-5.1878,0.4696,0.075452,0.1509,5,1,220.37,333.58,86.25,172.5,220.37,47.87,47.87,333.58,247.33,419.83
121,7,209.98,147.9,88.152,176.3,5,1,2,0,-5.1918,0.41739,0.052454,0.10491,5,1,254.06,324.21,88.152,176.3,254.06,77.751,77.751,324.21,236.06,412.36
121,8,298.36,154.62,84.373,168.75,5,1,2,0,-4.8994,0.39632,0.039109,0.078219,5,1,340.55,323.37,84.373,168.75,340.55,171.81,171.81,323.37,238.99,407.74
121,9,94.966,148.83,84.441,168.88,5,1,2,0,-5.5596,0.6678,0.19262,0.38524,5,1,137.19,317.71,84.441,168.88,137.19,-31.695,-31.695,317.71,233.27,402.15
122,5,450.01,154.88,74.422,148.84,1,1,0,0,0,0,0,0,0,0,0,0,0,0,0,0,0,0,0,0
122,6,172.93,162.64,86.288,172.58,5,1,0,0,0,0,0,0,0,0,0,0,0,0,0,0,0,0,0,0
122,7,205.74,149.46,88.178,176.36,5,1,0,0,0,0,0,0,0,0,0,0,0,0,0,0,0,0,0,0
122,8,294.37,156.17,84.412,168.82,5,1,0,0,0,0,0,0,0,0,0,0,0,0,0,0,0,0,0,0
122,9,90.292,150.36,84.574,169.15,5,1,0,0,0,0,0,0,0,0,0,0,0,0,0,0,0,0,0,0
123,5,454.5,155.72,74.461,148.92,1,1,0,0,0,0,0,0,0,0,0,0,0,0,0,0,0,0,0,0
123,6,168.81,163.48,86.315,172.63,5,1,0,0,0,0,0,0,0,0,0,0,0,0,0,0,0,0,0,0
123,7,201.7,150.3,88.194,176.39,5,1,0,0,0,0,0,0,0,0,0,0,0,0,0,0,0,0,0,0
123,8,290.56,157.02,84.449,168.9,5,1,0,0,0,0,0,0,0,0,0,0,0,0,0,0,0,0,0,0
123,9,85.837,151.18,84.691,169.38,5,1,0,0,0,0,0,0,0,0,0,0,0,0,0,0,0,0,0,0
124,5,458.46,156.01,74.479,148.96,1,1,0,0,0,0,0,0,0,0,0,0,0,0,0,0,0,0,0,0
124,6,164.11,163.76,86.365,172.73,5,1,0,0,0,0,0,0,0,0,0,0,0,0,0,0,0,0,0,0
124,7,197.12,150.58,88.23,176.46,5,1,0,0,0,0,0,0,0,0,0,0,0,0,0,0,0,0,0,0
124,8,286.24,157.3,84.488,168.98,5,1,0,0,0,0,0,0,0,0,0,0,0,0,0,0,0,0,0,0
124,9,80.721,151.43,84.847,169.69,5,1,0,0,0,0,0,0,0,0,0,0,0,0,0,0,0,0,0,0
125,5,461.92,156.35,74.48,148.96,1,1,0,0,0,0,0,0,0,0,0,0,0,0,0,0,0,0,0,0
125,6,158.86,164.11,86.443,172.89,5,1,0,0,0,0,0,0,0,0,0,0,0,0,0,0,0,0,0,0
125,7,192.03,150.91,88.287,176.57,5,1,0,0,0,0,0,0,0,0,0,0,0,0,0,0,0,0,0,0
125,8,281.44,157.64,84.533,169.07,5,1,0,0,0,0,0,0,0,0,0,0,0,0,0,0,0,0,0,0
125,9,74.973,151.74,85.044,170.09,5,1,0,0,0,0,0,0,0,0,0,0,0,0,0,0,0,0,0,0
126,5,467.42,156.34,74.563,149.13,1,1,0,0,0,0,0,0,0,0,0,0,0,0,0,0,0,0,0,0
126,6,155.74,164.11,86.415,172.83,5,1,0,0,0,0,0,0,0,0,0,0,0,0,0,0,0,0,0,0
126,7,189,150.92,88.26,176.52,5,1,0,0,0,0,0,0,0,0,0,0,0,0,0,0,0,0,0,0
126,8,278.56,157.63,84.555,169.11,5,1,0,0,0,0,0,0,0,0,0,0,0,0,0,0,0,0,0,0
126,9,71.639,151.73,85.082,170.16,5,1,0,0,0,0,0,0,0,0,0,0,0,0,0,0,0,0,0,0
127,5,472.23,155.3,74.623,149.25,1,1,0,0,0,0,0,0,0,0,0,0,0,0,0,0,0,0,0,0
127,6,151.86,163.08,86.424,172.85,5,1,0,0,0,0,0,0,0,0,0,0,0,0,0,0,0,0,0,0
127,7,185.25,149.89,88.263,176.53,5,1,0,0,0,0,0,0,0,0,0,0,0,0,0,0,0,0,0,0
127,8,275.01,156.6,84.585,169.17,5,1,0,0,0,0,0,0,0,0,0,0,0,0,0,0,0,0,0,0
127,9,67.429,150.68,85.177,170.35,5,1,0,0,0,0,0,0,0,0,0,0,0,0,0,0,0,0,0,0
128,5,476.35,156.38,74.656,149.31,1,1,0,0,0,0,0,0,0,0,0,0,0,0,0,0,0,0,0,0
128,6,147.22,164.16,86.469,172.94,5,1,0,0,0,0,0,0,0,0,0,0,0,0,0,0,0,0,0,0
128,7,180.8,150.97,88.296,176.59,5,1,0,0,0,0,0,0,0,0,0,0,0,0,0,0,0,0,0,0
128,8,270.8,157.68,84.624,169.25,5,1,0,0,0,0,0,0,0,0,0,0,0,0,0,0,0,0,0,0
128,9,62.362,151.74,85.326,170.65,5,1,0,0,0,0,0,0,0,0,0,0,0,0,0,0,0,0,0,0
129,5,480.8,156.38,74.702,149.4,1,1,0,0,0,0,0,0,0,0,0,0,0,0,0,0,0,0,0,0
129,6,142.91,164.17,86.494,172.99,5,1,0,0,0,0,0,0,0,0,0,0,0,0,0,0,0,0,0,0
129,7,176.68,150.97,88.311,176.62,5,1,0,0,0,0,0,0,0,0,0,0,0,0,0,0,0,0,0,0
129,8,266.89,157.68,84.655,169.31,5,1,0,0,0,0,0,0,0,0,0,0,0,0,0,0,0,0,0,0
129,9,57.665,151.72,85.447,170.89,5,1,0,0,0,0,0,0,0,0,0,0,0,0,0,0,0,0,0,0
130,5,483.98,156.61,74.692,149.38,1,1,0,0,0,0,0,0,0,0,0,0,0,0,0,0,0,0,0,0
130,6,137.22,164.39,86.589,173.18,5,1,0,0,0,0,0,0,0,0,0,0,0,0,0,0,0,0,0,0
130,7,171.25,151.18,88.384,176.77,5,1,0,0,0,0,0,0,0,0,0,0,0,0,0,0,0,0,0,0
130,8,261.77,157.9,84.705,169.41,5,1,0,0,0,0,0,0,0,0,0,0,0,0,0,0,0,0,0,0
130,9,51.386,151.9,85.673,171.35,5,1,0,0,0,0,0,0,0,0,0,0,0,0,0,0,0,0,0,0
131,4,311.17,150.81,73.13,146.26,8,1,1,0,0,0,0,0,0,0,0,0,0,0,0,0,0,0,0,0
131,5,485.97,155.41,74.628,149.26,1,1,2,0,4.197,0.13419,0.031324,0.062648,1,1,523.29,304.66,74.628,149.26,523.29,672.54,672.54,304.66,379.29,230.03
131,6,130.21,163.17,86.76,173.52,5,1,3,0,-4.5272,0.15805,0.041811,0.083622,5,1,173.59,336.69,86.76,173.52,173.59,0.071482,0.071482,336.69,249.93,423.45
131,7,164.58,149.94,88.521,177.04,5,1,3,0,-4.3684,0.12975,0.029418,0.058836,5,1,208.84,326.99,88.521,177.04,208.84,31.796,31.796,326.99,238.46,415.51
131,8,255.51,156.68,84.784,169.57,5,1,3,0,-4.1234,0.14784,0.03806,0.07612,5,1,297.91,326.25,84.784,169.57,297.91,128.34,128.34,326.25,241.46,411.03
132,4,313.15,150.87,73.038,146.08,8,1,0,0,0,0,0,0,0,0,0,0,0,0,0,0,0,0,0,0
132,5,489.61,155.43,74.64,149.28,1,1,0,0,0,0,0,0,0,0,0,0,0,0,0,0,0,0,0,0
132,6,124.93,163.19,86.843,173.69,5,1,0,0,0,0,0,0,0,0,0,0,0,0,0,0,0,0,0,0
132,7,159.57,149.96,88.586,177.17,5,1,0,0,0,0,0,0,0,0,0,0,0,0,0,0,0,0,0,0
132,8,250.8,156.7,84.839,169.68,5,1,0,0,0,0,0,0,0,0,0,0,0,0,0,0,0,0,0,0
133,4,314.92,152.44,72.942,145.88,8,1,0,0,0,0,0,0,0,0,0,0,0,0,0,0,0,0,0,0
133,5,493.05,156.98,74.639,149.28,1,1,0,0,0,0,0,0,0,0,0,0,0,0,0,0,0,0,0,0
133,6,119.41,164.73,86.935,173.87,5,1,0,0,0,0,0,0,0,0,0,0,0,0,0,0,0,0,0,0
133,7,154.36,151.49,88.659,177.32,5,1,0,0,0,0,0,0,0,0,0,0,0,0,0,0,0,0,0,0
133,8,245.89,158.24,84.894,169.79,5,1,0,0,0,0,0,0,0,0,0,0,0,0,0,0,0,0,0,0
134,4,315.7,152.62,72.851,145.7,8,1,0,0,0,0,0,0,0,0,0,0,0,0,0,0,0,0,0,0
134,5,495.44,157.15,74.59,149.18,1,1,0,0,0,0,0,0,0,0,0,0,0,0,0,0,0,0,0,0
134,6,112.7,164.88,87.1,174.2,5,1,0,0,0,0,0,0,0,0,0,0,0,0,0,0,0,0,0,0
134,7,148.03,151.62,88.794,177.59,5,1,0,0,0,0,0,0,0,0,0,0,0,0,0,0,0,0,0,0
134,8,239.98,158.39,84.981,169.96,5,1,0,0,0,0,0,0,0,0,0,0,0,0,0,0,0,0,0,0
135,4,315.74,152.87,72.757,145.51,8,1,0,0,0,0,0,0,0,0,0,0,0,0,0,0,0,0,0,0
135,5,497.03,157.39,74.497,148.99,1,1,0,0,0,0,0,0,0,0,0,0,0,0,0,0,0,0,0,0
135,6,105.08,165.09,87.321,174.64,5,1,0,0,0,0,0,0,0,0,0,0,0,0,0,0,0,0,0,0
135,7,140.86,151.81,88.976,177.95,5,1,0,0,0,0,0,0,0,0,0,0,0,0,0,0,0,0,0,0
135,8,233.31,158.6,85.089,170.18,5,1,0,0,0,0,0,0,0,0,0,0,0,0,0,0,0,0,0,0
136,4,316.99,152.31,72.66,145.32,8,1,0,0,0,0,0,0,0,0,0,0,0,0,0,0,0,0,0,0
136,5,499.97,156.82,74.467,148.93,1,1,0,0,0,0,0,0,0,0,0,0,0,0,0,0,0,0,0,0
136,6,98.907,164.5,87.459,174.92,5,1,0,0,0,0,0,0,0,0,0,0,0,0,0,0,0,0,0,0
136,7,135.08,151.2,89.09,178.18,5,1,0,0,0,0,0,0,0,0,0,0,0,0,0,0,0,0,0,0
136,8,227.91,158,85.169,170.34,5,1,0,0,0,0,0,0,0,0,0,0,0,0,0,0,0,0,0,0
137,4,318.84,152.37,72.563,145.13,8,1,0,0,0,0,0,0,0,0,0,0,0,0,0,0,0,0,0,0
137,5,503.59,156.85,74.471,148.94,1,1,0,0,0,0,0,0,0,0,0,0,0,0,0,0,0,0,0,0
137,6,93.456,164.53,87.555,175.11,5,1,0,0,0,0,0,0,0,0,0,0,0,0,0,0,0,0,0,0
137,7,130,151.22,89.168,178.34,5,1,0,0,0,0,0,0,0,0,0,0,0,0,0,0,0,0,0,0
137,8,223.14,158.03,85.235,170.47,5,1,0,0,0,0,0,0,0,0,0,0,0,0,0,0,0,0,0,0
138,4,320.03,151.33,72.461,144.92,8,1,0,0,0,0,0,0,0,0,0,0,0,0,0,0,0,0,0,0
138,5,506.5,155.79,74.433,148.87,1,1,0,0,0,0,0,0,0,0,0,0,0,0,0,0,0,0,0,0
138,6,87.204,163.45,87.697,175.39,5,1,0,0,0,0,0,0,0,0,0,0,0,0,0,0,0,0,0,0
138,7,124.18,150.13,89.286,178.57,5,1,0,0,0,0,0,0,0,0,0,0,0,0,0,0,0,0,0,0
138,8,217.7,156.95,85.318,170.64,5,1,0,0,0,0,0,0,0,0,0,0,0,0,0,0,0,0,0,0
139,4,319.74,149.53,72.358,144.72,8,1,0,0,0,0,0,0,0,0,0,0,0,0,0,0,0,0,0,0
139,5,507.78,153.99,74.31,148.62,1,1,0,0,0,0,0,0,0,0,0,0,0,0,0,0,0,0,0,0
139,6,79.073,161.61,87.963,175.93,5,1,0,0,0,0,0,0,0,0,0,0,0,0,0,0,0,0,0,0
139,7,116.6,148.26,89.508,179.02,5,1,0,0,0,0,0,0,0,0,0,0,0,0,0,0,0,0,0,0
139,8,210.71,155.11,85.455,170.91,5,1,0,0,0,0,0,0,0,0,0,0,0,0,0,0,0,0,0,0
140,4,321.64,148.74,72.264,144.53,8,1,0,0,0,0,0,0,0,0,0,0,0,0,0,0,0,0,0,0
140,5,511.55,153.18,74.32,148.64,1,1,0,0,0,0,0,0,0,0,0,0,0,0,0,0,0,0,0,0
140,6,73.663,160.79,88.064,176.13,5,1,0,0,0,0,0,0,0,0,0,0,0,0,0,0,0,0,0,0
140,7,111.6,147.43,89.594,179.19,5,1,0,0,0,0,0,0,0,0,0,0,0,0,0,0,0,0,0,0
140,8,206.03,154.29,85.53,171.06,5,1,0,0,0,0,0,0,0,0,0,0,0,0,0,0,0,0,0,0
141,4,324.69,148.05,72.159,144.32,8,1,1,0,1.0773,-0.62654,-0.097589,-0.19518,8,1,360.77,292.37,72.159,144.32,360.77,564.87,360.77,292.37,292.37,190.32
141,5,516.61,152.45,74.386,148.77,1,1,2,0,2.8071,-0.52288,-0.036986,-0.073973,1,1,553.8,301.22,74.386,148.77,553.8,702.58,702.58,301.22,375.61,226.83
141,7,108.06,146.71,89.579,179.16,5,1,3,0,-5.8501,-0.23874,0.12155,0.24309,5,1,152.85,325.87,89.579,179.16,152.85,-26.31,-26.31,325.87,236.29,415.45
141,8,202.63,153.57,85.547,171.09,5,1,3,0,-5.4761,-0.299,0.084468,0.16894,5,1,245.41,324.66,85.547,171.09,245.41,74.312,74.312,324.66,239.11,410.21
142,4,326.36,149.71,72.06,144.12,8,1,0,0,0,0,0,0,0,0,0,0,0,0,0,0,0,0,0,0
142,5,520.16,154.08,74.379,148.76,1,1,0,0,0,0,0,0,0,0,0,0,0,0,0,0,0,0,0,0
142,7,102.85,148.32,89.672,179.34,5,1,0,0,0,0,0,0,0,0,0,0,0,0,0,0,0,0,0,0
142,8,197.76,155.18,85.623,171.25,5,1,0,0,0,0,0,0,0,0,0,0,0,0,0,0,0,0,0,0
143,4,328.32,149.97,71.958,143.92,8,1,0,0,0,0,0,0,0,0,0,0,0,0,0,0,0,0,0,0
143,5,524.07,154.32,74.388,148.78,1,1,0,0,0,0,0,0,0,0,0,0,0,0,0,0,0,0,0,0
143,7,98.023,148.55,89.74,179.48,5,1,0,0,0,0,0,0,0,0,0,0,0,0,0,0,0,0,0,0
143,8,193.22,155.42,85.686,171.37,5,1,0,0,0,0,0,0,0,0,0,0,0,0,0,0,0,0,0,0
144,4,330.97,151.02,71.862,143.72,8,1,0,0,0,0,0,0,0,0,0,0,0,0,0,0,0,0,0,0
144,5,528.81,155.33,74.444,148.89,1,1,0,0,0,0,0,0,0,0,0,0,0,0,0,0,0,0,0,0
144,7,94.075,149.57,89.755,179.51,5,1,0,0,0,0,0,0,0,0,0,0,0,0,0,0,0,0,0,0
144,8,189.46,156.43,85.721,171.44,5,1,0,0,0,0,0,0,0,0,0,0,0,0,0,0,0,0,0,0
145,4,333.22,150.78,71.762,143.52,8,1,0,0,0,0,0,0,0,0,0,0,0,0,0,0,0,0,0,0
145,5,533.12,155.06,74.475,148.95,1,1,0,0,0,0,0,0,0,0,0,0,0,0,0,0,0,0,0,0
145,7,89.669,149.29,89.797,179.59,5,1,0,0,0,0,0,0,0,0,0,0,0,0,0,0,0,0,0,0
145,8,185.28,156.16,85.77,171.54,5,1,0,0,0,0,0,0,0,0,0,0,0,0,0,0,0,0,0,0
146,4,334.43,149.31,71.655,143.31,8,1,0,0,0,0,0,0,0,0,0,0,0,0,0,0,0,0,0,0
146,5,536.25,153.57,74.436,148.87,1,1,0,0,0,0,0,0,0,0,0,0,0,0,0,0,0,0,0,0
146,7,84.003,147.77,89.916,179.83,5,1,0,0,0,0,0,0,0,0,0,0,0,0,0,0,0,0,0,0
146,8,180,154.65,85.86,171.72,5,1,0,0,0,0,0,0,0,0,0,0,0,0,0,0,0,0,0,0
147,4,336.19,148.99,71.559,143.12,8,1,0,0,0,0,0,0,0,0,0,0,0,0,0,0,0,0,0,0
147,5,540.06,153.23,74.442,148.88,1,1,0,0,0,0,0,0,0,0,0,0,0,0,0,0,0,0,0,0
147,7,79.015,147.41,90.002,180,5,1,0,0,0,0,0,0,0,0,0,0,0,0,0,0,0,0,0,0
147,8,175.32,154.3,85.936,171.87,5,1,0,0,0,0,0,0,0,0,0,0,0,0,0,0,0,0,0,0
148,4,338.38,149.13,71.458,142.92,8,1,0,0,0,0,0,0,0,0,0,0,0,0,0,0,0,0,0,0
148,5,544.38,153.33,74.47,148.94,1,1,0,0,0,0,0,0,0,0,0,0,0,0,0,0,0,0,0,0
148,7,74.611,147.51,90.042,180.08,5,1,0,0,0,0,0,0,0,0,0,0,0,0,0,0,0,0,0,0
148,8,171.14,154.4,85.984,171.97,5,1,0,0,0,0,0,0,0,0,0,0,0,0,0,0,0,0,0,0
149,4,339.44,147.56,71.356,142.71,8,1,0,0,0,0,0,0,0,0,0,0,0,0,0,0,0,0,0,0
149,5,547.42,151.75,74.429,148.86,1,1,0,0,0,0,0,0,0,0,0,0,0,0,0,0,0,0,0,0
149,7,68.769,145.89,90.186,180.37,5,1,0,0,0,0,0,0,0,0,0,0,0,0,0,0,0,0,0,0
149,8,165.72,152.79,86.094,172.19,5,1,0,0,0,0,0,0,0,0,0,0,0,0,0,0,0,0,0,0
150,4,340.98,146.36,71.257,142.51,8,1,0,0,0,0,0,0,0,0,0,0,0,0,0,0,0,0,0,0
150,5,551.06,150.53,74.421,148.84,1,1,0,0,0,0,0,0,0,0,0,0,0,0,0,0,0,0,0,0
150,7,63.565,144.64,90.287,180.57,5,1,0,0,0,0,0,0,0,0,0,0,0,0,0,0,0,0,0,0
150,8,160.85,151.56,86.181,172.36,5,1,0,0,0,0,0,0,0,0,0,0,0,0,0,0,0,0,0,0
151,4,342.71,146.31,71.155,142.31,8,1,1,0,1.7401,-0.67608,-0.10054,-0.20108,8,1,378.29,288.62,71.155,142.31,378.29,579.54,378.29,288.62,288.62,188
151,5,554.92,150.45,74.421,148.84,1,1,2,0,3.8347,-0.4942,0.0032029,0.0064058,1,1,592.13,299.3,74.421,148.84,592.13,740.98,740.98,299.3,373.72,224.88
151,7,58.63,144.55,90.367,180.73,5,1,3,0,-4.9052,-0.35868,0.079201,0.1584,5,1,103.81,325.29,90.367,180.73,103.81,-76.921,-76.921,325.29,234.92,415.66
151,8,156.21,151.48,86.254,172.51,5,1,3,0,-4.6089,-0.36819,0.071082,0.14216,5,1,199.34,323.98,86.254,172.51,199.34,26.827,26.827,323.98,237.73,410.24
152,4,344.53,145.08,71.053,142.11,8,1,0,0,0,0,0,0,0,0,0,0,0,0,0,0,0,0,0,0
152,5,558.93,149.2,74.431,148.86,1,1,0,0,0,0,0,0,0,0,0,0,0,0,0,0,0,0,0,0
152,7,53.846,143.28,90.437,180.87,5,1,0,0,0,0,0,0,0,0,0,0,0,0,0,0,0,0,0,0
152,8,151.7,150.21,86.322,172.64,5,1,0,0,0,0,0,0,0,0,0,0,0,0,0,0,0,0,0,0
153,4,348.48,145.46,70.97,141.94,8,1,0,0,0,0,0,0,0,0,0,0,0,0,0,0,0,0,0,0
153,5,565.53,149.52,74.599,149.2,1,1,0,0,0,0,0,0,0,0,0,0,0,0,0,0,0,0,0,0
153,7,51.889,143.67,90.308,180.62,5,1,0,0,0,0,0,0,0,0,0,0,0,0,0,0,0,0,0,0
153,8,149.62,150.58,86.27,172.54,5,1,0,0,0,0,0,0,0,0,0,0,0,0,0,0,0,0,0,0
154,4,353.09,145.13,70.891,141.78,8,1,0,0,0,0,0,0,0,0,0,0,0,0,0,0,0,0,0,0
154,5,572.98,149.13,74.821,149.64,1,1,0,0,0,0,0,0,0,0,0,0,0,0,0,0,0,0,0,0
154,7,50.886,143.36,90.103,180.21,5,1,0,0,0,0,0,0,0,0,0,0,0,0,0,0,0,0,0,0
154,8,148.36,150.24,86.17,172.34,5,1,0,0,0,0,0,0,0,0,0,0,0,0,0,0,0,0,0,0
155,4,353.22,144.77,70.781,141.56,8,1,0,0,0,0,0,0,0,0,0,0,0,0,0,0,0,0,0,0
155,5,575.05,148.76,74.714,149.43,1,1,0,0,0,0,0,0,0,0,0,0,0,0,0,0,0,0,0,0
155,7,43.929,142.92,90.33,180.66,5,1,0,0,0,0,0,0,0,0,0,0,0,0,0,0,0,0,0,0
155,8,141.97,149.82,86.334,172.67,5,1,0,0,0,0,0,0,0,0,0,0,0,0,0,0,0,0,0,0
156,4,354,144.81,70.674,141.35,8,1,0,0,0,0,0,0,0,0,0,0,0,0,0,0,0,0,0,0
156,5,577.92,148.79,74.653,149.31,1,1,0,0,0,0,0,0,0,0,0,0,0,0,0,0,0,0,0,0
156,7,37.853,142.9,90.494,180.99,5,1,0,0,0,0,0,0,0,0,0,0,0,0,0,0,0,0,0,0
156,8,136.34,149.82,86.461,172.92,5,1,0,0,0,0,0,0,0,0,0,0,0,0,0,0,0,0,0,0
157,4,356.15,144.98,70.574,141.15,8,1,0,0,0,0,0,0,0,0,0,0,0,0,0,0,0,0,0,0
157,5,582.46,148.92,74.693,149.39,1,1,0,0,0,0,0,0,0,0,0,0,0,0,0,0,0,0,0,0
157,7,33.652,143.04,90.517,181.03,5,1,0,0,0,0,0,0,0,0,0,0,0,0,0,0,0,0,0,0
157,8,132.32,149.96,86.498,173,5,1,0,0,0,0,0,0,0,0,0,0,0,0,0,0,0,0,0,0
158,4,356.24,145.59,70.458,140.92,8,1,0,0,0,0,0,0,0,0,0,0,0,0,0,0,0,0,0,0
158,5,584.5,149.52,74.577,149.15,1,1,0,0,0,0,0,0,0,0,0,0,0,0,0,0,0,0,0,0
158,7,26.636,143.57,90.753,181.51,5,1,0,0,0,0,0,0,0,0,0,0,0,0,0,0,0,0,0,0
158,8,125.9,150.51,86.672,173.34,5,1,0,0,0,0,0,0,0,0,0,0,0,0,0,0,0,0,0,0
159,4,355.73,147,70.337,140.67,8,1,0,0,0,0,0,0,0,0,0,0,0,0,0,0,0,0,0,0
159,5,585.8,150.93,74.414,148.83,1,1,0,0,0,0,0,0,0,0,0,0,0,0,0,0,0,0,0,0
159,7,18.733,144.88,91.062,182.12,5,1,0,0,0,0,0,0,0,0,0,0,0,0,0,0,0,0,0,0
159,8,118.74,151.86,86.894,173.79,5,1,0,0,0,0,0,0,0,0,0,0,0,0,0,0,0,0,0,0
160,4,356.67,146.76,70.23,140.46,8,1,0,0,0,0,0,0,0,0,0,0,0,0,0,0,0,0,0,0
160,5,588.91,150.68,74.364,148.73,1,1,0,0,0,0,0,0,0,0,0,0,0,0,0,0,0,0,0,0
160,7,12.836,144.58,91.222,182.44,5,1,0,0,0,0,0,0,0,0,0,0,0,0,0,0,0,0,0,0
160,8,113.3,151.58,87.024,174.05,5,1,0,0,0,0,0,0,0,0,0,0,0,0,0,0,0,0,0,0
161,4,359.11,147.46,70.136,140.27,8,1,1,0,1.2381,0.047542,-0.10472,-0.20945,8,1,394.18,287.73,70.136,140.27,394.18,592.56,394.18,287.73,287.73,188.54
161,5,593.9,151.34,74.436,148.87,1,1,2,0,3.4748,0.18684,-0.02425,-0.048499,1,1,631.12,300.21,74.436,148.87,631.12,779.99,779.99,300.21,374.65,225.78
161,8,109.67,152.25,87.046,174.09,5,1,3,0,-4.9971,0.41594,0.099774,0.19955,5,1,153.2,326.34,87.046,174.09,153.2,-20.895,-20.895,326.34,239.3,413.39
162,4,360.31,146.82,70.029,140.06,8,1,0,0,0,0,0,0,0,0,0,0,0,0,0,0,0,0,0,0
162,5,597.36,150.68,74.407,148.81,1,1,0,0,0,0,0,0,0,0,0,0,0,0,0,0,0,0,0,0
162,8,104.57,151.57,87.156,174.31,5,1,0,0,0,0,0,0,0,0,0,0,0,0,0,0,0,0,0,0
163,4,360.49,146.46,69.916,139.83,8,1,0,0,0,0,0,0,0,0,0,0,0,0,0,0,0,0,0,0
163,5,599.56,150.31,74.299,148.6,1,1,0,0,0,0,0,0,0,0,0,0,0,0,0,0,0,0,0,0
163,8,98.202,151.15,87.349,174.7,5,1,0,0,0,0,0,0,0,0,0,0,0,0,0,0,0,0,0,0
164,4,359.37,145.87,69.787,139.57,8,1,0,0,0,0,0,0,0,0,0,0,0,0,0,0,0,0,0,0
164,5,600.09,149.73,74.08,148.16,1,1,0,0,0,0,0,0,0,0,0,0,0,0,0,0,0,0,0,0
164,8,90.213,150.48,87.647,175.29,5,1,0,0,0,0,0,0,0,0,0,0,0,0,0,0,0,0,0,0
165,4,360.18,145.74,69.676,139.35,8,1,0,0,0,0,0,0,0,0,0,0,0,0,0,0,0,0,0,0
165,5,603.08,149.58,74.019,148.04,1,1,0,0,0,0,0,0,0,0,0,0,0,0,0,0,0,0,0,0
165,8,84.602,150.31,87.798,175.6,5,1,0,0,0,0,0,0,0,0,0,0,0,0,0,0,0,0,0,0
166,4,363.14,145.24,69.584,139.17,8,1,0,0,0,0,0,0,0,0,0,0,0,0,0,0,0,0,0,0
166,5,608.81,149.04,74.136,148.27,1,1,0,0,0,0,0,0,0,0,0,0,0,0,0,0,0,0,0,0
166,8,81.702,149.79,87.771,175.54,5,1,0,0,0,0,0,0,0,0,0,0,0,0,0,0,0,0,0,0
167,4,364.57,145,69.478,138.96,8,1,0,0,0,0,0,0,0,0,0,0,0,0,0,0,0,0,0,0
167,5,612.62,148.78,74.128,148.26,1,1,0,0,0,0,0,0,0,0,0,0,0,0,0,0,0,0,0,0
167,8,76.898,149.51,87.869,175.74,5,1,0,0,0,0,0,0,0,0,0,0,0,0,0,0,0,0,0,0
168,4,364.95,144.23,69.36,138.72,8,1,0,0,0,0,0,0,0,0,0,0,0,0,0,0,0,0,0,0
168,5,615.08,147.99,74.029,148.06,1,1,0,0,0,0,0,0,0,0,0,0,0,0,0,0,0,0,0,0
168,8,70.751,148.68,88.056,176.11,5,1,0,0,0,0,0,0,0,0,0,0,0,0,0,0,0,0,0,0
169,4,366.88,143.77,69.261,138.52,8,1,0,0,0,0,0,0,0,0,0,0,0,0,0,0,0,0,0,0
169,5,619.57,147.5,74.067,148.13,1,1,0,0,0,0,0,0,0,0,0,0,0,0,0,0,0,0,0,0
169,8,66.581,148.19,88.114,176.23,5,1,0,0,0,0,0,0,0,0,0,0,0,0,0,0,0,0,0,0
170,4,368.11,143.69,69.156,138.31,8,1,0,0,0,0,0,0,0,0,0,0,0,0,0,0,0,0,0,0
170,5,623.17,147.39,74.049,148.1,1,1,0,0,0,0,0,0,0,0,0,0,0,0,0,0,0,0,0,0
170,8,61.517,148.06,88.235,176.47,5,1,0,0,0,0,0,0,0,0,0,0,0,0,0,0,0,0,0,0
171,4,367.14,143.42,69.023,138.05,7,1,1,0,0.96398,-0.61453,-0.10943,-0.21886,8,1,401.65,281.46,69.023,138.05,401.65,596.88,401.65,281.46,281.46,183.85
172,4,367.77,144.36,68.906,137.81,7,1,0,0,0,0,0,0,0,0,0,0,0,0,0,0,0,0,0,0
173,4,371.49,144.71,68.82,137.64,7,1,0,0,0,0,0,0,0,0,0,0,0,0,0,0,0,0,0,0
174,4,375.21,145.58,68.75,137.5,7,1,0,0,0,0,0,0,0,0,0,0,0,0,0,0,0,0,0,0
175,4,375.31,145.73,68.629,137.26,7,1,0,0,0,0,0,0,0,0,0,0,0,0,0,0,0,0,0,0
176,4,377.42,147.13,68.532,137.06,7,1,0,0,0,0,0,0,0,0,0,0,0,0,0,0,0,0,0,0
177,4,379.88,147.65,68.44,136.88,7,1,0,0,0,0,0,0,0,0,0,0,0,0,0,0,0,0,0,0
178,4,381.4,147.63,68.334,136.67,7,1,0,0,0,0,0,0,0,0,0,0,0,0,0,0,0,0,0,0
179,4,381.81,146.94,68.214,136.43,7,1,0,0,0,0,0,0,0,0,0,0,0,0,0,0,0,0,0,0
180,4,383.72,147.06,68.119,136.24,7,1,0,0,0,0,0,0,0,0,0,0,0,0,0,0,0,0,0,0
181,4,384.8,147.49,68.009,136.02,7,1,1,0,1.7234,0.14733,-0.10087,-0.20174,7,1,418.81,283.51,68.009,136.02,418.81,554.83,282.79,283.51,215.5,215.5
182,4,385.41,147.01,67.893,135.79,7,1,0,0,0,0,0,0,0,0,0,0,0,0,0,0,0,0,0,0
183,4,386.58,145.65,67.783,135.57,7,1,0,0,0,0,0,0,0,0,0,0,0,0,0,0,0,0,0,0
184,4,389.44,144.91,67.702,135.4,7,1,0,0,0,0,0,0,0,0,0,0,0,0,0,0,0,0,0,0
185,4,391.35,143.19,67.607,135.21,7,1,0,0,0,0,0,0,0,0,0,0,0,0,0,0,0,0,0,0
186,4,390.48,141.45,67.465,134.93,7,1,0,0,0,0,0,0,0,0,0,0,0,0,0,0,0,0,0,0
187,4,390.81,140.47,67.343,134.69,7,1,0,0,0,0,0,0,0,0,0,0,0,0,0,0,0,0,0,0
188,4,392.74,140.06,67.25,134.5,7,1,0,0,0,0,0,0,0,0,0,0,0,0,0,0,0,0,0,0
189,4,393.96,138.34,67.143,134.29,7,1,0,0,0,0,0,0,0,0,0,0,0,0,0,0,0,0,0,0
190,4,394.09,137.41,67.01,134.02,7,1,0,0,0,0,0,0,0,0,0,0,0,0,0,0,0,0,0,0
